Iteration	CPUTime	PhysTime	Travels	Value	AvValue	MinValue	MaxValue	Delta	Criteria	Progress	CriteriaType	CriteriaVarType	CriteriaPercentage
1	14	0	0.00588477191	1.27357742	1.27357742	1.27357742	1.27357742	0	0	0	0	0	0	3
2	18	0	0.0117695438	1.05758311	1.16558027	1.05758311	1.27357742	0.107997158	0	0	0	0	0	3
3	20	0	0.0176543157	1.07877909	1.13664654	1.05758311	1.27357742	0.136930884	0	0	0	0	0	3
4	23	0	0.0235390876	1.03459112	1.11113269	1.03459112	1.27357742	0.162444738	0	0	0	0	0	3
5	26	0	0.0294238596	1.02697622	1.09430139	1.02697622	1.27357742	0.17927603	0	0	0	0	0	3
6	28	0	0.0353086315	1.03046359	1.08366176	1.02697622	1.27357742	0.189915665	0	0	0	0	0	3
7	30	0	0.0411934034	1.02912188	1.07587035	1.02697622	1.27357742	0.197707076	0	0	0	0	0	3
8	33	0	0.0470781753	1.02837895	1.06993392	1.02697622	1.27357742	0.203643501	0	0	0	0	0	3
9	35	0	0.0529629472	1.02710893	1.06517559	1.02697622	1.27357742	0.208401833	0	0	0	0	0	3
10	37	0	0.0588477191	1.02637844	1.06129588	1.02637844	1.27357742	0.212281548	0	0	0	0	0	3
11	39	0	0.064732491	1.01793618	1.05735408	1.01793618	1.27357742	0.216223339	0	0	0	0	0	3
12	41	0	0.0706172629	1.01661669	1.0539593	1.01661669	1.27357742	0.219618122	0	0	0	0	0	3
13	44	0	0.0765020349	1.01506929	1.05096776	1.01506929	1.27357742	0.222609661	0	0	0	0	0	3
14	46	0	0.0823868068	1.01379367	1.04831247	1.01379367	1.27357742	0.225264954	0	0	0	0	0	3
15	48	0	0.0882715787	1.01231235	1.04591246	1.01231235	1.27357742	0.227664962	0	0	0	0	0	3
16	50	0	0.0941563506	0.998932794	1.04297623	0.998932794	1.27357742	0.230601191	0	0	0	0	0	3
17	52	0	0.100041123	0.996950754	1.04026885	0.996950754	1.27357742	0.233308572	0	0	0	0	0	3
18	55	0	0.105925894	0.995152062	1.03776236	0.995152062	1.27357742	0.23581506	0	0	0	0	0	3
19	57	0	0.111810666	0.993130053	1.03541329	0.993130053	1.27357742	0.238164129	0	0	0	0	0	3
20	59	0	0.117695438	0.991399934	1.03321263	0.991399934	1.27357742	0.240364797	0	0	0	0	0	3
21	62	0	0.12358021	0.968610537	1.03013634	0.968610537	1.27357742	0.243441087	0	0	0	0	0	3
22	64	0	0.129464982	0.966349376	1.02723693	0.966349376	1.27357742	0.246340495	0	0	0	0	0	3
23	66	0	0.135349754	0.963730176	1.02447577	0.963730176	1.27357742	0.249101658	0	0	0	0	0	3
24	69	0	0.141234526	0.961642878	1.02185773	0.961642878	1.27357742	0.251719695	0	0	0	0	0	3
25	71	0	0.147119298	0.959375913	1.01935846	0.959375913	1.27357742	0.254218967	0	0	0	0	0	3
26	73	0	0.15300407	0.927702825	1.01583324	0.927702825	1.27357742	0.257744184	0	0	0	0	0	3
27	76	0	0.158888842	0.925157613	1.01247488	0.925157613	1.27357742	0.26110254	0	0	0	0	0	3
28	78	0	0.164773614	0.922984122	1.00927878	0.922984122	1.27357742	0.264298639	0	0	0	0	0	3
29	80	0	0.170658385	0.921081774	1.00623751	0.921081774	1.27357742	0.267339915	0	0	0	0	0	3
30	82	0	0.176543157	0.919451683	1.00334465	0.919451683	1.27357742	0.270232776	0	0	0	0	0	3
31	85	0	0.182427929	0.870126704	0.999047294	0.870126704	1.27357742	0.274530129	0	0	0	0	0	3
32	87	0	0.188312701	0.868582351	0.994970265	0.868582351	1.27357742	0.278607159	0	0	0	0	0	3
33	89	0	0.194197473	0.867326044	0.991102258	0.867326044	1.27357742	0.282475165	0	0	0	0	0	3
34	92	0	0.200082245	0.866382912	0.987434042	0.866382912	1.27357742	0.286143381	0	0	0	0	0	3
35	94	0	0.205967017	0.865575404	0.983952367	0.865575404	1.27357742	0.289625057	0	0	0	0	0	3
36	96	0	0.211851789	0.823298359	0.979489755	0.823298359	1.27357742	0.294087668	0	0	0	0	0	3
37	99	0	0.217736561	0.822838827	0.975255946	0.822838827	1.27357742	0.298321477	0	0	0	0	0	3
38	101	0	0.223621333	0.822535773	0.971236994	0.822535773	1.27357742	0.302340429	0	0	0	0	0	3
39	104	0	0.229506105	0.822322221	0.967418667	0.822322221	1.27357742	0.306158756	0	0	0	0	0	3
40	106	0	0.235390876	0.822190401	0.96378796	0.822190401	1.27357742	0.309789463	0	0	0	0	0	3
41	109	0	0.241275648	0.789456827	0.959535981	0.789456827	1.27357742	0.314041442	0	0	0	0	0	3
42	111	0	0.24716042	0.789778187	0.955494129	0.789456827	1.27357742	0.318083294	0	0	0	0	0	3
43	114	0	0.253045192	0.790100361	0.951647763	0.789456827	1.27357742	0.321929661	0	0	0	0	0	3
44	116	0	0.258929964	0.790326702	0.947981375	0.789456827	1.27357742	0.325596049	0	0	0	0	0	3
45	119	0	0.264814736	0.790549176	0.944482881	0.789456827	1.27357742	0.329094542	0	0	0	0	0	3
46	121	0	0.270699508	0.768767515	0.940662982	0.768767515	1.27357742	0.332914441	0	0	0	0	0	3
47	124	0	0.27658428	0.769059324	0.937011841	0.768767515	1.27357742	0.336565583	0	0	0	0	0	3
48	127	0	0.282469052	0.769293326	0.933517705	0.768767515	1.27357742	0.340059719	0	0	0	0	0	3
49	129	0	0.288353824	0.76944329	0.930169247	0.768767515	1.27357742	0.343408176	0	0	0	0	0	3
50	132	0	0.294238596	0.769570067	0.926957264	0.768767515	1.27357742	0.34662016	0	0	0	0	0	3
51	134	0	0.300123368	0.758787425	0.923659816	0.758787425	1.27357742	0.349917607	0	0	0	0	0	3
52	136	0	0.306008139	0.758906703	0.920491487	0.758787425	1.27357742	0.353085937	0	0	0	0	0	3
53	139	0	0.311892911	0.759065619	0.917445716	0.758787425	1.27357742	0.356131708	0	0	0	0	0	3
54	141	0	0.317777683	0.759238174	0.914515946	0.758787425	1.27357742	0.359061477	0	0	0	0	0	3
55	144	0	0.323662455	0.759362359	0.911694972	0.758787425	1.27357742	0.361882451	0	0	0	0	0	3
56	146	0	0.329547227	0.752159261	0.90884612	0.752159261	1.27357742	0.364731303	0	0	0	0	0	3
57	148	0	0.335431999	0.752452917	0.90610238	0.752159261	1.27357742	0.367475044	0	0	0	0	0	3
58	151	0	0.341316771	0.752718162	0.903457824	0.752159261	1.27357742	0.370119599	0	0	0	0	0	3
59	153	0	0.347201543	0.752966488	0.900907124	0.752159261	1.27357742	0.3726703	0	0	0	0	0	3
60	156	0	0.353086315	0.753181109	0.898445023	0.752159261	1.27357742	0.3751324	0	0	0	0	0	3
61	159	0	0.358971087	0.746010478	0.895946096	0.746010478	1.27357742	0.377631327	0	0	0	0	0	3
62	161	0	0.364855859	0.746130274	0.893529712	0.746010478	1.27357742	0.380047711	0	0	0	0	0	3
63	164	0	0.37074063	0.746171987	0.891190701	0.746010478	1.27357742	0.382386723	0	0	0	0	0	3
64	166	0	0.376625402	0.746138967	0.888924267	0.746010478	1.27357742	0.384653156	0	0	0	0	0	3
65	169	0	0.382510174	0.746050876	0.886726215	0.746010478	1.27357742	0.386851208	0	0	0	0	0	3
66	172	0	0.388394946	0.742593666	0.884542389	0.742593666	1.27357742	0.389035035	0	0	0	0	0	3
67	174	0	0.394279718	0.742521072	0.882422668	0.742521072	1.27357742	0.391154756	0	0	0	0	0	3
68	177	0	0.40016449	0.742422634	0.880363844	0.742422634	1.27357742	0.39321358	0	0	0	0	0	3
69	179	0	0.406049262	0.742344207	0.878363559	0.742344207	1.27357742	0.395213864	0	0	0	0	0	3
70	181	0	0.411934034	0.742232459	0.876418829	0.742232459	1.27357742	0.397158594	0	0	0	0	0	3
71	184	0	0.417818806	0.742100338	0.874527019	0.742100338	1.27357742	0.399050404	0	0	0	0	0	3
72	187	0	0.423703578	0.742106597	0.872687847	0.742100338	1.27357742	0.400889577	0	0	0	0	0	3
73	189	0	0.42958835	0.742147278	0.87089962	0.742100338	1.27357742	0.402677804	0	0	0	0	0	3
74	192	0	0.435473122	0.742158686	0.869159877	0.742100338	1.27357742	0.404417546	0	0	0	0	0	3
75	194	0	0.441357893	0.742119665	0.867466008	0.742100338	1.27357742	0.406111416	0	0	0	0	0	3
76	197	0	0.447242665	0.740333025	0.865793205	0.740333025	1.27357742	0.407784218	0	0	0	0	0	3
77	199	0	0.453127437	0.740360112	0.864164204	0.740333025	1.27357742	0.409413219	0	0	0	0	0	3
78	202	0	0.459012209	0.74040146	0.862577502	0.740333025	1.27357742	0.410999921	0	0	0	0	0	3
79	204	0	0.464896981	0.740433456	0.861031375	0.740333025	1.27357742	0.412546048	0	0	0	0	0	3
80	207	0	0.470781753	0.740380652	0.859523241	0.740333025	1.27357742	0.414054182	0	0	0	0	0	3
81	209	0	0.476666525	0.741997131	0.858072302	0.740333025	1.27357742	0.415505122	0	0	0	0	0	3
82	211	0	0.482551297	0.741977127	0.856656507	0.740333025	1.27357742	0.416920917	0	0	0	0	0	3
83	214	0	0.488436069	0.74198411	0.855274912	0.740333025	1.27357742	0.418302512	0	0	0	0	0	3
84	216	0	0.494320841	0.742014218	0.85392657	0.740333025	1.27357742	0.419650853	0	0	0	0	0	3
85	219	0	0.500205613	0.742005514	0.852609852	0.740333025	1.27357742	0.420967572	0	0	0	0	0	3
86	221	0	0.506090384	0.74307416	0.846368637	0.740333025	1.07877909	0.319211628	0	0	0	0	0	3
87	224	0	0.511975156	0.742925567	0.842666783	0.740333025	1.07877909	0.293979756	0	0	0	0	0	3
88	226	0	0.517859928	0.742779417	0.838713846	0.740333025	1.03459112	0.272418839	0	0	0	0	0	3
89	229	0	0.5237447	0.742622243	0.835278918	0.740333025	1.03046359	0.259022475	0	0	0	0	0	3
90	231	0	0.529629472	0.742476505	0.831931863	0.740333025	1.03046359	0.251729896	0	0	0	0	0	3
91	234	0	0.535514244	0.741618429	0.828533684	0.740333025	1.02912188	0.247336663	0	0	0	0	0	3
92	236	0	0.541399016	0.741600488	0.82515108	0.740333025	1.02837895	0.244782843	0	0	0	0	0	3
93	239	0	0.547283788	0.741552482	0.821776651	0.740333025	1.02710893	0.243398939	0	0	0	0	0	3
94	241	0	0.55316856	0.741513404	0.818416703	0.740333025	1.02637844	0.242879172	0	0	0	0	0	3
95	244	0	0.559053332	0.741525456	0.815065492	0.740333025	1.01793618	0.242288593	0	0	0	0	0	3
96	246	0	0.564938104	0.740658406	0.8118034	0.740333025	1.01661669	0.242155901	0	0	0	0	0	3
97	249	0	0.570822876	0.740747357	0.808557879	0.740333025	1.01506929	0.242409883	0	0	0	0	0	3
98	251	0	0.576707647	0.740843864	0.805331697	0.740333025	1.01379367	0.242980772	0	0	0	0	0	3
99	254	0	0.582592419	0.74089089	0.802121076	0.740333025	1.01231235	0.243791385	0	0	0	0	0	3
100	257	0	0.588477191	0.740960105	0.798928697	0.740333025	0.998932794	0.244047535	0	0	0	0	0	3
101	264	0	0.594361963	0.739242954	0.795873522	0.739242954	0.996950754	0.244395329	0	0	0	0	0	3
102	266	0	0.600246735	0.739357579	0.792843014	0.739242954	0.995152062	0.244919348	0	0	0	0	0	3
103	268	0	0.606131507	0.7393957	0.789834116	0.739242954	0.993130053	0.245579178	0	0	0	0	0	3
104	271	0	0.612016279	0.739439025	0.786849516	0.739242954	0.991399934	0.24636311	0	0	0	0	0	3
105	273	0	0.617901051	0.739477248	0.783885719	0.739242954	0.968610537	0.229367583	0	0	0	0	0	3
106	275	0	0.623785823	0.742768916	0.781228759	0.739242954	0.966349376	0.227106421	0	0	0	0	0	3
107	278	0	0.629670595	0.742854885	0.778599412	0.739242954	0.963730176	0.224487222	0	0	0	0	0	3
108	280	0	0.635555367	0.742938983	0.776001869	0.739242954	0.961642878	0.222399924	0	0	0	0	0	3
109	283	0	0.641440138	0.743012766	0.77342975	0.739242954	0.959375913	0.220132958	0	0	0	0	0	3
110	285	0	0.64732491	0.743018786	0.770884372	0.739242954	0.927702825	0.188459871	0	0	0	0	0	3
111	287	0	0.653209682	0.742100634	0.768700817	0.739242954	0.925157613	0.185914658	0	0	0	0	0	3
112	290	0	0.659094454	0.742094473	0.766547133	0.739242954	0.922984122	0.183741167	0	0	0	0	0	3
113	292	0	0.664979226	0.742090058	0.764418967	0.739242954	0.921081774	0.181838819	0	0	0	0	0	3
114	295	0	0.670863998	0.74210301	0.762313335	0.739242954	0.919451683	0.180208729	0	0	0	0	0	3
115	297	0	0.67674877	0.74209556	0.760226792	0.739242954	0.870126704	0.130883749	0	0	0	0	0	3
116	300	0	0.682633542	0.742290185	0.758722833	0.739242954	0.868582351	0.129339396	0	0	0	0	0	3
117	302	0	0.688518314	0.742209555	0.757236094	0.739242954	0.867326044	0.128083089	0	0	0	0	0	3
118	305	0	0.694403086	0.742102639	0.755762878	0.739242954	0.866382912	0.127139958	0	0	0	0	0	3
119	307	0	0.700287858	0.741977116	0.75429928	0.739242954	0.865575404	0.12633245	0	0	0	0	0	3
120	310	0	0.706172629	0.74188281	0.752844073	0.739242954	0.823298359	0.0840554048	0	0	0	0	0	3
121	312	0	0.712057401	0.74203884	0.751888079	0.739242954	0.822838827	0.0835958729	0	0	0	0	0	3
122	315	0	0.717942173	0.741957518	0.750936534	0.739242954	0.822535773	0.0832928185	0	0	0	0	0	3
123	317	0	0.723826945	0.741838941	0.74998716	0.739242954	0.822322221	0.0830792666	0	0	0	0	0	3
124	320	0	0.729711717	0.741818949	0.749040062	0.739242954	0.822190401	0.0829474464	0	0	0	0	0	3
125	322	0	0.735596489	0.741849612	0.748094876	0.739242954	0.790549176	0.0513062212	0	0	0	0	0	3
126	325	0	0.741481261	0.741570336	0.747531506	0.739242954	0.790549176	0.0513062212	0	0	0	0	0	3
127	327	0	0.747366033	0.74153792	0.746963973	0.739242954	0.790549176	0.0513062212	0	0	0	0	0	3
128	329	0	0.753250805	0.741521514	0.746392458	0.739242954	0.790549176	0.0513062212	0	0	0	0	0	3
129	332	0	0.759135577	0.74151021	0.745818146	0.739242954	0.790549176	0.0513062212	0	0	0	0	0	3
130	334	0	0.765020349	0.741396092	0.745239874	0.739242954	0.769570067	0.0303271126	0	0	0	0	0	3
131	337	0	0.770905121	0.743112444	0.74493805	0.739242954	0.769570067	0.0303271126	0	0	0	0	0	3
132	339	0	0.776789892	0.74303747	0.744631911	0.739242954	0.769570067	0.0303271126	0	0	0	0	0	3
133	341	0	0.782674664	0.743053861	0.744323211	0.739242954	0.769570067	0.0303271126	0	0	0	0	0	3
134	343	0	0.788559436	0.743097224	0.744013257	0.739242954	0.769570067	0.0303271126	0	0	0	0	0	3
135	346	0	0.794444208	0.74317015	0.74370267	0.739242954	0.759362359	0.0201194041	0	0	0	0	0	3
136	348	0	0.80032898	0.741837143	0.743503255	0.739242954	0.759362359	0.0201194041	0	0	0	0	0	3
137	350	0	0.806213752	0.741993027	0.74330427	0.739242954	0.759362359	0.0201194041	0	0	0	0	0	3
138	352	0	0.812098524	0.742203494	0.743105892	0.739242954	0.759362359	0.0201194041	0	0	0	0	0	3
139	355	0	0.817983296	0.742461678	0.742908522	0.739242954	0.759362359	0.0201194041	0	0	0	0	0	3
140	357	0	0.823868068	0.742752052	0.742713107	0.739242954	0.753181109	0.0139381544	0	0	0	0	0	3
141	359	0	0.82975284	0.742630061	0.742600998	0.739242954	0.753181109	0.0139381544	0	0	0	0	0	3
142	361	0	0.835637612	0.74284587	0.742487974	0.739242954	0.753181109	0.0139381544	0	0	0	0	0	3
143	364	0	0.841522383	0.742975594	0.742373356	0.739242954	0.753181109	0.0139381544	0	0	0	0	0	3
144	366	0	0.847407155	0.743112203	0.742257423	0.739242954	0.753181109	0.0139381544	0	0	0	0	0	3
145	369	0	0.853291927	0.743250514	0.742140593	0.739242954	0.746171987	0.00692903235	0	0	0	0	0	3
146	371	0	0.859176699	0.742302913	0.742096974	0.739242954	0.746171987	0.00692903235	0	0	0	0	0	3
147	374	0	0.865061471	0.742441455	0.742053576	0.739242954	0.746171987	0.00692903235	0	0	0	0	0	3
148	377	0	0.870946243	0.742611683	0.74201169	0.739242954	0.746138967	0.00689601253	0	0	0	0	0	3
149	379	0	0.876831015	0.742695314	0.741971177	0.739242954	0.746050876	0.00680792154	0	0	0	0	0	3
150	382	0	0.882715787	0.742781411	0.741932712	0.739242954	0.743250514	0.00400755993	0	0	0	0	0	3
151	384	0	0.888600559	0.739315415	0.741894145	0.739242954	0.743250514	0.00400755993	0	0	0	0	0	3
152	387	0	0.894485331	0.73931914	0.741856475	0.739242954	0.743250514	0.00400755993	0	0	0	0	0	3
153	389	0	0.900370103	0.73927598	0.741819456	0.739242954	0.743250514	0.00400755993	0	0	0	0	0	3
154	392	0	0.906254875	0.739228213	0.741782797	0.739228213	0.743250514	0.00402230126	0	0	0	0	0	3
155	394	0	0.912139646	0.739191997	0.741747027	0.739191997	0.743250514	0.00405851769	0	0	0	0	0	3
156	397	0	0.918024418	0.741471473	0.741739628	0.739191997	0.743250514	0.00405851769	0	0	0	0	0	3
157	399	0	0.92390919	0.741402563	0.741731345	0.739191997	0.743250514	0.00405851769	0	0	0	0	0	3
158	402	0	0.929793962	0.741316532	0.741721572	0.739191997	0.743250514	0.00405851769	0	0	0	0	0	3
159	405	0	0.935678734	0.741259659	0.741710995	0.739191997	0.743250514	0.00405851769	0	0	0	0	0	3
160	407	0	0.941563506	0.741153363	0.741699627	0.739191997	0.743250514	0.00405851769	0	0	0	0	0	3
161	410	0	0.947448278	0.740905351	0.74170636	0.739191997	0.743250514	0.00405851769	0	0	0	0	0	3
162	412	0	0.95333305	0.740800806	0.741711545	0.739191997	0.743250514	0.00405851769	0	0	0	0	0	3
163	414	0	0.959217822	0.74074429	0.741715578	0.739191997	0.743250514	0.00405851769	0	0	0	0	0	3
164	417	0	0.965102594	0.740704505	0.741718767	0.739191997	0.743250514	0.00405851769	0	0	0	0	0	3
165	419	0	0.970987366	0.74063414	0.741721749	0.739191997	0.743250514	0.00405851769	0	0	0	0	0	3
166	421	0	0.976872137	0.741073266	0.74171088	0.739191997	0.743250514	0.00405851769	0	0	0	0	0	3
167	424	0	0.982756909	0.74096428	0.741698964	0.739191997	0.743250514	0.00405851769	0	0	0	0	0	3
168	426	0	0.988641681	0.740865885	0.741685809	0.739191997	0.743250514	0.00405851769	0	0	0	0	0	3
169	428	0	0.994526453	0.740726264	0.741670656	0.739191997	0.743250514	0.00405851769	0	0	0	0	0	3
170	431	0	1.00041123	0.740599708	0.741654117	0.739191997	0.743250514	0.00405851769	0.0101876127	0	100	0	0	3
171	433	0	1.006296	0.741387231	0.741634271	0.739191997	0.743250514	0.00405851769	0.0101876127	0	100	0	0	3
172	436	0	1.01218077	0.742069053	0.741624195	0.739191997	0.743250514	0.00405851769	0.0101876127	0	100	0	0	3
173	438	0	1.01806554	0.741956226	0.74161451	0.739191997	0.743250514	0.00405851769	0.0101876127	0	100	0	0	3
174	440	0	1.02395031	0.74247622	0.741612792	0.739191997	0.743250514	0.00405851769	0.0101876127	0	100	0	0	3
175	443	0	1.02983508	0.741880774	0.741605783	0.739191997	0.743250514	0.00405851769	0.0101876127	0	100	0	0	3
176	445	0	1.03571986	0.74161023	0.741605687	0.739191997	0.743250514	0.00405851769	0.0101876127	0	100	0	0	3
177	448	0	1.04160463	0.742879897	0.741620739	0.739191997	0.743250514	0.00405851769	0.0101876127	0	100	0	0	3
178	450	0	1.0474894	0.741922364	0.74162509	0.739191997	0.743250514	0.00405851769	0.0101876127	0	100	0	0	3
179	453	0	1.05337417	0.743047408	0.741643137	0.739191997	0.743250514	0.00405851769	0.0101876127	0	100	0	0	3
180	455	0	1.05925894	0.741526782	0.741643153	0.739191997	0.743250514	0.00405851769	0.0101876127	0	100	0	0	3
181	458	0	1.06514372	0.742107718	0.741660204	0.739191997	0.743250514	0.00405851769	0.0101876127	0	100	0	0	3
182	460	0	1.07102849	0.741119849	0.741664586	0.739191997	0.743250514	0.00405851769	0.0101876127	0	100	0	0	3
183	463	0	1.07691326	0.741677098	0.741674389	0.739191997	0.743250514	0.00405851769	0.0101876127	0	100	0	0	3
184	465	0	1.08279803	0.740651427	0.741671572	0.739191997	0.743250514	0.00405851769	0.0101876127	0	100	0	0	3
185	468	0	1.0886828	0.742440877	0.741688992	0.739191997	0.743250514	0.00405851769	0.0101876127	0	100	0	0	3
186	471	0	1.09456758	0.74100445	0.741709716	0.739191997	0.743250514	0.00405851769	0.0101876127	0	100	0	0	3
187	473	0	1.10045235	0.742149469	0.741742562	0.739191997	0.743250514	0.00405851769	0.0101876127	0	100	0	0	3
188	475	0	1.10633712	0.740870444	0.741759912	0.739191997	0.743250514	0.00405851769	0.0101876127	0	100	0	0	3
189	478	0	1.11222189	0.742143276	0.741791726	0.739191997	0.743250514	0.00405851769	0.0101876127	0	100	0	0	3
190	480	0	1.11810666	0.741052473	0.741810258	0.739191997	0.743250514	0.00405851769	0.0101876127	0	100	0	0	3
191	482	0	1.12399144	0.741207183	0.741791885	0.739191997	0.743250514	0.00405851769	0.0101876127	0	100	0	0	3
192	484	0	1.12987621	0.741377929	0.741774509	0.739191997	0.743250514	0.00405851769	0.0101876127	0	100	0	0	3
193	486	0	1.13576098	0.742199721	0.741765812	0.739191997	0.743250514	0.00405851769	0.0101876127	0	100	0	0	3
194	489	0	1.14164575	0.741913905	0.741752884	0.739191997	0.743250514	0.00405851769	0.0101876127	0	100	0	0	3
195	491	0	1.14753052	0.741626764	0.741736507	0.739191997	0.743250514	0.00405851769	0.0101876127	0	100	0	0	3
196	493	0	1.15341529	0.741155579	0.741725389	0.739191997	0.743250514	0.00405851769	0.0101876127	0	100	0	0	3
197	495	0	1.15930007	0.740119016	0.741702148	0.739191997	0.743250514	0.00405851769	0.0101876127	0	100	0	0	3
198	497	0	1.16518484	0.740398627	0.741682249	0.739191997	0.743250514	0.00405851769	0.0101876127	0	100	0	0	3
199	500	0	1.17106961	0.740593096	0.741664486	0.739191997	0.743250514	0.00405851769	0.0101876127	0	100	0	0	3
200	502	0	1.17695438	0.741062882	0.741652336	0.739191997	0.743250514	0.00405851769	0.0101876127	0	100	0	0	3
201	509	0	1.18283915	0.74276243	0.741657892	0.739191997	0.743250514	0.00405851769	0.0101876127	0	100	0	0	3
202	511	0	1.18872393	0.742934344	0.741666419	0.739191997	0.743250514	0.00405851769	0.0101876127	0	100	0	0	3
203	513	0	1.1946087	0.743172132	0.741679001	0.739191997	0.743250514	0.00405851769	0.0101876127	0	100	0	0	3
204	515	0	1.20049347	0.74255341	0.741685781	0.739191997	0.743250514	0.00405851769	0.0101876127	0	100	0	0	3
205	517	0	1.20637824	0.74234667	0.741691239	0.739191997	0.743250514	0.00405851769	0.0101876127	0	100	0	0	3
206	520	0	1.21226301	0.740391338	0.741671856	0.739191997	0.743250514	0.00405851769	0.0101876127	0	100	0	0	3
207	522	0	1.21814779	0.74162358	0.741667927	0.739191997	0.743250514	0.00405851769	0.0101876127	0	100	0	0	3
208	524	0	1.22403256	0.741395303	0.741662708	0.739191997	0.743250514	0.00405851769	0.0101876127	0	100	0	0	3
209	526	0	1.22991733	0.741750435	0.741661902	0.739191997	0.743250514	0.00405851769	0.0101876127	0	100	0	0	3
210	528	0	1.2358021	0.741316597	0.741655631	0.739191997	0.743250514	0.00405851769	0.0101876127	0	100	0	0	3
211	530	0	1.24168687	0.740845712	0.741647106	0.739191997	0.743250514	0.00405851769	0.0101876127	0	100	0	0	3
212	533	0	1.24757165	0.741612812	0.741647987	0.739191997	0.743250514	0.00405851769	0.0101876127	0	100	0	0	3
213	535	0	1.25345642	0.741113413	0.741643186	0.739191997	0.743250514	0.00405851769	0.0101876127	0	100	0	0	3
214	537	0	1.25934119	0.742338492	0.741652931	0.739191997	0.743250514	0.00363418736	0.0101876127	0	100	0	0	3
215	539	0	1.26522596	0.741781519	0.741657465	0.739191997	0.743250514	0.00333236299	0.0101876127	0	100	0	0	3
216	541	0	1.27111073	0.742310638	0.741648032	0.739191997	0.743250514	0.00302622353	0.0101876127	0	100	0	0	3
217	544	0	1.2769955	0.74242979	0.741640883	0.739191997	0.743250514	0.00271752394	0.0101876127	0	100	0	0	3
218	546	0	1.28288028	0.742716861	0.741636918	0.739191997	0.743250514	0.00240757022	0.0101876127	0	100	0	0	3
219	549	0	1.28876505	0.740607872	0.741607632	0.739191997	0.743250514	0.00209698297	0.0101876127	0	100	0	0	3
220	551	0	1.29464982	0.742010875	0.741593993	0.739191997	0.743250514	0.00190926154	0.0101876127	0	100	0	0	3
221	554	0	1.30053459	0.741802381	0.741593584	0.739191997	0.743250514	0.00171068609	0.0101876127	0	100	0	0	3
222	556	0	1.30641936	0.741432172	0.741586986	0.739191997	0.743250514	0.00151890644	0.0101876127	0	100	0	0	3
223	559	0	1.31230414	0.741488771	0.741578578	0.739191997	0.743250514	0.00132994441	0.0101876127	0	100	0	0	3
224	561	0	1.31818891	0.741780351	0.741570562	0.739191997	0.743250514	0.00114254465	0.0101876127	0	100	0	0	3
225	564	0	1.32407368	0.741171516	0.741551967	0.739191997	0.743250514	0.00104903097	0.0101876127	0	100	0	0	3
226	566	0	1.32995845	0.741185646	0.741534974	0.739191997	0.743250514	0.000953000008	0.0101876127	0	100	0	0	3
227	569	0	1.33584322	0.741305447	0.741516852	0.739191997	0.743250514	0.000856504181	0.0101876127	0	100	0	0	3
228	571	0	1.341728	0.741356305	0.741497801	0.739191997	0.743250514	0.00075962189	0.0101876127	0	100	0	0	3
229	574	0	1.34761277	0.741411842	0.741477797	0.739191997	0.743250514	0.000662795617	0.0101876127	0	100	0	0	3
230	576	0	1.35349754	0.741738824	0.741460012	0.739191997	0.743172132	0.0006369618	0.0101876127	0	100	0	0	3
231	579	0	1.35938231	0.742961738	0.741467763	0.739191997	0.743172132	0.000593563928	0.0101876127	0	100	0	0	3
232	581	0	1.36526708	0.742799064	0.74147197	0.739191997	0.743172132	0.000551678005	0.0101876127	0	100	0	0	3
233	584	0	1.37115186	0.742755889	0.741473667	0.739191997	0.743172132	0.000511164441	0.0101876127	0	100	0	0	3
234	586	0	1.37703663	0.742679015	0.741473475	0.739191997	0.743172132	0.000472700141	0.0101876127	0	100	0	0	3
235	588	0	1.3829214	0.742857305	0.741474368	0.739191997	0.743172132	0.000434132484	0.0101876127	0	100	0	0	3
236	591	0	1.38880617	0.742027698	0.741506277	0.739191997	0.743172132	0.000396462694	0.0101876127	0	100	0	0	3
237	593	0	1.39469094	0.742930946	0.741548769	0.739191997	0.743172132	0.000359443235	0.0101876127	0	100	0	0	3
238	595	0	1.40057572	0.741257955	0.741572086	0.739191997	0.743172132	0.000350246072	0.0101876127	0	100	0	0	3
239	598	0	1.40646049	0.742369763	0.741609046	0.739191997	0.743172132	0.000350246072	0.0101876127	0	100	0	0	3
240	600	0	1.41234526	0.74241099	0.741646916	0.740119016	0.743172132	0.000350246072	0.0101876127	0	100	0	0	3
241	602	0	1.41823003	0.741458453	0.741646763	0.740119016	0.743172132	0.000350246072	0.0101876127	0	100	0	0	3
242	604	0	1.4241148	0.74112728	0.741643525	0.740119016	0.743172132	0.000350246072	0.0101876127	0	100	0	0	3
243	607	0	1.42999957	0.741773293	0.741648898	0.740119016	0.743172132	0.000350246072	0.0101876127	0	100	0	0	3
244	609	0	1.43588435	0.740887558	0.741644521	0.740119016	0.743172132	0.000350246072	0.0101876127	0	100	0	0	3
245	611	0	1.44176912	0.741875447	0.741653016	0.740119016	0.743172132	0.000350246072	0.0101876127	0	100	0	0	3
246	614	0	1.44765389	0.74191374	0.741664879	0.740119016	0.743172132	0.000350246072	0.0101876127	0	100	0	0	3
247	616	0	1.45353866	0.742765346	0.741687991	0.740119016	0.743172132	0.000350246072	0.0101876127	0	100	0	0	3
248	619	0	1.45942343	0.742504749	0.741708703	0.740119016	0.743172132	0.000350246072	0.0101876127	0	100	0	0	3
249	621	0	1.46530821	0.743925891	0.741746601	0.740119016	0.743925891	0.000350246072	0.0101876127	0	100	0	0	3
250	624	0	1.47119298	0.743950993	0.741785623	0.740119016	0.743950993	0.000350246072	0.0101876127	0	100	0	0	3
251	626	0	1.47707775	0.742809687	0.741806052	0.740119016	0.743950993	0.000350246072	0.0101876127	0	100	0	0	3
252	629	0	1.48296252	0.742033119	0.741818626	0.740119016	0.743950993	0.000358613773	0.0101876127	0	100	0	0	3
253	631	0	1.48884729	0.742580722	0.741838801	0.740119016	0.743950993	0.000378788322	0.0101876127	0	100	0	0	3
254	633	0	1.49473207	0.742434092	0.741858893	0.740119016	0.743950993	0.000398880417	0.0101876127	0	100	0	0	3
255	636	0	1.50061684	0.741187743	0.741865811	0.740119016	0.743950993	0.000405798475	0.0101876127	0	100	0	0	3
256	638	0	1.50650161	0.741722833	0.741869759	0.740119016	0.743950993	0.000409746744	0.0101876127	0	100	0	0	3
257	641	0	1.51238638	0.741533176	0.741863455	0.740119016	0.743950993	0.000409746744	0.0101876127	0	100	0	0	3
258	643	0	1.51827115	0.741482231	0.741857878	0.740119016	0.743950993	0.000409746744	0.0101876127	0	100	0	0	3
259	645	0	1.52415593	0.740881529	0.741839117	0.740119016	0.743950993	0.000409746744	0.0101876127	0	100	0	0	3
260	648	0	1.5300407	0.741789761	0.741838046	0.740119016	0.743950993	0.000409746744	0.0101876127	0	100	0	0	3
261	650	0	1.53592547	0.74095318	0.741830316	0.740119016	0.743950993	0.000409746744	0.0101876127	0	100	0	0	3
262	653	0	1.54181024	0.741758127	0.741817119	0.740119016	0.743950993	0.000409746744	0.0101876127	0	100	0	0	3
263	655	0	1.54769501	0.741271414	0.741809461	0.740119016	0.743950993	0.000409746744	0.0101876127	0	100	0	0	3
264	657	0	1.55357978	0.741966195	0.741796741	0.740119016	0.743950993	0.000409746744	0.0101876127	0	100	0	0	3
265	660	0	1.55946456	0.740200422	0.741781137	0.740119016	0.743950993	0.000409746744	0.0101876127	0	100	0	0	3
266	4264	0	1.56534933	0.741816456	0.74177771	0.740119016	0.743950993	0.000409746744	0.0101876127	0	100	0	0	3
267	4266	0	1.5712341	0.740515779	0.741770603	0.740119016	0.743950993	0.000409746744	0.0101876127	0	100	0	0	3
268	4268	0	1.57711887	0.741568587	0.741769327	0.740119016	0.743950993	0.000409746744	0.0101876127	0	100	0	0	3
269	4271	0	1.58300364	0.741271732	0.741776624	0.740119016	0.743950993	0.000409746744	0.0101876127	0	100	0	0	3
270	4274	0	1.58888842	0.741632004	0.741767108	0.740119016	0.743950993	0.000409746744	0.0101876127	0	100	0	0	3
271	4277	0	1.59477319	0.74135747	0.741771261	0.740119016	0.743950993	0.000409746744	0.0101876127	0	100	0	0	3
272	58057	0	1.60065796	0.742683711	0.741777547	0.740119016	0.743950993	0.000409746744	0.0101876127	0	100	0	0	3
273	58061	0	1.60654273	0.742305959	0.741794435	0.740119016	0.743950993	0.000409746744	0.0101876127	0	100	0	0	3
274	58065	0	1.6124275	0.743131605	0.741806062	0.740119016	0.743950993	0.000409746744	0.0101876127	0	100	0	0	3
275	58069	0	1.61831228	0.742471984	0.741822762	0.740119016	0.743950993	0.000409746744	0.0101876127	0	100	0	0	3
276	58072	0	1.62419705	0.74292857	0.741843014	0.740119016	0.743950993	0.000409746744	0.0101876127	0	100	0	0	3
277	58076	0	1.63008182	0.742260687	0.741853399	0.740119016	0.743950993	0.000409746744	0.0101876127	0	100	0	0	3
278	58080	0	1.63596659	0.74307691	0.741863719	0.740119016	0.743950993	0.000409746744	0.0101876127	0	100	0	0	3
279	58083	0	1.64185136	0.740956517	0.741852456	0.740119016	0.743950993	0.000409746744	0.0101876127	0	100	0	0	3
280	58086	0	1.64773614	0.743381991	0.741873106	0.740119016	0.743950993	0.000413093348	0.0101876127	0	100	0	0	3
281	58089	0	1.65362091	0.740561026	0.741866111	0.740119016	0.743950993	0.000413093348	0.0101876127	0	100	0	0	3
282	58092	0	1.65950568	0.743093852	0.741901109	0.740200422	0.743950993	0.000441096677	0.0101876127	0	100	0	0	3
283	58095	0	1.66539045	0.742290927	0.741923371	0.740200422	0.743950993	0.000463359034	0.0101876127	0	100	0	0	3
284	58098	0	1.67127522	0.74211649	0.741941294	0.740200422	0.743950993	0.000481281318	0.0101876127	0	100	0	0	3
285	58101	0	1.67716	0.741824215	0.741950251	0.740200422	0.743950993	0.000490238176	0.0101876127	0	100	0	0	3
286	58104	0	1.68304477	0.741810729	0.741939054	0.740200422	0.743950993	0.000490238176	0.0101876127	0	100	0	0	3
287	58107	0	1.68892954	0.740952772	0.741915741	0.740200422	0.743950993	0.000490238176	0.0101876127	0	100	0	0	3
288	58110	0	1.69481431	0.741166864	0.74189215	0.740200422	0.743950993	0.000490238176	0.0101876127	0	100	0	0	3
289	58113	0	1.70069908	0.740954881	0.741873344	0.740200422	0.743950993	0.000490238176	0.0101876127	0	100	0	0	3
290	58116	0	1.70658385	0.741698561	0.741865719	0.740200422	0.743950993	0.000490238176	0.0101876127	0	100	0	0	3
291	58118	0	1.71246863	0.742021698	0.7418849	0.740200422	0.743950993	0.000490238176	0.0101876127	0	100	0	0	3
292	58121	0	1.7183534	0.743099197	0.74190226	0.740200422	0.743950993	0.000490238176	0.0101876127	0	100	0	0	3
293	58123	0	1.72423817	0.742848678	0.741919358	0.740200422	0.743950993	0.000490238176	0.0101876127	0	100	0	0	3
294	58126	0	1.73012294	0.742544798	0.741928704	0.740200422	0.743950993	0.000490238176	0.0101876127	0	100	0	0	3
295	58129	0	1.73600771	0.742121067	0.741938168	0.740200422	0.743950993	0.000490238176	0.0101876127	0	100	0	0	3
296	58132	0	1.74189249	0.742208003	0.741954195	0.740200422	0.743950993	0.000494182855	0.0101876127	0	100	0	0	3
297	58134	0	1.74777726	0.741736671	0.741955652	0.740200422	0.743950993	0.000495640012	0.0101876127	0	100	0	0	3
298	58137	0	1.75366203	0.741199256	0.741956662	0.740200422	0.743950993	0.000496649932	0.0101876127	0	100	0	0	3
299	58140	0	1.7595468	0.741880485	0.741951274	0.740200422	0.743950993	0.000496649932	0.0101876127	0	100	0	0	3
300	58142	0	1.76543157	0.740511899	0.741936337	0.740200422	0.743950993	0.000496649932	0.0101876127	0	100	0	0	3
301	58149	0	1.77131635	0.743037575	0.741944889	0.740200422	0.743950993	0.000496649932	0.0101876127	0	100	0	0	3
302	58151	0	1.77720112	0.740877402	0.741926626	0.740200422	0.743950993	0.000496649932	0.0101876127	0	100	0	0	3
303	58154	0	1.78308589	0.742549716	0.74192466	0.740200422	0.743950993	0.000496649932	0.0101876127	0	100	0	0	3
304	58157	0	1.78897066	0.740817095	0.741927121	0.740200422	0.743950993	0.000496649932	0.0101876127	0	100	0	0	3
305	58159	0	1.79485543	0.742116357	0.741928362	0.740200422	0.743950993	0.000496649932	0.0101876127	0	100	0	0	3
306	58162	0	1.80074021	0.740897567	0.741917717	0.740200422	0.743950993	0.000496649932	0.0101876127	0	100	0	0	3
307	58164	0	1.80662498	0.741982777	0.741924195	0.740200422	0.743950993	0.000496649932	0.0101876127	0	100	0	0	3
308	58167	0	1.81250975	0.741797496	0.741927827	0.740200422	0.743950993	0.000496649932	0.0101876127	0	100	0	0	3
309	58169	0	1.81839452	0.74274198	0.74193914	0.740200422	0.743950993	0.000496649932	0.0101876127	0	100	0	0	3
310	58172	0	1.82427929	0.741969098	0.741948524	0.740200422	0.743950993	0.000496649932	0.0101876127	0	100	0	0	3
311	58174	0	1.83016406	0.743060223	0.741970577	0.740200422	0.743950993	0.000510565069	0.0101876127	0	100	0	0	3
312	58177	0	1.83604884	0.742663919	0.741986559	0.740200422	0.743950993	0.00052654709	0.0101876127	0	100	0	0	3
313	58179	0	1.84193361	0.742925895	0.742005025	0.740200422	0.743950993	0.000545012861	0.0101876127	0	100	0	0	3
314	58182	0	1.84781838	0.742335588	0.742015893	0.740200422	0.743950993	0.000555880456	0.0101876127	0	100	0	0	3
315	58184	0	1.85370315	0.74279068	0.742028268	0.740200422	0.743950993	0.000560504355	0.0101876127	0	100	0	0	3
316	58187	0	1.85958792	0.743332289	0.742032627	0.740200422	0.743950993	0.000560656614	0.0101876127	0	100	0	0	3
317	58189	0	1.8654727	0.742897529	0.742033785	0.740200422	0.743950993	0.000560310238	0.0101876127	0	100	0	0	3
318	58192	0	1.87135747	0.743398376	0.742041344	0.740200422	0.743950993	0.000567868909	0.0101876127	0	100	0	0	3
319	58195	0	1.87724224	0.742746797	0.742042142	0.740200422	0.743950993	0.000567773464	0.0101876127	0	100	0	0	3
320	58198	0	1.88312701	0.743672427	0.742051731	0.740200422	0.743950993	0.000545453924	0.0101876127	0	100	0	0	3
321	58200	0	1.88901178	0.741298776	0.742043156	0.740200422	0.743950993	0.000502962083	0.0101876127	0	100	0	0	3
322	58203	0	1.89489656	0.742287644	0.742035587	0.740200422	0.743950993	0.000479644734	0.0101876127	0	100	0	0	3
323	58206	0	1.90078133	0.741502351	0.742038463	0.740200422	0.743950993	0.00044268532	0.0101876127	0	100	0	0	3
324	58208	0	1.9066661	0.741898586	0.742032919	0.740200422	0.743950993	0.000408206612	0.0101876127	0	100	0	0	3
325	58211	0	1.91255087	0.74110271	0.742017528	0.740200422	0.743950993	0.000408206612	0.0101876127	0	100	0	0	3
326	58214	0	1.91843564	0.740195887	0.742002674	0.740195887	0.743950993	0.000408206612	0.0101876127	0	100	0	0	3
327	58216	0	1.92432042	0.740452694	0.741994738	0.740195887	0.743950993	0.0004072106	0.0101876127	0	100	0	0	3
328	58219	0	1.93020519	0.739729633	0.741970695	0.739729633	0.743950993	0.0004072106	0.0101876127	0	100	0	0	3
329	58221	0	1.93608996	0.739946778	0.741959627	0.739729633	0.743950993	0.000398715503	0.0101876127	0	100	0	0	3
330	58224	0	1.94197473	0.740866859	0.741947761	0.739729633	0.743950993	0.000386852101	0.0101876127	0	100	0	0	3
331	58226	0	1.9478595	0.740418734	0.741930173	0.739729633	0.743950993	0.000363739855	0.0101876127	0	100	0	0	3
332	58229	0	1.95374427	0.742282958	0.741924498	0.739729633	0.743950993	0.000343028569	0.0101876127	0	100	0	0	3
333	58231	0	1.95962905	0.740263932	0.741898135	0.739729633	0.743950993	0.000305129913	0.0101876127	0	100	0	0	3
334	58233	0	1.96551382	0.741333887	0.741867641	0.739729633	0.743950993	0.000284623012	0.0101876127	0	100	0	0	3
335	58236	0	1.97139859	0.740589666	0.741828096	0.739729633	0.743672427	0.000284623012	0.0101876127	0	100	0	0	3
336	58238	0	1.97728336	0.741171424	0.741808822	0.739729633	0.743672427	0.000284623012	0.0101876127	0	100	0	0	3
337	58241	0	1.98316813	0.739645722	0.741780735	0.739645722	0.743672427	0.000284623012	0.0101876127	0	100	0	0	3
338	58243	0	1.98905291	0.740672742	0.741758288	0.739645722	0.743672427	0.0002934429	0.0101876127	0	100	0	0	3
339	58246	0	1.99493768	0.740562636	0.741736271	0.739645722	0.743672427	0.000315460026	0.0101876127	0	100	0	0	3
340	58248	0	2.00082245	0.741674755	0.741742001	0.739645722	0.743672427	0.000315460026	0.0101876127	0	100	0	0	3
341	58251	0	2.00670722	0.740875685	0.741732034	0.739645722	0.743672427	0.000319696928	0.0101876127	0	100	0	0	3
342	58253	0	2.01259199	0.741994715	0.741737464	0.739645722	0.743672427	0.000319696928	0.0101876127	0	100	0	0	3
343	58256	0	2.01847677	0.741636169	0.741739275	0.739645722	0.743672427	0.000319696928	0.0101876127	0	100	0	0	3
344	58259	0	2.02436154	0.742010411	0.741752556	0.739645722	0.743672427	0.000319696928	0.0101876127	0	100	0	0	3
345	58262	0	2.03024631	0.740912207	0.741742232	0.739645722	0.743672427	0.000319696928	0.0101876127	0	100	0	0	3
346	58264	0	2.03613108	0.742030434	0.741754906	0.739645722	0.743672427	0.000319696928	0.0101876127	0	100	0	0	3
347	58267	0	2.04201585	0.742163905	0.741759679	0.739645722	0.743672427	0.000319696928	0.0101876127	0	100	0	0	3
348	58270	0	2.04790063	0.742377474	0.741772692	0.739645722	0.743672427	0.000319696928	0.0101876127	0	100	0	0	3
349	58273	0	2.0537854	0.742099734	0.741774263	0.739645722	0.743672427	0.000319696928	0.0101876127	0	100	0	0	3
350	58275	0	2.05967017	0.743072583	0.741808053	0.739645722	0.743672427	0.000319696928	0.0101876127	0	100	0	0	3
351	58278	0	2.06555494	0.74321497	0.741824506	0.739645722	0.743672427	0.000319696928	0.0101876127	0	100	0	0	3
352	58280	0	2.07143971	0.743612998	0.741860944	0.739645722	0.743672427	0.000319696928	0.0101876127	0	100	0	0	3
353	58283	0	2.07732449	0.743275446	0.741881025	0.739645722	0.743672427	0.000319696928	0.0101876127	0	100	0	0	3
354	58285	0	2.08320926	0.742767367	0.74189862	0.739645722	0.743672427	0.000319696928	0.0101876127	0	100	0	0	3
355	58288	0	2.08909403	0.742384968	0.741907479	0.739645722	0.743672427	0.000319696928	0.0101876127	0	100	0	0	3
356	58290	0	2.0949788	0.742774811	0.741924153	0.739645722	0.743672427	0.000319696928	0.0101876127	0	100	0	0	3
357	58293	0	2.10086357	0.742298148	0.741919617	0.739645722	0.743672427	0.000319696928	0.0101876127	0	100	0	0	3
358	58295	0	2.10674834	0.743018512	0.741928	0.739645722	0.743672427	0.000319696928	0.0101876127	0	100	0	0	3
359	58298	0	2.11263312	0.742634035	0.741922147	0.739645722	0.743672427	0.000319696928	0.0101876127	0	100	0	0	3
360	58300	0	2.11851789	0.742503125	0.741922513	0.739645722	0.743672427	0.000319696928	0.0101876127	0	100	0	0	3
361	58303	0	2.12440266	0.74192105	0.74191066	0.739645722	0.743672427	0.000319696928	0.0101876127	0	100	0	0	3
362	58306	0	2.13028743	0.742063755	0.741908343	0.739645722	0.743672427	0.000319696928	0.0101876127	0	100	0	0	3
363	58308	0	2.1361722	0.742777681	0.741904823	0.739645722	0.743672427	0.000319696928	0.0101876127	0	100	0	0	3
364	58311	0	2.14205698	0.74167143	0.741913233	0.739645722	0.743672427	0.000319696928	0.0101876127	0	100	0	0	3
365	58314	0	2.14794175	0.7417291	0.741893788	0.739645722	0.743672427	0.000319696928	0.0101876127	0	100	0	0	3
366	58316	0	2.15382652	0.740936111	0.7418982	0.739645722	0.743672427	0.000319696928	0.0101876127	0	100	0	0	3
367	58319	0	2.15971129	0.740576795	0.741868588	0.739645722	0.743672427	0.000319696928	0.0101876127	0	100	0	0	3
368	58321	0	2.16559606	0.74006651	0.741842418	0.739645722	0.743672427	0.000319696928	0.0101876127	0	100	0	0	3
369	58324	0	2.17148084	0.741232125	0.741832014	0.739645722	0.743672427	0.000319696928	0.0101876127	0	100	0	0	3
370	58327	0	2.17736561	0.740930945	0.741821505	0.739645722	0.743672427	0.000319696928	0.0101876127	0	100	0	0	3
371	58329	0	2.18325038	0.741676997	0.741819932	0.739645722	0.743672427	0.000319696928	0.0101876127	0	100	0	0	3
372	58332	0	2.18913515	0.740152244	0.741810514	0.739645722	0.743672427	0.000319696928	0.0101876127	0	100	0	0	3
373	58335	0	2.19501992	0.742168881	0.741822302	0.739645722	0.743672427	0.000319696928	0.0101876127	0	100	0	0	3
374	58337	0	2.2009047	0.740826425	0.741820791	0.739645722	0.743672427	0.000319696928	0.0101876127	0	100	0	0	3
375	58340	0	2.20678947	0.74083978	0.741810688	0.739645722	0.743672427	0.000319696928	0.0101876127	0	100	0	0	3
376	58342	0	2.21267424	0.741319382	0.741802425	0.739645722	0.743672427	0.000319696928	0.0101876127	0	100	0	0	3
377	58344	0	2.21855901	0.741679735	0.741785725	0.739645722	0.743672427	0.000319696928	0.0101876127	0	100	0	0	3
378	58347	0	2.22444378	0.741672878	0.741771893	0.739645722	0.743672427	0.000319696928	0.0101876127	0	100	0	0	3
379	58349	0	2.23032855	0.742832152	0.741775273	0.739645722	0.743672427	0.000319696928	0.0101876127	0	100	0	0	3
380	58352	0	2.23621333	0.742963217	0.741785181	0.739645722	0.743672427	0.000319696928	0.0101876127	0	100	0	0	3
381	58354	0	2.2420981	0.74299186	0.741794403	0.739645722	0.743672427	0.000319696928	0.0101876127	0	100	0	0	3
382	58357	0	2.24798287	0.742459419	0.741802906	0.739645722	0.743672427	0.000319696928	0.0101876127	0	100	0	0	3
383	58359	0	2.25386764	0.742018118	0.741812539	0.739645722	0.743672427	0.000319696928	0.0101876127	0	100	0	0	3
384	58362	0	2.25975241	0.743020795	0.741825955	0.739645722	0.743672427	0.000319696928	0.0101876127	0	100	0	0	3
385	58365	0	2.26563719	0.741299912	0.741835225	0.739645722	0.743672427	0.000319696928	0.0101876127	0	100	0	0	3
386	58368	0	2.27152196	0.74311513	0.741836138	0.739645722	0.743672427	0.000319696928	0.0101876127	0	100	0	0	3
387	58371	0	2.27740673	0.74230851	0.741852974	0.739645722	0.743672427	0.000319696928	0.0101876127	0	100	0	0	3
388	58373	0	2.2832915	0.742025636	0.741846809	0.739645722	0.743672427	0.000319696928	0.0101876127	0	100	0	0	3
389	58376	0	2.28917627	0.743607756	0.74187964	0.739645722	0.743672427	0.000319696928	0.0101876127	0	100	0	0	3
390	58379	0	2.29506105	0.743240735	0.741892868	0.739645722	0.743672427	0.000319696928	0.0101876127	0	100	0	0	3
391	58381	0	2.30094582	0.741545262	0.741900488	0.739645722	0.743672427	0.000319696928	0.0101876127	0	100	0	0	3
392	58384	0	2.30683059	0.742164417	0.741902625	0.739645722	0.743672427	0.000319696928	0.0101876127	0	100	0	0	3
393	58387	0	2.31271536	0.741782796	0.741902452	0.739645722	0.743672427	0.000319696928	0.0101876127	0	100	0	0	3
394	58390	0	2.31860013	0.741533783	0.741888238	0.739645722	0.743672427	0.000319696928	0.0101876127	0	100	0	0	3
395	58392	0	2.32448491	0.740910883	0.741875788	0.739645722	0.743672427	0.000319696928	0.0101876127	0	100	0	0	3
396	58395	0	2.33036968	0.740503827	0.741845713	0.739645722	0.743672427	0.000319696928	0.0101876127	0	100	0	0	3
397	58397	0	2.33625445	0.741035524	0.741826555	0.739645722	0.743672427	0.000319696928	0.0101876127	0	100	0	0	3
398	58400	0	2.34213922	0.742025289	0.74181596	0.739645722	0.743672427	0.000319696928	0.0101876127	0	100	0	0	3
399	58402	0	2.34802399	0.741371175	0.741804614	0.739645722	0.743672427	0.000319696928	0.0101876127	0	100	0	0	3
400	58405	0	2.35390876	0.742239976	0.741798135	0.739645722	0.743672427	0.000319696928	0.0101876127	0	100	0	0	3
401	58412	0	2.35979354	0.742713222	0.741790852	0.739645722	0.743672427	0.000319696928	0.0101876127	0	100	0	0	3
402	58415	0	2.36567831	0.742649385	0.741787933	0.739645722	0.743672427	0.000319696928	0.0101876127	0	100	0	0	3
403	58418	0	2.37156308	0.743044345	0.741783768	0.739645722	0.743672427	0.000319696928	0.0101876127	0	100	0	0	3
404	58420	0	2.37744785	0.740751603	0.741760295	0.739645722	0.743672427	0.000319696928	0.0101876127	0	100	0	0	3
405	58423	0	2.38333262	0.741704755	0.741737146	0.739645722	0.743612998	0.000311121376	0.0101876127	0	100	0	0	3
406	58426	0	2.3892174	0.740920097	0.741732691	0.739645722	0.743612998	0.00030642836	0.0101876127	0	100	0	0	3
407	58428	0	2.39510217	0.740524701	0.74171195	0.739645722	0.743612998	0.000326512487	0.0101876127	0	100	0	0	3
408	58431	0	2.40098694	0.741306939	0.741709651	0.739645722	0.743612998	0.00032326818	0.0101876127	0	100	0	0	3
409	58433	0	2.40687171	0.741467302	0.741704577	0.739645722	0.743612998	0.000312950582	0.0101876127	0	100	0	0	3
410	58436	0	2.41275648	0.74148391	0.741709062	0.739645722	0.743612998	0.000298096866	0.0101876127	0	100	0	0	3
411	58438	0	2.41864126	0.741962448	0.741729845	0.739645722	0.743612998	0.000290160567	0.0101876127	0	100	0	0	3
412	58441	0	2.42452603	0.742136831	0.741749658	0.739645722	0.743612998	0.000266117502	0.0101876127	0	100	0	0	3
413	58443	0	2.4304108	0.741971965	0.741776039	0.739645722	0.743612998	0.000255049508	0.0101876127	0	100	0	0	3
414	58446	0	2.43629557	0.742596595	0.741807213	0.739645722	0.743612998	0.000243183768	0.0101876127	0	100	0	0	3
415	58448	0	2.44218034	0.742406436	0.741825326	0.739645722	0.743612998	0.000225595462	0.0101876127	0	100	0	0	3
416	58450	0	2.44806512	0.741971032	0.741843588	0.739645722	0.743612998	0.000223423126	0.0101876127	0	100	0	0	3
417	58453	0	2.45394989	0.741322271	0.741832286	0.739645722	0.743612998	0.000223423126	0.0101876127	0	100	0	0	3
418	58455	0	2.45983466	0.74101861	0.741841164	0.739645722	0.743612998	0.000223423126	0.0101876127	0	100	0	0	3
419	58457	0	2.46571943	0.74076211	0.741834438	0.739645722	0.743612998	0.000223423126	0.0101876127	0	100	0	0	3
420	58460	0	2.4716042	0.740904068	0.741838136	0.739645722	0.743612998	0.000223423126	0.0101876127	0	100	0	0	3
421	58463	0	2.47748898	0.741416721	0.741841022	0.739645722	0.743612998	0.000223423126	0.0101876127	0	100	0	0	3
422	58465	0	2.48337375	0.740783959	0.741854413	0.74006651	0.743612998	0.000223423126	0.0101876127	0	100	0	0	3
423	58467	0	2.48925852	0.740798935	0.741855898	0.74006651	0.743612998	0.000223423126	0.0101876127	0	100	0	0	3
424	58470	0	2.49514329	0.741190533	0.741863285	0.74006651	0.743612998	0.000223423126	0.0101876127	0	100	0	0	3
425	58473	0	2.50102806	0.741031647	0.741855719	0.74006651	0.743612998	0.000223423126	0.0101876127	0	100	0	0	3
426	58475	0	2.50691283	0.740499848	0.741851297	0.74006651	0.743612998	0.000223423126	0.0101876127	0	100	0	0	3
427	58478	0	2.51279761	0.741069841	0.741840417	0.74006651	0.743612998	0.000223423126	0.0101876127	0	100	0	0	3
428	58480	0	2.51868238	0.741110274	0.74183423	0.74006651	0.743612998	0.000223423126	0.0101876127	0	100	0	0	3
429	58483	0	2.52456715	0.740996165	0.741822297	0.74006651	0.743612998	0.000223423126	0.0101876127	0	100	0	0	3
430	58485	0	2.53045192	0.741198587	0.741825666	0.74006651	0.743612998	0.000223423126	0.0101876127	0	100	0	0	3
431	58488	0	2.53633669	0.741869011	0.741823767	0.74006651	0.743612998	0.000223423126	0.0101876127	0	100	0	0	3
432	58490	0	2.54222147	0.741268268	0.74181323	0.74006651	0.743612998	0.000223423126	0.0101876127	0	100	0	0	3
433	58493	0	2.54810624	0.740987537	0.741796878	0.74006651	0.743612998	0.000223423126	0.0101876127	0	100	0	0	3
434	58495	0	2.55399101	0.740973836	0.741783632	0.74006651	0.743612998	0.000223423126	0.0101876127	0	100	0	0	3
435	58498	0	2.55987578	0.738580662	0.741730786	0.738580662	0.743612998	0.000223423126	0.0101876127	0	100	0	0	3
436	58500	0	2.56576055	0.73958439	0.741688074	0.738580662	0.743612998	0.000239926856	0.0101876127	0	100	0	0	3
437	58503	0	2.57164533	0.740569619	0.741652269	0.738580662	0.743607756	0.000275731309	0.0101876127	0	100	0	0	3
438	58505	0	2.5775301	0.740668556	0.7416216	0.738580662	0.743607756	0.000306400603	0.0101876127	0	100	0	0	3
439	58508	0	2.58341487	0.741609546	0.741607978	0.738580662	0.743607756	0.000320022036	0.0101876127	0	100	0	0	3
440	58510	0	2.58929964	0.7411194	0.741593089	0.738580662	0.743607756	0.00033491108	0.0101876127	0	100	0	0	3
441	58513	0	2.59518441	0.742938751	0.741595018	0.738580662	0.743607756	0.00033491108	0.0101876127	0	100	0	0	3
442	58516	0	2.60106919	0.741449612	0.741585035	0.738580662	0.743607756	0.000342965155	0.0101876127	0	100	0	0	3
443	58518	0	2.60695396	0.743270554	0.741588	0.738580662	0.743607756	0.00033747776	0.0101876127	0	100	0	0	3
444	58521	0	2.61283873	0.743214946	0.741594835	0.738580662	0.743607756	0.00033747776	0.0101876127	0	100	0	0	3
445	58523	0	2.6187235	0.742854223	0.741598965	0.738580662	0.743607756	0.000328198152	0.0101876127	0	100	0	0	3
446	58526	0	2.62460827	0.74274462	0.741608654	0.738580662	0.743607756	0.000328198152	0.0101876127	0	100	0	0	3
447	58529	0	2.63049304	0.7415333	0.741602414	0.738580662	0.743607756	0.000328198152	0.0101876127	0	100	0	0	3
448	58531	0	2.63637782	0.741068498	0.741582306	0.738580662	0.743607756	0.000330927787	0.0101876127	0	100	0	0	3
449	58534	0	2.64226259	0.742282748	0.741589498	0.738580662	0.743607756	0.000320319311	0.0101876127	0	100	0	0	3
450	58536	0	2.64814736	0.74158092	0.741587754	0.738580662	0.743607756	0.000320319311	0.0101876127	0	100	0	0	3
451	58539	0	2.65403213	0.74187608	0.741598813	0.738580662	0.743607756	0.000320319311	0.0101876127	0	100	0	0	3
452	58542	0	2.6599169	0.743194722	0.741629612	0.738580662	0.743607756	0.000320319311	0.0101876127	0	100	0	0	3
453	58544	0	2.66580168	0.741721537	0.741649083	0.738580662	0.743607756	0.000320319311	0.0101876127	0	100	0	0	3
454	58547	0	2.67168645	0.74280565	0.741667595	0.738580662	0.743607756	0.000320319311	0.0101876127	0	100	0	0	3
455	58549	0	2.67757122	0.741078579	0.741669332	0.738580662	0.743607756	0.000320319311	0.0101876127	0	100	0	0	3
456	58552	0	2.68345599	0.742506014	0.741679085	0.738580662	0.743607756	0.000320319311	0.0101876127	0	100	0	0	3
457	58554	0	2.68934076	0.741159441	0.741690934	0.738580662	0.743607756	0.000320319311	0.0101876127	0	100	0	0	3
458	58557	0	2.69522554	0.742864681	0.74169912	0.738580662	0.743607756	0.000320319311	0.0101876127	0	100	0	0	3
459	58559	0	2.70111031	0.741120891	0.741702584	0.738580662	0.743607756	0.000320319311	0.0101876127	0	100	0	0	3
460	58562	0	2.70699508	0.740972419	0.741704145	0.738580662	0.743607756	0.000320319311	0.0101876127	0	100	0	0	3
461	58564	0	2.71287985	0.740338969	0.741692611	0.738580662	0.743607756	0.000320319311	0.0101876127	0	100	0	0	3
462	58566	0	2.71876462	0.740744162	0.741681604	0.738580662	0.743607756	0.000320319311	0.0101876127	0	100	0	0	3
463	58569	0	2.7246494	0.74072947	0.741670505	0.738580662	0.743607756	0.000320319311	0.0101876127	0	100	0	0	3
464	58571	0	2.73053417	0.741254279	0.741651942	0.738580662	0.743607756	0.000320319311	0.0101876127	0	100	0	0	3
465	58574	0	2.73641894	0.741321915	0.741632632	0.738580662	0.743607756	0.000320319311	0.0101876127	0	100	0	0	3
466	58576	0	2.74230371	0.743097823	0.741633879	0.738580662	0.743607756	0.000320319311	0.0101876127	0	100	0	0	3
467	58579	0	2.74818848	0.741754719	0.741625588	0.738580662	0.743607756	0.000320319311	0.0101876127	0	100	0	0	3
468	58581	0	2.75407326	0.742779563	0.741634546	0.738580662	0.743607756	0.000320319311	0.0101876127	0	100	0	0	3
469	58584	0	2.75995803	0.742689797	0.741630652	0.738580662	0.743607756	0.000320319311	0.0101876127	0	100	0	0	3
470	58587	0	2.7658428	0.742434793	0.741644004	0.738580662	0.743607756	0.000320319311	0.0101876127	0	100	0	0	3
471	58589	0	2.77172757	0.741391907	0.741623731	0.738580662	0.743607756	0.000320319311	0.0101876127	0	100	0	0	3
472	58592	0	2.77761234	0.740910088	0.741607279	0.738580662	0.743607756	0.000320319311	0.0101876127	0	100	0	0	3
473	58594	0	2.78349711	0.741546125	0.741601637	0.738580662	0.743607756	0.000320319311	0.0101876127	0	100	0	0	3
474	58596	0	2.78938189	0.740711085	0.741567559	0.738580662	0.743270554	0.000335066047	0.0101876127	0	100	0	0	3
475	58599	0	2.79526666	0.741067418	0.74154199	0.738580662	0.743270554	0.000360634485	0.0101876127	0	100	0	0	3
476	58601	0	2.80115143	0.740965101	0.741535165	0.738580662	0.743270554	0.000367459908	0.0101876127	0	100	0	0	3
477	58603	0	2.8070362	0.741982458	0.741533024	0.738580662	0.743270554	0.000369427664	0.0101876127	0	100	0	0	3
478	58606	0	2.81292097	0.742414466	0.741540456	0.738580662	0.743270554	0.00035521358	0.0101876127	0	100	0	0	3
479	58608	0	2.81880575	0.741818979	0.741543811	0.738580662	0.743270554	0.000342763994	0.0101876127	0	100	0	0	3
480	58611	0	2.82469052	0.740849723	0.741543091	0.738580662	0.743270554	0.000330260724	0.0101876127	0	100	0	0	3
481	58613	0	2.83057529	0.740098845	0.741538327	0.738580662	0.743270554	0.000330260724	0.0101876127	0	100	0	0	3
482	58616	0	2.83646006	0.74025685	0.741529166	0.738580662	0.743270554	0.000334118967	0.0101876127	0	100	0	0	3
483	58618	0	2.84234483	0.740029276	0.741505684	0.738580662	0.743270554	0.000357601473	0.0101876127	0	100	0	0	3
484	58620	0	2.84822961	0.740233655	0.741492301	0.738580662	0.743270554	0.000370984064	0.0101876127	0	100	0	0	3
485	58623	0	2.85411438	0.740056778	0.741466616	0.738580662	0.743270554	0.000396668745	0.0101876127	0	100	0	0	3
486	58625	0	2.85999915	0.741390963	0.74145106	0.738580662	0.743270554	0.000412224732	0.0101876127	0	100	0	0	3
487	58628	0	2.86588392	0.74115859	0.741433522	0.738580662	0.743270554	0.000429763495	0.0101876127	0	100	0	0	3
488	58631	0	2.87176869	0.741750801	0.741418303	0.738580662	0.743270554	0.000444981652	0.0101876127	0	100	0	0	3
489	58633	0	2.87765347	0.741815697	0.741430822	0.738580662	0.743270554	0.000444981652	0.0101876127	0	100	0	0	3
490	58636	0	2.88353824	0.741838998	0.741432401	0.738580662	0.743270554	0.000444981652	0.0101876127	0	100	0	0	3
491	58638	0	2.88942301	0.741928396	0.741444264	0.738580662	0.743270554	0.000444981652	0.0101876127	0	100	0	0	3
492	58641	0	2.89530778	0.74144708	0.741455115	0.738580662	0.743270554	0.000444981652	0.0101876127	0	100	0	0	3
493	58643	0	2.90119255	0.742199186	0.741465612	0.738580662	0.743270554	0.000444981652	0.0101876127	0	100	0	0	3
494	58646	0	2.90707732	0.741268816	0.741463277	0.738580662	0.743270554	0.000444981652	0.0101876127	0	100	0	0	3
495	58649	0	2.9129621	0.741424097	0.741462573	0.738580662	0.743270554	0.000444981652	0.0101876127	0	100	0	0	3
496	58651	0	2.91884687	0.741297202	0.741454747	0.738580662	0.743270554	0.000444981652	0.0101876127	0	100	0	0	3
497	58654	0	2.92473164	0.74184612	0.741451327	0.738580662	0.743270554	0.000444981652	0.0101876127	0	100	0	0	3
498	58656	0	2.93061641	0.741339902	0.741443891	0.738580662	0.743270554	0.000444981652	0.0101876127	0	100	0	0	3
499	58659	0	2.93650118	0.74214013	0.741438521	0.738580662	0.743270554	0.000444981652	0.0101876127	0	100	0	0	3
500	58661	0	2.94238596	0.74157725	0.741428766	0.738580662	0.743270554	0.000444981652	0.0101876127	0	100	0	0	3
501	58668	0	2.94827073	0.740867563	0.741415784	0.738580662	0.743270554	0.000447501388	0.0101876127	0	100	0	0	3
502	58671	0	2.9541555	0.740672872	0.741408144	0.738580662	0.743270554	0.000455141381	0.0101876127	0	100	0	0	3
503	58673	0	2.96004027	0.740739111	0.741404855	0.738580662	0.743270554	0.000458429606	0.0101876127	0	100	0	0	3
504	58676	0	2.96592504	0.741033003	0.741408042	0.738580662	0.743270554	0.000458429606	0.0101876127	0	100	0	0	3
505	58678	0	2.97180982	0.741088164	0.741410208	0.738580662	0.743270554	0.000458429606	0.0101876127	0	100	0	0	3
506	58680	0	2.97769459	0.739936333	0.741392792	0.738580662	0.743270554	0.000470493114	0.0101876127	0	100	0	0	3
507	58683	0	2.98357936	0.740115101	0.741384923	0.738580662	0.743270554	0.000478362041	0.0101876127	0	100	0	0	3
508	58685	0	2.98946413	0.739999084	0.741375513	0.738580662	0.743270554	0.00048777206	0.0101876127	0	100	0	0	3
509	58688	0	2.9953489	0.739682297	0.741357769	0.738580662	0.743270554	0.000497950038	0.0101876127	0	100	0	0	3
510	58690	0	3.00123368	0.739652583	0.741341545	0.738580662	0.743270554	0.000509752721	0.0101876127	0	100	0	0	3
511	58693	0	3.00711845	0.741179706	0.741349543	0.738580662	0.743270554	0.000498871847	0.0101876127	0	100	0	0	3
512	58695	0	3.01300322	0.740586601	0.741343858	0.738580662	0.743270554	0.000492684849	0.0101876127	0	100	0	0	3
513	58698	0	3.01888799	0.741473607	0.741348132	0.738580662	0.743270554	0.000484121714	0.0101876127	0	100	0	0	3
514	58700	0	3.02477276	0.740762544	0.741345384	0.738580662	0.743270554	0.000484121714	0.0101876127	0	100	0	0	3
515	58703	0	3.03065753	0.741666993	0.741350895	0.738580662	0.743270554	0.000482222621	0.0101876127	0	100	0	0	3
516	58705	0	3.03654231	0.740977335	0.741340404	0.738580662	0.743270554	0.000472826167	0.0101876127	0	100	0	0	3
517	58708	0	3.04242708	0.742754689	0.741357892	0.738580662	0.743270554	0.000456473969	0.0101876127	0	100	0	0	3
518	58711	0	3.04831185	0.74174493	0.741366802	0.738580662	0.743270554	0.000443228111	0.0101876127	0	100	0	0	3
519	58713	0	3.05419662	0.742466214	0.741384359	0.738580662	0.743270554	0.000390381977	0.0101876127	0	100	0	0	3
520	58716	0	3.06008139	0.743129416	0.741437874	0.73958439	0.743270554	0.00036374058	0.0101876127	0	100	0	0	3
521	58718	0	3.06596617	0.741606906	0.741461669	0.739652583	0.743270554	0.00036374058	0.0101876127	0	100	0	0	3
522	58721	0	3.07185094	0.742784043	0.741487721	0.739652583	0.743270554	0.00036374058	0.0101876127	0	100	0	0	3
523	58723	0	3.07773571	0.741409632	0.741496439	0.739652583	0.743270554	0.00036374058	0.0101876127	0	100	0	0	3
524	58726	0	3.08362048	0.742782741	0.741510241	0.739652583	0.743270554	0.00036374058	0.0101876127	0	100	0	0	3
525	58729	0	3.08950525	0.741341841	0.741512858	0.739652583	0.743270554	0.00036374058	0.0101876127	0	100	0	0	3
526	58731	0	3.09539003	0.742687484	0.741509902	0.739652583	0.743270554	0.00036374058	0.0101876127	0	100	0	0	3
527	58734	0	3.1012748	0.741150726	0.741506386	0.739652583	0.743270554	0.00036374058	0.0101876127	0	100	0	0	3
528	58736	0	3.10715957	0.74071343	0.741476302	0.739652583	0.743214946	0.00036374058	0.0101876127	0	100	0	0	3
529	58739	0	3.11304434	0.740584731	0.741445358	0.739652583	0.743194722	0.00036374058	0.0101876127	0	100	0	0	3
530	58742	0	3.11892911	0.742037862	0.741435754	0.739652583	0.743194722	0.00036374058	0.0101876127	0	100	0	0	3
531	58744	0	3.12481389	0.742180321	0.741429115	0.739652583	0.743194722	0.00036374058	0.0101876127	0	100	0	0	3
532	58747	0	3.13069866	0.7425715	0.74144133	0.739652583	0.743194722	0.00036374058	0.0101876127	0	100	0	0	3
533	58750	0	3.13658343	0.742478436	0.741457917	0.739652583	0.743194722	0.00036374058	0.0101876127	0	100	0	0	3
534	58752	0	3.1424682	0.742343524	0.741458632	0.739652583	0.743194722	0.00036374058	0.0101876127	0	100	0	0	3
535	58755	0	3.14835297	0.74196828	0.741463189	0.739652583	0.743194722	0.00036374058	0.0101876127	0	100	0	0	3
536	58757	0	3.15423775	0.742690007	0.741472765	0.739652583	0.743194722	0.00036374058	0.0101876127	0	100	0	0	3
537	58760	0	3.16012252	0.741466903	0.741452438	0.739652583	0.743129416	0.00036374058	0.0101876127	0	100	0	0	3
538	58762	0	3.16600729	0.741077903	0.741444865	0.739652583	0.743129416	0.00036374058	0.0101876127	0	100	0	0	3
539	58765	0	3.17189206	0.741219649	0.741426207	0.739652583	0.743129416	0.00036374058	0.0101876127	0	100	0	0	3
540	58768	0	3.17777683	0.741934783	0.74143628	0.739652583	0.743129416	0.00036374058	0.0101876127	0	100	0	0	3
541	58770	0	3.1836616	0.742527552	0.741436533	0.739652583	0.743129416	0.00036374058	0.0101876127	0	100	0	0	3
542	58772	0	3.18954638	0.742530897	0.741452668	0.739652583	0.743129416	0.00036374058	0.0101876127	0	100	0	0	3
543	58775	0	3.19543115	0.742289616	0.741445902	0.739652583	0.743129416	0.00036374058	0.0101876127	0	100	0	0	3
544	58777	0	3.20131592	0.741081808	0.741445442	0.739652583	0.743129416	0.00036374058	0.0101876127	0	100	0	0	3
545	58780	0	3.20720069	0.742436078	0.741462662	0.739652583	0.743129416	0.00035220631	0.0101876127	0	100	0	0	3
546	58782	0	3.21308546	0.740529751	0.741464906	0.739652583	0.743129416	0.000341199561	0.0101876127	0	100	0	0	3
547	58785	0	3.21897024	0.740708568	0.741464488	0.739652583	0.743129416	0.000330100638	0.0101876127	0	100	0	0	3
548	58788	0	3.22485501	0.740742024	0.741464635	0.739652583	0.743129416	0.000311537428	0.0101876127	0	100	0	0	3
549	58790	0	3.23073978	0.741064667	0.741462405	0.739652583	0.743129416	0.000303599639	0.0101876127	0	100	0	0	3
550	58792	0	3.23662455	0.740511035	0.741452865	0.739652583	0.743129416	0.000303599639	0.0101876127	0	100	0	0	3
551	58795	0	3.24250932	0.741033829	0.741428583	0.739652583	0.743129416	0.000303599639	0.0101876127	0	100	0	0	3
552	58797	0	3.2483941	0.740759884	0.741416879	0.739652583	0.743129416	0.000303599639	0.0101876127	0	100	0	0	3
553	58800	0	3.25427887	0.741661661	0.741403727	0.739652583	0.743129416	0.000303599639	0.0101876127	0	100	0	0	3
554	58802	0	3.26016364	0.742118105	0.741397001	0.739652583	0.743129416	0.000303599639	0.0101876127	0	100	0	0	3
555	58805	0	3.26604841	0.741828017	0.741389863	0.739652583	0.743129416	0.000283326426	0.0101876127	0	100	0	0	3
556	58807	0	3.27193318	0.742232491	0.741399752	0.739652583	0.743129416	0.000266874397	0.0101876127	0	100	0	0	3
557	58810	0	3.27781796	0.7414528	0.741406137	0.739652583	0.743129416	0.000261233084	0.0101876127	0	100	0	0	3
558	58812	0	3.28370273	0.741657673	0.741407449	0.739652583	0.743129416	0.000227154596	0.0101876127	0	100	0	0	3
559	58815	0	3.2895875	0.740677764	0.741407057	0.739652583	0.743129416	0.000203406685	0.0101876127	0	100	0	0	3
560	58817	0	3.29547227	0.740964208	0.741405843	0.739652583	0.743129416	0.000203406685	0.0101876127	0	100	0	0	3
561	58820	0	3.30135704	0.741345965	0.741410324	0.739652583	0.743129416	0.000203406685	0.0101876127	0	100	0	0	3
562	58822	0	3.30724181	0.741107218	0.741400027	0.739652583	0.743129416	0.000203406685	0.0101876127	0	100	0	0	3
563	58825	0	3.31312659	0.74127107	0.741386575	0.739652583	0.743129416	0.000203406685	0.0101876127	0	100	0	0	3
564	58828	0	3.31901136	0.741211147	0.741379424	0.739652583	0.743129416	0.000202687156	0.0101876127	0	100	0	0	3
565	58830	0	3.32489613	0.741328893	0.741385061	0.739652583	0.743129416	0.000197922663	0.0101876127	0	100	0	0	3
566	58833	0	3.3307809	0.741031844	0.741396038	0.739652583	0.743129416	0.000188761794	0.0101876127	0	100	0	0	3
567	58835	0	3.33666567	0.740825618	0.741402729	0.739652583	0.743129416	0.000172454107	0.0101876127	0	100	0	0	3
568	58838	0	3.34255045	0.740839414	0.74141226	0.739652583	0.743129416	0.000172454107	0.0101876127	0	100	0	0	3
569	58840	0	3.34843522	0.740644751	0.741417097	0.739652583	0.743129416	0.000172454107	0.0101876127	0	100	0	0	3
570	58843	0	3.35431999	0.740775478	0.741425552	0.739652583	0.743129416	0.000172454107	0.0101876127	0	100	0	0	3
571	58846	0	3.36020476	0.740174153	0.741411236	0.739652583	0.743129416	0.000172454107	0.0101876127	0	100	0	0	3
572	58848	0	3.36608953	0.740883711	0.741408003	0.739652583	0.743129416	0.000172454107	0.0101876127	0	100	0	0	3
573	58851	0	3.37197431	0.740178091	0.7413895	0.739652583	0.743129416	0.000172454107	0.0101876127	0	100	0	0	3
574	58853	0	3.37785908	0.740718038	0.741376586	0.739652583	0.743129416	0.000172454107	0.0101876127	0	100	0	0	3
575	58856	0	3.38374385	0.740854119	0.741365	0.739652583	0.743129416	0.000172454107	0.0101876127	0	100	0	0	3
576	58858	0	3.38962862	0.741303319	0.741357646	0.739652583	0.743129416	0.000172454107	0.0101876127	0	100	0	0	3
577	58861	0	3.39551339	0.741192113	0.741354646	0.739652583	0.743129416	0.000172454107	0.0101876127	0	100	0	0	3
578	58864	0	3.40139817	0.741282968	0.741343867	0.739652583	0.743129416	0.000172454107	0.0101876127	0	100	0	0	3
579	58866	0	3.40728294	0.74109493	0.741341821	0.739652583	0.743129416	0.000172454107	0.0101876127	0	100	0	0	3
580	58869	0	3.41316771	0.741955723	0.741348076	0.739652583	0.743129416	0.000172454107	0.0101876127	0	100	0	0	3
581	58871	0	3.41905248	0.741211398	0.741347066	0.739652583	0.743129416	0.000172454107	0.0101876127	0	100	0	0	3
582	58874	0	3.42493725	0.740349082	0.741329454	0.739652583	0.743129416	0.000183404209	0.0101876127	0	100	0	0	3
583	58877	0	3.43082202	0.742868927	0.741347443	0.739652583	0.743129416	0.000183404209	0.0101876127	0	100	0	0	3
584	58879	0	3.4367068	0.742538841	0.741352133	0.739652583	0.743129416	0.000183404209	0.0101876127	0	100	0	0	3
585	58881	0	3.44259157	0.742999275	0.741368863	0.739652583	0.743129416	0.000183404209	0.0101876127	0	100	0	0	3
586	58884	0	3.44847634	0.741997796	0.74138216	0.739652583	0.743129416	0.000183404209	0.0101876127	0	100	0	0	3
587	58886	0	3.45436111	0.74234377	0.741401818	0.739652583	0.743129416	0.000183404209	0.0101876127	0	100	0	0	3
588	58889	0	3.46024588	0.743001553	0.741428435	0.739652583	0.743129416	0.000183404209	0.0101876127	0	100	0	0	3
589	58891	0	3.46613066	0.740938948	0.741427328	0.739652583	0.743129416	0.000183404209	0.0101876127	0	100	0	0	3
590	58893	0	3.47201543	0.741589758	0.741433229	0.739652583	0.743129416	0.000183404209	0.0101876127	0	100	0	0	3
591	58896	0	3.4779002	0.741374306	0.741450146	0.739652583	0.743129416	0.000183404209	0.0101876127	0	100	0	0	3
592	58898	0	3.48378497	0.741636511	0.741468045	0.739652583	0.743129416	0.000183404209	0.0101876127	0	100	0	0	3
593	58901	0	3.48966974	0.740581951	0.741474903	0.739652583	0.743129416	0.000183404209	0.0101876127	0	100	0	0	3
594	58904	0	3.49555452	0.739634572	0.741474341	0.739634572	0.743129416	0.000183404209	0.0101876127	0	100	0	0	3
595	58906	0	3.50143929	0.7417234	0.741498704	0.739634572	0.743129416	0.000183404209	0.0101876127	0	100	0	0	3
596	58909	0	3.50732406	0.743059385	0.741520818	0.739634572	0.743129416	0.000191363447	0.0101876127	0	100	0	0	3
597	58911	0	3.51320883	0.742555948	0.741543986	0.739634572	0.743129416	0.000214532244	0.0101876127	0	100	0	0	3
598	58914	0	3.5190936	0.742294503	0.741553644	0.739634572	0.743129416	0.000224189838	0.0101876127	0	100	0	0	3
599	58916	0	3.52497838	0.740676408	0.741552631	0.739634572	0.743129416	0.000224189838	0.0101876127	0	100	0	0	3
600	58919	0	3.53086315	0.741818432	0.741554412	0.739634572	0.743129416	0.000224958122	0.0101876127	0	100	0	0	3
601	58926	0	3.53674792	0.740455138	0.741548269	0.739634572	0.743129416	0.000224958122	0.0101876127	0	100	0	0	3
602	58928	0	3.54263269	0.740693749	0.741524022	0.739634572	0.743129416	0.000224958122	0.0101876127	0	100	0	0	3
603	58931	0	3.54851746	0.740950912	0.741514681	0.739634572	0.743129416	0.000224958122	0.0101876127	0	100	0	0	3
604	58933	0	3.55440224	0.73919566	0.741476204	0.73919566	0.743129416	0.000224958122	0.0101876127	0	100	0	0	3
605	58936	0	3.56028701	0.739647681	0.741435242	0.73919566	0.743059385	0.000224958122	0.0101876127	0	100	0	0	3
606	58938	0	3.56617178	0.740742431	0.741425072	0.73919566	0.743059385	0.000224958122	0.0101876127	0	100	0	0	3
607	58941	0	3.57205655	0.739311633	0.74138422	0.73919566	0.743059385	0.000224958122	0.0101876127	0	100	0	0	3
608	58943	0	3.57794132	0.741195683	0.741381703	0.73919566	0.743059385	0.000224958122	0.0101876127	0	100	0	0	3
609	58946	0	3.58382609	0.740825972	0.741358682	0.73919566	0.743059385	0.000224958122	0.0101876127	0	100	0	0	3
610	58949	0	3.58971087	0.74062299	0.741350225	0.73919566	0.743059385	0.000224958122	0.0101876127	0	100	0	0	3
611	58951	0	3.59559564	0.739954057	0.741318067	0.73919566	0.743059385	0.000236345019	0.0101876127	0	100	0	0	3
612	58954	0	3.60148041	0.740176767	0.741306609	0.73919566	0.743059385	0.000247803363	0.0101876127	0	100	0	0	3
613	58956	0	3.60736518	0.740042463	0.741298715	0.73919566	0.743059385	0.000255697101	0.0101876127	0	100	0	0	3
614	58959	0	3.61324995	0.740462166	0.741297273	0.73919566	0.743059385	0.000257139048	0.0101876127	0	100	0	0	3
615	58961	0	3.61913473	0.740751477	0.741282139	0.73919566	0.743059385	0.000272272994	0.0101876127	0	100	0	0	3
616	58964	0	3.6250195	0.740926938	0.741267394	0.73919566	0.743059385	0.00028701868	0.0101876127	0	100	0	0	3
617	58966	0	3.63090427	0.740435299	0.741242262	0.73919566	0.743059385	0.000312150462	0.0101876127	0	100	0	0	3
618	58969	0	3.63678904	0.740736292	0.741221766	0.73919566	0.743059385	0.000332646274	0.0101876127	0	100	0	0	3
619	58971	0	3.64267381	0.740984412	0.741205776	0.73919566	0.743059385	0.000348635825	0.0101876127	0	100	0	0	3
620	58974	0	3.64855859	0.740180171	0.74118474	0.73919566	0.743059385	0.0003696724	0.0101876127	0	100	0	0	3
621	58976	0	3.65444336	0.740868195	0.741163307	0.73919566	0.743059385	0.000391105483	0.0101876127	0	100	0	0	3
622	58979	0	3.66032813	0.740151388	0.74114783	0.73919566	0.743059385	0.000406582132	0.0101876127	0	100	0	0	3
623	58981	0	3.6662129	0.74029461	0.741138615	0.73919566	0.743059385	0.000415797349	0.0101876127	0	100	0	0	3
624	58984	0	3.67209767	0.740209683	0.741126733	0.73919566	0.743059385	0.000427679308	0.0101876127	0	100	0	0	3
625	58986	0	3.67798245	0.740111094	0.741105278	0.73919566	0.743059385	0.000449134474	0.0101876127	0	100	0	0	3
626	58988	0	3.68386722	0.740726851	0.741084093	0.73919566	0.743059385	0.000470319194	0.0101876127	0	100	0	0	3
627	58991	0	3.68975199	0.740455538	0.741059677	0.73919566	0.743059385	0.000494735182	0.0101876127	0	100	0	0	3
628	58993	0	3.69563676	0.741187562	0.741046712	0.73919566	0.743059385	0.000507700523	0.0101876127	0	100	0	0	3
629	58995	0	3.70152153	0.741091855	0.74104683	0.73919566	0.743059385	0.000507700523	0.0101876127	0	100	0	0	3
630	58998	0	3.7074063	0.741680093	0.741037936	0.73919566	0.743059385	0.000516476262	0.0101876127	0	100	0	0	3
631	59000	0	3.71329108	0.741542378	0.741049849	0.73919566	0.743059385	0.000516476262	0.0101876127	0	100	0	0	3
632	59003	0	3.71917585	0.741729164	0.741061856	0.73919566	0.743059385	0.000516476262	0.0101876127	0	100	0	0	3
633	59005	0	3.72506062	0.741721588	0.741073381	0.73919566	0.743059385	0.000516476262	0.0101876127	0	100	0	0	3
634	59008	0	3.73094539	0.74144922	0.741077905	0.73919566	0.743059385	0.000516476262	0.0101876127	0	100	0	0	3
635	59011	0	3.73683016	0.741866269	0.741093849	0.73919566	0.743059385	0.000516476262	0.0101876127	0	100	0	0	3
636	59013	0	3.74271494	0.741535629	0.741099752	0.73919566	0.743059385	0.000516476262	0.0101876127	0	100	0	0	3
637	59016	0	3.74859971	0.741537549	0.741108901	0.73919566	0.743059385	0.000516476262	0.0101876127	0	100	0	0	3
638	59018	0	3.75448448	0.742349529	0.741116994	0.73919566	0.743059385	0.000516476262	0.0101876127	0	100	0	0	3
639	59021	0	3.76036925	0.741622353	0.741111161	0.73919566	0.743059385	0.000516476262	0.0101876127	0	100	0	0	3
640	59023	0	3.76625402	0.741868026	0.741111632	0.73919566	0.743059385	0.000516476262	0.0101876127	0	100	0	0	3
641	59026	0	3.7721388	0.74083298	0.741095167	0.73919566	0.743059385	0.000516476262	0.0101876127	0	100	0	0	3
642	59028	0	3.77802357	0.740871337	0.741088326	0.73919566	0.743059385	0.000516476262	0.0101876127	0	100	0	0	3
643	59031	0	3.78390834	0.74001482	0.741068999	0.73919566	0.743059385	0.000516476262	0.0101876127	0	100	0	0	3
644	59034	0	3.78979311	0.741006594	0.741072867	0.73919566	0.743059385	0.000516476262	0.0101876127	0	100	0	0	3
645	59036	0	3.79567788	0.7404326	0.741066613	0.73919566	0.743059385	0.000516476262	0.0101876127	0	100	0	0	3
646	59039	0	3.80156266	0.740051859	0.741051388	0.73919566	0.743059385	0.000516476262	0.0101876127	0	100	0	0	3
647	59041	0	3.80744743	0.740815615	0.741047958	0.73919566	0.743059385	0.000516476262	0.0101876127	0	100	0	0	3
648	59044	0	3.8133322	0.740816808	0.741042613	0.73919566	0.743059385	0.000516476262	0.0101876127	0	100	0	0	3
649	59046	0	3.81921697	0.741465946	0.741045611	0.73919566	0.743059385	0.000516476262	0.0101876127	0	100	0	0	3
650	59049	0	3.82510174	0.740427877	0.741035011	0.73919566	0.743059385	0.000519401334	0.0101876127	0	100	0	0	3
651	59052	0	3.83098651	0.742196316	0.741048711	0.73919566	0.743059385	0.000519401334	0.0101876127	0	100	0	0	3
652	59054	0	3.83687129	0.740847739	0.741048971	0.73919566	0.743059385	0.000519401334	0.0101876127	0	100	0	0	3
653	59057	0	3.84275606	0.74081395	0.741048671	0.73919566	0.743059385	0.000519401334	0.0101876127	0	100	0	0	3
654	59059	0	3.84864083	0.740107182	0.741042347	0.73919566	0.743059385	0.000519401334	0.0101876127	0	100	0	0	3
655	59062	0	3.8545256	0.741638736	0.741052503	0.73919566	0.743059385	0.000519401334	0.0101876127	0	100	0	0	3
656	59064	0	3.86041037	0.740683665	0.741058497	0.73919566	0.743059385	0.000519401334	0.0101876127	0	100	0	0	3
657	59067	0	3.86629515	0.741478219	0.741065491	0.73919566	0.743059385	0.000519401334	0.0101876127	0	100	0	0	3
658	59069	0	3.87217992	0.740324151	0.74106721	0.73919566	0.743059385	0.000519401334	0.0101876127	0	100	0	0	3
659	59072	0	3.87806469	0.74117988	0.741072643	0.73919566	0.743059385	0.000519401334	0.0101876127	0	100	0	0	3
660	59075	0	3.88394946	0.741750298	0.741083186	0.73919566	0.743059385	0.000519401334	0.0101876127	0	100	0	0	3
661	59077	0	3.88983423	0.7412973	0.741083116	0.73919566	0.743059385	0.000519401334	0.0101876127	0	100	0	0	3
662	59080	0	3.89571901	0.741176306	0.74108293	0.73919566	0.743059385	0.000519401334	0.0101876127	0	100	0	0	3
663	59082	0	3.90160378	0.740559398	0.741074417	0.73919566	0.743059385	0.000519401334	0.0101876127	0	100	0	0	3
664	59085	0	3.90748855	0.741601604	0.741080378	0.73919566	0.743059385	0.000519401334	0.0101876127	0	100	0	0	3
665	59088	0	3.91337332	0.740201768	0.741059743	0.73919566	0.743059385	0.000519401334	0.0101876127	0	100	0	0	3
666	59090	0	3.91925809	0.741258526	0.741060298	0.73919566	0.743059385	0.000519401334	0.0101876127	0	100	0	0	3
667	59093	0	3.92514287	0.740605164	0.74106331	0.73919566	0.743059385	0.000519401334	0.0101876127	0	100	0	0	3
668	59095	0	3.93102764	0.740303767	0.741033132	0.73919566	0.743059385	0.000521280239	0.0101876127	0	100	0	0	3
669	59098	0	3.93691241	0.741383644	0.741019541	0.73919566	0.743059385	0.000534870793	0.0101876127	0	100	0	0	3
670	59100	0	3.94279718	0.741298883	0.740999537	0.73919566	0.743059385	0.000554875408	0.0101876127	0	100	0	0	3
671	59103	0	3.94868195	0.741738791	0.74099649	0.73919566	0.743059385	0.000557922523	0.0101876127	0	100	0	0	3
672	59105	0	3.95456673	0.741245677	0.740983571	0.73919566	0.743059385	0.000570841258	0.0101876127	0	100	0	0	3
673	59108	0	3.9604515	0.740778549	0.740957418	0.73919566	0.743059385	0.000596994248	0.0101876127	0	100	0	0	3
674	59111	0	3.96633627	0.743162085	0.740983573	0.73919566	0.743162085	0.000596994248	0.0101876127	0	100	0	0	3
675	59113	0	3.97222104	0.741413846	0.740981503	0.73919566	0.743162085	0.000596994248	0.0101876127	0	100	0	0	3
676	59116	0	3.97810581	0.743407545	0.741005423	0.73919566	0.743407545	0.000596994248	0.0101876127	0	100	0	0	3
677	59118	0	3.98399058	0.74356801	0.741028147	0.73919566	0.74356801	0.000596994248	0.0101876127	0	100	0	0	3
678	59121	0	3.98987536	0.741092985	0.741034159	0.73919566	0.74356801	0.000596994248	0.0101876127	0	100	0	0	3
679	59124	0	3.99576013	0.741467776	0.741055726	0.73919566	0.74356801	0.000596994248	0.0101876127	0	100	0	0	3
680	59127	0	4.0016449	0.741126734	0.741048707	0.73919566	0.74356801	0.000596994248	0.0101876127	0	100	0	0	3
