Iteration	CPUTime	PhysTime	Travels	Value	AvValue	MinValue	MaxValue	Delta	Criteria	Progress	CriteriaType	CriteriaVarType	CriteriaPercentage
1	14	0	0.00588477191	-8.90514909e-05	-8.90514909e-05	-8.90514909e-05	-8.90514909e-05	0	0	0	0	0	0	3
2	18	0	0.0117695438	2.11735909e-06	-4.34670659e-05	-8.90514909e-05	2.11735909e-06	4.5584425e-05	0	0	0	0	0	3
3	20	0	0.0176543157	-2.45496491e-05	-3.71612603e-05	-8.90514909e-05	2.11735909e-06	5.18902306e-05	0	0	0	0	0	3
4	23	0	0.0235390876	9.09582067e-05	-5.13139353e-06	-8.90514909e-05	9.09582067e-05	8.39200973e-05	0	0	0	0	0	3
5	26	0	0.0294238596	9.02427442e-05	1.3943434e-05	-8.90514909e-05	9.09582067e-05	0.000102994925	0	0	0	0	0	3
6	28	0	0.0353086315	7.19327538e-05	2.36083206e-05	-8.90514909e-05	9.09582067e-05	0.000112659811	0	0	0	0	0	3
7	30	0	0.0411934034	-1.71722247e-05	1.77825284e-05	-8.90514909e-05	9.09582067e-05	0.000112659811	0	0	0	0	0	3
8	33	0	0.0470781753	6.36301828e-06	1.63550897e-05	-8.90514909e-05	9.09582067e-05	0.000112659811	0	0	0	0	0	3
9	35	0	0.0529629472	-2.74430581e-05	1.14886288e-05	-8.90514909e-05	9.09582067e-05	0.000112659811	0	0	0	0	0	3
10	37	0	0.0588477191	1.38464233e-05	1.17244083e-05	-8.90514909e-05	9.09582067e-05	0.000112659811	0	0	0	0	0	3
11	39	0	0.064732491	-2.50527412e-05	8.38103103e-06	-8.90514909e-05	9.09582067e-05	0.000112659811	0	0	0	0	0	3
12	41	0	0.0706172629	-8.38482154e-06	6.98387665e-06	-8.90514909e-05	9.09582067e-05	0.000112659811	0	0	0	0	0	3
13	44	0	0.0765020349	1.35428158e-06	6.55083088e-06	-8.90514909e-05	9.09582067e-05	0.000112659811	0	0	0	0	0	3
14	46	0	0.0823868068	-5.93566214e-08	6.07867463e-06	-8.90514909e-05	9.09582067e-05	0.000112659811	0	0	0	0	0	3
15	48	0	0.0882715787	2.44256477e-05	7.30180616e-06	-8.90514909e-05	9.09582067e-05	0.000112659811	0	0	0	0	0	3
16	50	0	0.0941563506	6.11587997e-05	1.06678683e-05	-8.90514909e-05	9.09582067e-05	0.000112659811	0	0	0	0	0	3
17	52	0	0.100041123	8.34739585e-05	1.49505795e-05	-8.90514909e-05	9.09582067e-05	0.000112659811	0	0	0	0	0	3
18	55	0	0.105925894	0.00011658905	2.05971612e-05	-8.90514909e-05	0.00011658905	0.000112659811	0	0	0	0	0	3
19	57	0	0.111810666	0.000115305523	2.55818118e-05	-8.90514909e-05	0.00011658905	0.000114633303	0	0	0	0	0	3
20	59	0	0.117695438	0.000159043436	3.2254893e-05	-8.90514909e-05	0.000159043436	0.000121306384	0	0	0	0	0	3
21	62	0	0.12358021	0.000136454032	3.72167568e-05	-8.90514909e-05	0.000159043436	0.000126268248	0	0	0	0	0	3
22	64	0	0.129464982	0.000175883093	4.35197721e-05	-8.90514909e-05	0.000175883093	0.000132571263	0	0	0	0	0	3
23	66	0	0.135349754	0.000171435546	4.90813274e-05	-8.90514909e-05	0.000175883093	0.000138132818	0	0	0	0	0	3
24	69	0	0.141234526	0.000197906781	5.5282388e-05	-8.90514909e-05	0.000197906781	0.000144333879	0	0	0	0	0	3
25	71	0	0.147119298	0.000234666544	6.24577543e-05	-8.90514909e-05	0.000234666544	0.000151509245	0	0	0	0	0	3
26	73	0	0.15300407	0.000300156694	7.16000212e-05	-8.90514909e-05	0.000300156694	0.000160651512	0	0	0	0	0	3
27	76	0	0.158888842	0.000318213201	8.07338426e-05	-8.90514909e-05	0.000318213201	0.000169785333	0	0	0	0	0	3
28	78	0	0.164773614	0.000338988054	8.99572073e-05	-8.90514909e-05	0.000338988054	0.000179008698	0	0	0	0	0	3
29	80	0	0.170658385	0.00031110614	9.75830326e-05	-8.90514909e-05	0.000338988054	0.000186634523	0	0	0	0	0	3
30	82	0	0.176543157	0.000331613323	0.000105384042	-8.90514909e-05	0.000338988054	0.000194435533	0	0	0	0	0	3
31	85	0	0.182427929	0.000244068793	0.000109857744	-8.90514909e-05	0.000338988054	0.000198909235	0	0	0	0	0	3
32	87	0	0.188312701	0.000206994441	0.000112893266	-8.90514909e-05	0.000338988054	0.000201944757	0	0	0	0	0	3
33	89	0	0.194197473	0.000187559752	0.000115155886	-8.90514909e-05	0.000338988054	0.000204207377	0	0	0	0	0	3
34	92	0	0.200082245	0.00011022753	0.000115010935	-8.90514909e-05	0.000338988054	0.000204207377	0	0	0	0	0	3
35	94	0	0.205967017	8.90313103e-05	0.00011426866	-8.90514909e-05	0.000338988054	0.000204207377	0	0	0	0	0	3
36	96	0	0.211851789	-0.000104029558	0.00010820482	-0.000104029558	0.000338988054	0.000204207377	0	0	0	0	0	3
37	99	0	0.217736561	-0.000102744442	0.000102503489	-0.000104029558	0.000338988054	0.000204207377	0	0	0	0	0	3
38	101	0	0.223621333	-0.000146207017	9.59584757e-05	-0.000146207017	0.000338988054	0.000204207377	0	0	0	0	0	3
39	104	0	0.229506105	-0.000185186536	8.87496293e-05	-0.000185186536	0.000338988054	0.000204207377	0	0	0	0	0	3
40	106	0	0.235390876	-0.000219285475	8.10487517e-05	-0.000219285475	0.000338988054	0.000204207377	0	0	0	0	0	3
41	109	0	0.241275648	-0.000265918543	7.25861347e-05	-0.000265918543	0.000338988054	0.000204207377	0	0	0	0	0	3
42	111	0	0.24716042	-0.000226486292	6.54653626e-05	-0.000265918543	0.000338988054	0.000204207377	0	0	0	0	0	3
43	114	0	0.253045192	-0.000321057266	5.64764643e-05	-0.000321057266	0.000338988054	0.000204207377	0	0	0	0	0	3
44	116	0	0.258929964	-0.000318921058	4.79447024e-05	-0.000321057266	0.000338988054	0.000204207377	0	0	0	0	0	3
45	119	0	0.264814736	-0.000330752734	3.95292038e-05	-0.000330752734	0.000338988054	0.000204207377	0	0	0	0	0	3
46	121	0	0.270699508	-0.000484135038	2.81451986e-05	-0.000484135038	0.000338988054	0.000204207377	0	0	0	0	0	3
47	124	0	0.27658428	-0.000530257828	1.62642831e-05	-0.000530257828	0.000338988054	0.000204207377	0	0	0	0	0	3
48	127	0	0.282469052	-0.000602882404	3.3653938e-06	-0.000602882404	0.000338988054	0.000204207377	0	0	0	0	0	3
49	129	0	0.288353824	-0.000702235405	-1.10346225e-05	-0.000702235405	0.000338988054	0.000204207377	0	0	0	0	0	3
50	132	0	0.294238596	-0.000799444049	-2.6802811e-05	-0.000799444049	0.000338988054	0.000204207377	0	0	0	0	0	3
51	134	0	0.300123368	-0.000929322546	-4.44992764e-05	-0.000929322546	0.000338988054	0.000204207377	0	0	0	0	0	3
52	136	0	0.306008139	-0.00100859618	-6.30396016e-05	-0.00100859618	0.000338988054	0.000204207377	0	0	0	0	0	3
53	139	0	0.311892911	-0.0010838068	-8.229936e-05	-0.0010838068	0.000338988054	0.000204207377	0	0	0	0	0	3
54	141	0	0.317777683	-0.00119489336	-0.000102902953	-0.00119489336	0.000338988054	0.000218058839	0	0	0	0	0	3
55	144	0	0.323662455	-0.00128098421	-0.000124322612	-0.00128098421	0.000338988054	0.000239478498	0	0	0	0	0	3
56	146	0	0.329547227	-0.0013630272	-0.000146442337	-0.0013630272	0.000338988054	0.000261598223	0	0	0	0	0	3
57	148	0	0.335431999	-0.00146225569	-0.000169526781	-0.00146225569	0.000338988054	0.000284682668	0	0	0	0	0	3
58	151	0	0.341316771	-0.00150681331	-0.000192583446	-0.00150681331	0.000338988054	0.000307739332	0	0	0	0	0	3
59	153	0	0.347201543	-0.00151480456	-0.000214993973	-0.00151480456	0.000338988054	0.000330149859	0	0	0	0	0	3
60	156	0	0.353086315	-0.00156581544	-0.000237507664	-0.00156581544	0.000338988054	0.000352663551	0	0	0	0	0	3
61	159	0	0.358971087	-0.00168418957	-0.000261223761	-0.00168418957	0.000338988054	0.000376379648	0	0	0	0	0	3
62	161	0	0.364855859	-0.00168497637	-0.000284187513	-0.00168497637	0.000338988054	0.000399343399	0	0	0	0	0	3
63	164	0	0.37074063	-0.00164600325	-0.000305803636	-0.00168497637	0.000338988054	0.000420959522	0	0	0	0	0	3
64	166	0	0.376625402	-0.00158438096	-0.000325781406	-0.00168497637	0.000338988054	0.000440937293	0	0	0	0	0	3
65	169	0	0.382510174	-0.00151770666	-0.000344118718	-0.00168497637	0.000338988054	0.000459274604	0	0	0	0	0	3
66	172	0	0.388394946	-0.00141783384	-0.000360387129	-0.00168497637	0.000338988054	0.000475543015	0	0	0	0	0	3
67	174	0	0.394279718	-0.00137581169	-0.000375542719	-0.00168497637	0.000338988054	0.000490698606	0	0	0	0	0	3
68	177	0	0.40016449	-0.00133763076	-0.000389691073	-0.00168497637	0.000338988054	0.000504846959	0	0	0	0	0	3
69	179	0	0.406049262	-0.00128861635	-0.000402718975	-0.00168497637	0.000338988054	0.000517874862	0	0	0	0	0	3
70	181	0	0.411934034	-0.00127268794	-0.000415147103	-0.00168497637	0.000338988054	0.00053030299	0	0	0	0	0	3
71	184	0	0.417818806	-0.00118116443	-0.00042593608	-0.00168497637	0.000338988054	0.000541091966	0	0	0	0	0	3
72	187	0	0.423703578	-0.00115940775	-0.000436123186	-0.00168497637	0.000338988054	0.000551279073	0	0	0	0	0	3
73	189	0	0.42958835	-0.00109602658	-0.000445162959	-0.00168497637	0.000338988054	0.000560318845	0	0	0	0	0	3
74	192	0	0.435473122	-0.00110489029	-0.000454078193	-0.00168497637	0.000338988054	0.00056923408	0	0	0	0	0	3
75	194	0	0.441357893	-0.00107301354	-0.000462330664	-0.00168497637	0.000338988054	0.000577486551	0	0	0	0	0	3
76	197	0	0.447242665	-0.00103131904	-0.000469817353	-0.00168497637	0.000338988054	0.00058497324	0	0	0	0	0	3
77	199	0	0.453127437	-0.000978608762	-0.000476425034	-0.00168497637	0.000338988054	0.000591580921	0	0	0	0	0	3
78	202	0	0.459012209	-0.000952828955	-0.000482532777	-0.00168497637	0.000338988054	0.000597688663	0	0	0	0	0	3
79	204	0	0.464896981	-0.000845945345	-0.000487132936	-0.00168497637	0.000338988054	0.000602288822	0	0	0	0	0	3
80	207	0	0.470781753	-0.000796686277	-0.000491002353	-0.00168497637	0.000338988054	0.000606158239	0	0	0	0	0	3
81	209	0	0.476666525	-0.000928489558	-0.000496403429	-0.00168497637	0.000338988054	0.000611559316	0	0	0	0	0	3
82	211	0	0.482551297	-0.000848008704	-0.000500691298	-0.00168497637	0.000338988054	0.000615847185	0	0	0	0	0	3
83	214	0	0.488436069	-0.000701114628	-0.000503106037	-0.00168497637	0.000338988054	0.000618261924	0	0	0	0	0	3
84	216	0	0.494320841	-0.000563952567	-0.000503830401	-0.00168497637	0.000338988054	0.000618986287	0	0	0	0	0	3
85	219	0	0.500205613	-0.000449691009	-0.000503193467	-0.00168497637	0.000338988054	0.000618986287	0	0	0	0	0	3
86	221	0	0.506090384	-0.000334591195	-0.000506082169	-0.00168497637	0.000338988054	0.000621238056	0	0	0	0	0	3
87	224	0	0.511975156	-0.000296756927	-0.000509598337	-0.00168497637	0.000338988054	0.000624754224	0	0	0	0	0	3
88	226	0	0.517859928	-0.00031886629	-0.000513060886	-0.00168497637	0.000338988054	0.000628216772	0	0	0	0	0	3
89	229	0	0.5237447	-0.000409716472	-0.000518951176	-0.00168497637	0.000338988054	0.000634107063	0	0	0	0	0	3
90	231	0	0.529629472	-0.000530751731	-0.000526256994	-0.00168497637	0.000338988054	0.00064141288	0	0	0	0	0	3
91	234	0	0.535514244	-0.000733316033	-0.000535730509	-0.00168497637	0.000338988054	0.000650886395	0	0	0	0	0	3
92	236	0	0.541399016	-0.000864684418	-0.00054570124	-0.00168497637	0.000338988054	0.000660857127	0	0	0	0	0	3
93	239	0	0.547283788	-0.000946092563	-0.0005569066	-0.00168497637	0.000338988054	0.000672062487	0	0	0	0	0	3
94	241	0	0.55316856	-0.00104475298	-0.000568874952	-0.00168497637	0.000338988054	0.000684030839	0	0	0	0	0	3
95	244	0	0.559053332	-0.00108892877	-0.000581848778	-0.00168497637	0.000338988054	0.000697004665	0	0	0	0	0	3
96	246	0	0.564938104	-0.000872377789	-0.000591817308	-0.00168497637	0.000338988054	0.000706973195	0	0	0	0	0	3
97	249	0	0.570822876	-0.00088558253	-0.000602137281	-0.00168497637	0.000338988054	0.000717293168	0	0	0	0	0	3
98	251	0	0.576707647	-0.000894112576	-0.000612672185	-0.00168497637	0.000338988054	0.000727828072	0	0	0	0	0	3
99	254	0	0.582592419	-0.00092630219	-0.00062356916	-0.00168497637	0.000338988054	0.000738725046	0	0	0	0	0	3
100	257	0	0.588477191	-0.000957180662	-0.000635117469	-0.00168497637	0.000338988054	0.000750273356	0	0	0	0	0	3
101	264	0	0.594361963	-0.0010752263	-0.000648486706	-0.00168497637	0.000338988054	0.000763642592	0	0	0	0	0	3
102	266	0	0.600246735	-0.00109647577	-0.000662368467	-0.00168497637	0.000338988054	0.000777524354	0	0	0	0	0	3
103	268	0	0.606131507	-0.00113678268	-0.000677114017	-0.00168497637	0.000338988054	0.000792269903	0	0	0	0	0	3
104	271	0	0.612016279	-0.00121471633	-0.000692761333	-0.00168497637	0.000338988054	0.000807917219	0	0	0	0	0	3
105	273	0	0.617901051	-0.00127309698	-0.000709610044	-0.00168497637	0.000338988054	0.00082476593	0	0	0	0	0	3
106	275	0	0.623785823	-0.00122640456	-0.000725643674	-0.00168497637	0.000338988054	0.000840799561	0	0	0	0	0	3
107	278	0	0.629670595	-0.00120022614	-0.000741833195	-0.00168497637	0.000338988054	0.000856989081	0	0	0	0	0	3
108	280	0	0.635555367	-0.00115831484	-0.000757477317	-0.00168497637	0.000338988054	0.000872633203	0	0	0	0	0	3
109	283	0	0.641440138	-0.00103519781	-0.00077198443	-0.00168497637	0.000338988054	0.000887140316	0	0	0	0	0	3
110	285	0	0.64732491	-0.000892062726	-0.000785240068	-0.00168497637	0.000338988054	0.000900395955	0	0	0	0	0	3
111	287	0	0.653209682	-0.000615421312	-0.000796011574	-0.00168497637	0.000338988054	0.000911167461	0	0	0	0	0	3
112	290	0	0.659094454	-0.000546816221	-0.000806188391	-0.00168497637	0.000338988054	0.000921344277	0	0	0	0	0	3
113	292	0	0.664979226	-0.000515521251	-0.000816241442	-0.00168497637	0.000331613323	0.000931397328	0	0	0	0	0	3
114	295	0	0.670863998	-0.000488413489	-0.000825647555	-0.00168497637	0.000331613323	0.000940803441	0	0	0	0	0	3
115	297	0	0.67674877	-0.000466754352	-0.000835040116	-0.00168497637	0.000244068793	0.000950196002	0	0	0	0	0	3
116	300	0	0.682633542	-0.000499482043	-0.000843787773	-0.00168497637	0.000206994441	0.000958943659	0	0	0	0	0	3
117	302	0	0.688518314	-0.000486526863	-0.000851946847	-0.00168497637	0.000187559752	0.000967102733	0	0	0	0	0	3
118	305	0	0.694403086	-0.000466003329	-0.000859635824	-0.00168497637	0.00011022753	0.000974646759	0	0	0	0	0	3
119	307	0	0.700287858	-0.000408098886	-0.000865733782	-0.00168497637	8.90313103e-05	0.000980002442	0	0	0	0	0	3
120	310	0	0.706172629	-0.00035999056	-0.000871016392	-0.00168497637	-0.000102744442	0.000979221213	0	0	0	0	0	3
121	312	0	0.712057401	-0.000294957998	-0.000873262609	-0.00168497637	-0.000102744442	0.000975766098	0	0	0	0	0	3
122	315	0	0.717942173	-0.000245329406	-0.000874940079	-0.00168497637	-0.000146207017	0.000970898555	0	0	0	0	0	3
123	317	0	0.723826945	-0.000170817302	-0.000875229612	-0.00168497637	-0.000170817302	0.000963979241	0	0	0	0	0	3
124	320	0	0.729711717	-0.000176907255	-0.000875132209	-0.00168497637	-0.000170817302	0.000956278364	0	0	0	0	0	3
125	322	0	0.735596489	-0.000241902336	-0.00087539829	-0.00168497637	-0.000170817302	0.000947984424	0	0	0	0	0	3
126	325	0	0.741481261	-0.000463923666	-0.000877727762	-0.00168497637	-0.000170817302	0.000943193124	0	0	0	0	0	3
127	327	0	0.747366033	-0.000566033976	-0.00088172244	-0.00168497637	-0.000170817302	0.000938198905	0	0	0	0	0	3
128	329	0	0.753250805	-0.000655648687	-0.00088565881	-0.00168497637	-0.000170817302	0.000933603512	0	0	0	0	0	3
129	332	0	0.759135577	-0.000751072718	-0.000890742947	-0.00168497637	-0.000170817302	0.000930272151	0	0	0	0	0	3
130	334	0	0.765020349	-0.000810575971	-0.000896387926	-0.00168497637	-0.000170817302	0.000924533125	0	0	0	0	0	3
131	337	0	0.770905121	-0.0010702032	-0.000903282846	-0.00168497637	-0.000170817302	0.000919547129	0	0	0	0	0	3
132	339	0	0.776789892	-0.00108606733	-0.000909821781	-0.00168497637	-0.000170817302	0.000913187175	0	0	0	0	0	3
133	341	0	0.782674664	-0.00108276089	-0.00091546741	-0.00168497637	-0.000170817302	0.000904432788	0	0	0	0	0	3
134	343	0	0.788559436	-0.00107873156	-0.000919896777	-0.00168497637	-0.000170817302	0.000893093966	0	0	0	0	0	3
135	346	0	0.794444208	-0.00106131486	-0.00092297761	-0.00168497637	-0.000170817302	0.000878478334	0	0	0	0	0	3
136	348	0	0.80032898	-0.0010920009	-0.000924891473	-0.00168497637	-0.000170817302	0.000861851872	0	0	0	0	0	3
137	350	0	0.806213752	-0.00117021269	-0.000926792844	-0.00168497637	-0.000170817302	0.000844493484	0	0	0	0	0	3
138	352	0	0.812098524	-0.00130710193	-0.000929419845	-0.00168497637	-0.000170817302	0.000826516893	0	0	0	0	0	3
139	355	0	0.817983296	-0.00146810144	-0.000932634058	-0.00168497637	-0.000170817302	0.000808311446	0	0	0	0	0	3
140	357	0	0.823868068	-0.0016336651	-0.000936783245	-0.00168497637	-0.000170817302	0.000790340908	0	0	0	0	0	3
141	359	0	0.82975284	-0.00170310675	-0.000940784181	-0.00170310675	-0.000170817302	0.000771257399	0	0	0	0	0	3
142	361	0	0.835637612	-0.00178253923	-0.000944552222	-0.00178253923	-0.000170817302	0.000751968777	0	0	0	0	0	3
143	364	0	0.841522383	-0.00186639665	-0.000948782615	-0.00186639665	-0.000170817302	0.000733788642	0	0	0	0	0	3
144	366	0	0.847407155	-0.00195839639	-0.000954001342	-0.00195839639	-0.000170817302	0.000716493678	0	0	0	0	0	3
145	369	0	0.853291927	-0.00205965771	-0.000959811251	-0.00205965771	-0.000170817302	0.00069858749	0	0	0	0	0	3
146	371	0	0.859176699	-0.00194192061	-0.000962843381	-0.00205965771	-0.000170817302	0.000678655868	0	0	0	0	0	3
147	374	0	0.865061471	-0.00205034625	-0.00096714185	-0.00205965771	-0.000170817302	0.000661338215	0	0	0	0	0	3
148	377	0	0.870946243	-0.00214516867	-0.000973014385	-0.00214516867	-0.000170817302	0.000647232978	0	0	0	0	0	3
149	379	0	0.876831015	-0.00221238	-0.000980402608	-0.00221238	-0.000170817302	0.000636283891	0	0	0	0	0	3
150	382	0	0.882715787	-0.00224263425	-0.000988931168	-0.00224263425	-0.000170817302	0.00062854404	0	0	0	0	0	3
151	384	0	0.888600559	-0.00216758614	-0.000997751784	-0.00224263425	-0.000170817302	0.000622209064	0	0	0	0	0	3
152	387	0	0.894485331	-0.00210252257	-0.00100630132	-0.00224263425	-0.000170817302	0.000616610251	0	0	0	0	0	3
153	389	0	0.900370103	-0.00203085763	-0.00101445693	-0.00224263425	-0.000170817302	0.000611737958	0	0	0	0	0	3
154	392	0	0.906254875	-0.00194020031	-0.00102212263	-0.00224263425	-0.000170817302	0.000606975524	0	0	0	0	0	3
155	394	0	0.912139646	-0.00187726473	-0.0010292353	-0.00224263425	-0.000170817302	0.000603299216	0	0	0	0	0	3
156	397	0	0.918024418	-0.00169555362	-0.00103528693	-0.00224263425	-0.000170817302	0.000599163747	0	0	0	0	0	3
157	399	0	0.92390919	-0.00162905831	-0.00104081223	-0.00224263425	-0.000170817302	0.000595649275	0	0	0	0	0	3
158	402	0	0.929793962	-0.00160027191	-0.00104674453	-0.00224263425	-0.000170817302	0.000592666339	0	0	0	0	0	3
159	405	0	0.935678734	-0.00157497931	-0.00105227499	-0.00224263425	-0.000170817302	0.000589944326	0	0	0	0	0	3
160	407	0	0.941563506	-0.00159249854	-0.00105838658	-0.00224263425	-0.000170817302	0.000588569225	0	0	0	0	0	3
161	410	0	0.947448278	-0.00186316332	-0.00106817298	-0.00224263425	-0.000170817302	0.000591747948	0	0	0	0	0	3
162	412	0	0.95333305	-0.00183398048	-0.00107823618	-0.00224263425	-0.000170817302	0.000595703402	0	0	0	0	0	3
163	414	0	0.959217822	-0.00177473117	-0.00108790562	-0.00224263425	-0.000170817302	0.000600772681	0	0	0	0	0	3
164	417	0	0.965102594	-0.00166356047	-0.00109752462	-0.00224263425	-0.000170817302	0.000606522266	0	0	0	0	0	3
165	419	0	0.970987366	-0.00153050996	-0.00110615784	-0.00224263425	-0.000170817302	0.000609754409	0	0	0	0	0	3
166	421	0	0.976872137	-0.00124879357	-0.00110992612	-0.00224263425	-0.000170817302	0.000609234822	0	0	0	0	0	3
167	424	0	0.982756909	-0.00113956701	-0.00111335622	-0.00224263425	-0.000170817302	0.000610250181	0	0	0	0	0	3
168	426	0	0.988641681	-0.00104716043	-0.00111742735	-0.00224263425	-0.000170817302	0.000614233879	0	0	0	0	0	3
169	428	0	0.994526453	-0.000956095389	-0.00112204079	-0.00224263425	-0.000170817302	0.000618847323	0	0	0	0	0	3
170	431	0	1.00041123	-0.00085520169	-0.0011268115	-0.00224263425	-0.000170817302	0.000620729335	7.74486691e-05	0	12.4	0	0	3
171	433	0	1.006296	-0.00066915943	-0.0011307476	-0.00224263425	-0.000170817302	0.000621149264	7.74486691e-05	0	12.4	0	0	3
172	436	0	1.01218077	-0.000662118705	-0.00113504597	-0.00224263425	-0.000170817302	0.000621985089	7.74486691e-05	0	12.4	0	0	3
173	438	0	1.01806554	-0.000508419502	-0.00113727601	-0.00224263425	-0.000170817302	0.000618324836	7.74486691e-05	0	12.5	0	0	3
174	440	0	1.02395031	-0.000485294944	-0.00113816517	-0.00224263425	-0.000170817302	0.000611908178	7.74486691e-05	0	12.6	0	0	3
175	443	0	1.02983508	-0.000388928275	-0.00113649666	-0.00224263425	-0.000170817302	0.000602434662	7.74486691e-05	0	12.8	0	0	3
176	445	0	1.03571986	-0.000408448068	-0.00113267468	-0.00224263425	-0.000170817302	0.000592463931	7.74486691e-05	0	13	0	0	3
177	448	0	1.04160463	-0.00049238743	-0.00112829472	-0.00224263425	-0.000170817302	0.000581258571	7.74486691e-05	0	13.3	0	0	3
178	450	0	1.0474894	-0.000518385192	-0.00112326287	-0.00224263425	-0.000170817302	0.000569290219	7.74486691e-05	0	13.6	0	0	3
179	453	0	1.05337417	-0.000663854745	-0.00111878171	-0.00224263425	-0.000170817302	0.000556316393	7.74486691e-05	0	13.9	0	0	3
180	455	0	1.05925894	-0.000701395436	-0.0011142225	-0.00224263425	-0.000170817302	0.000546347863	7.74486691e-05	0	14.1	0	0	3
181	458	0	1.06514372	-0.000782375932	-0.00111316365	-0.00224263425	-0.000170817302	0.00053602789	7.74486691e-05	0	14.4	0	0	3
182	460	0	1.07102849	-0.000824317385	-0.00111244288	-0.00224263425	-0.000170817302	0.000525492986	7.74486691e-05	0	14.7	0	0	3
183	463	0	1.07691326	-0.000933167133	-0.00111290235	-0.00224263425	-0.000170817302	0.000514596011	7.74486691e-05	0	15	0	0	3
184	465	0	1.08279803	-0.000936246116	-0.00111301934	-0.00224263425	-0.000170817302	0.000503047702	7.74486691e-05	0	15.3	0	0	3
185	468	0	1.0886828	-0.00110518071	-0.00111476051	-0.00224263425	-0.000170817302	0.000489678465	7.74486691e-05	0	15.8	0	0	3
186	471	0	1.09456758	-0.000993065843	-0.00111379392	-0.00224263425	-0.000170817302	0.000475796704	7.74486691e-05	0	16.2	0	0	3
187	473	0	1.10045235	-0.00117337425	-0.00111469861	-0.00224263425	-0.000170817302	0.000461051154	7.74486691e-05	0	16.7	0	0	3
188	475	0	1.10633712	-0.00102071333	-0.00111333309	-0.00224263425	-0.000170817302	0.000445403838	7.74486691e-05	0	17.3	0	0	3
189	478	0	1.11222189	-0.00099278157	-0.00111072209	-0.00224263425	-0.000170817302	0.000428555127	7.74486691e-05	0	18	0	0	3
190	480	0	1.11810666	-0.000869973727	-0.00110597946	-0.00224263425	-0.000170817302	0.000412521497	7.74486691e-05	0	18.7	0	0	3
191	482	0	1.12399144	-0.000851060581	-0.00110156365	-0.00224263425	-0.000170817302	0.000396331976	7.74486691e-05	0	19.5	0	0	3
192	484	0	1.12987621	-0.000790412219	-0.00109674231	-0.00224263425	-0.000170817302	0.000380687854	7.74486691e-05	0	20.3	0	0	3
193	486	0	1.13576098	-0.000826722068	-0.00109284122	-0.00224263425	-0.000170817302	0.000366180741	7.74486691e-05	0	21.1	0	0	3
194	489	0	1.14164575	-0.000686359414	-0.00108873724	-0.00224263425	-0.000170817302	0.000352925103	7.74486691e-05	0	21.9	0	0	3
195	491	0	1.14753052	-0.000588497838	-0.00108516589	-0.00224263425	-0.000170817302	0.000342153597	7.74486691e-05	0	22.6	0	0	3
196	493	0	1.15341529	-0.000545498506	-0.00108434327	-0.00224263425	-0.000170817302	0.00033197678	7.74486691e-05	0	23.3	0	0	3
197	495	0	1.15930007	-0.00057089846	-0.00108462659	-0.00224263425	-0.000170817302	0.00032192373	7.74486691e-05	0	24	0	0	3
198	497	0	1.16518484	-0.000556262143	-0.00108510589	-0.00224263425	-0.000170817302	0.000312517616	7.74486691e-05	0	24.7	0	0	3
199	500	0	1.17106961	-0.000482047797	-0.001085031	-0.00224263425	-0.000170817302	0.000303125055	7.74486691e-05	0	25.5	0	0	3
200	502	0	1.17695438	-0.000447025384	-0.0010847989	-0.00224263425	-0.000170817302	0.000294377398	7.74486691e-05	0	26.3	0	0	3
201	509	0	1.18283915	-0.000571228697	-0.00108564297	-0.00224263425	-0.000170817302	0.000286218324	7.74486691e-05	0	27	0	0	3
202	511	0	1.18872393	-0.000598323918	-0.00108695823	-0.00224263425	-0.000170817302	0.000278529347	7.74486691e-05	0	27.8	0	0	3
203	513	0	1.1946087	-0.000643060837	-0.00108904126	-0.00224263425	-0.000170817302	0.000272431389	7.74486691e-05	0	28.4	0	0	3
204	515	0	1.20049347	-0.000667948302	-0.00109209831	-0.00224263425	-0.000170817302	0.000267148779	7.74486691e-05	0	28.9	0	0	3
205	517	0	1.20637824	-0.000776012531	-0.00109699269	-0.00224263425	-0.000170817302	0.000264902562	7.74486691e-05	0	29.2	0	0	3
206	520	0	1.21226301	-0.000670630958	-0.00110141237	-0.00224263425	-0.000170817302	0.000263225092	7.74486691e-05	0	29.4	0	0	3
207	522	0	1.21814779	-0.000669728088	-0.0011064053	-0.00224263425	-0.000170817302	0.000263032962	7.74486691e-05	0	29.4	0	0	3
208	524	0	1.22403256	-0.000701426444	-0.00111264776	-0.00224263425	-0.000176907255	0.000263032962	7.74486691e-05	0	29.4	0	0	3
209	526	0	1.22991733	-0.000719838065	-0.00111903518	-0.00224263425	-0.000241902336	0.000262766881	7.74486691e-05	0	29.4	0	0	3
210	528	0	1.2358021	-0.00073166603	-0.00112479711	-0.00224263425	-0.000388928275	0.000260437409	7.74486691e-05	0	29.7	0	0	3
211	530	0	1.24168687	-0.000693096079	-0.00112749325	-0.00224263425	-0.000388928275	0.000256442731	7.74486691e-05	0	30.2	0	0	3
212	533	0	1.24757165	-0.000673003278	-0.00112875171	-0.00224263425	-0.000388928275	0.000252506361	7.74486691e-05	0	30.6	0	0	3
213	535	0	1.25345642	-0.000642655537	-0.00112859885	-0.00224263425	-0.000388928275	0.000247422224	7.74486691e-05	0	31.3	0	0	3
214	537	0	1.25934119	-0.000642542993	-0.00112732203	-0.00224263425	-0.000388928275	0.000241777245	7.74486691e-05	0	32	0	0	3
215	539	0	1.26522596	-0.000653930706	-0.00112547915	-0.00224263425	-0.000388928275	0.000234882325	7.74486691e-05	0	32.9	0	0	3
216	541	0	1.27111073	-0.000732310661	-0.00112150394	-0.00224263425	-0.000388928275	0.00022834339	7.74486691e-05	0	33.9	0	0	3
217	544	0	1.2769955	-0.000639160793	-0.00111624622	-0.00224263425	-0.000388928275	0.000222697761	7.74486691e-05	0	34.7	0	0	3
218	546	0	1.28288028	-0.000661347526	-0.00111128841	-0.00224263425	-0.000388928275	0.000218268394	7.74486691e-05	0	35.4	0	0	3
219	549	0	1.28876505	-0.000817190378	-0.00110821146	-0.00224263425	-0.000388928275	0.000215187561	7.74486691e-05	0	35.9	0	0	3
220	551	0	1.29464982	-0.000770366707	-0.00110478854	-0.00224263425	-0.000388928275	0.000213273698	7.74486691e-05	0	36.3	0	0	3
221	554	0	1.30053459	-0.000760186786	-0.00110088484	-0.00224263425	-0.000388928275	0.000211372327	7.74486691e-05	0	36.6	0	0	3
222	556	0	1.30641936	-0.000792744646	-0.00109644404	-0.00224263425	-0.000388928275	0.000208745326	7.74486691e-05	0	37.1	0	0	3
223	559	0	1.31230414	-0.000834227297	-0.00109088081	-0.00224263425	-0.000388928275	0.000205531113	7.74486691e-05	0	37.6	0	0	3
224	561	0	1.31818891	-0.000898143755	-0.00108417543	-0.00224263425	-0.000388928275	0.000201381926	7.74486691e-05	0	38.4	0	0	3
225	564	0	1.32407368	-0.000940528219	-0.00107602088	-0.00224263425	-0.000388928275	0.00019738099	7.74486691e-05	0	39.2	0	0	3
226	566	0	1.32995845	-0.00102148072	-0.00106800175	-0.00224263425	-0.000388928275	0.000193612949	7.74486691e-05	0	40	0	0	3
227	569	0	1.33584322	-0.000989810748	-0.00105867553	-0.00224263425	-0.000388928275	0.000189382556	7.74486691e-05	0	40.8	0	0	3
228	571	0	1.341728	-0.000898947755	-0.00104729378	-0.00224263425	-0.000388928275	0.000184163829	7.74486691e-05	0	42	0	0	3
229	574	0	1.34761277	-0.000722685953	-0.00103275601	-0.00224263425	-0.000388928275	0.00017835392	7.74486691e-05	0	43.4	0	0	3
230	576	0	1.35349754	-0.000688991346	-0.00101663052	-0.00224263425	-0.000388928275	0.00017532179	7.74486691e-05	0	44.1	0	0	3
231	579	0	1.35938231	-0.000684136109	-0.00100183306	-0.00224263425	-0.000388928275	0.000171023321	7.74486691e-05	0	45.2	0	0	3
232	581	0	1.36526708	-0.000774661005	-0.000986824994	-0.00224263425	-0.000388928275	0.000165150787	7.74486691e-05	0	46.8	0	0	3
233	584	0	1.37115186	-0.000733080065	-0.000970212187	-0.00224263425	-0.000388928275	0.000167952984	7.74486691e-05	0	46.1	0	0	3
234	586	0	1.37703663	-0.000826467008	-0.000953907328	-0.00224263425	-0.000388928275	0.000184257843	7.74486691e-05	0	42	0	0	3
235	588	0	1.3829214	-0.000833859979	-0.000937333513	-0.00216758614	-0.000388928275	0.000200831658	7.74486691e-05	0	38.5	0	0	3
236	591	0	1.38880617	-0.00085593159	-0.000921902283	-0.00210252257	-0.000388928275	0.000216262888	7.74486691e-05	0	35.8	0	0	3
237	593	0	1.39469094	-0.000978031718	-0.000908672979	-0.00203085763	-0.000388928275	0.000229492192	7.74486691e-05	0	33.7	0	0	3
238	595	0	1.40057572	-0.000894637392	-0.000895305682	-0.00194020031	-0.000388928275	0.000242859489	7.74486691e-05	0	31.8	0	0	3
239	598	0	1.40646049	-0.0011487748	-0.000885994794	-0.00187726473	-0.000388928275	0.000252170377	7.74486691e-05	0	30.7	0	0	3
240	600	0	1.41234526	-0.00122400033	-0.00087830933	-0.00186316332	-0.000388928275	0.000259855841	7.74486691e-05	0	29.8	0	0	3
241	602	0	1.41823003	-0.0012011439	-0.000872492745	-0.00186316332	-0.000388928275	0.000265672426	7.74486691e-05	0	29.1	0	0	3
242	604	0	1.4241148	-0.00121598124	-0.000867633015	-0.00186316332	-0.000388928275	0.000270532156	7.74486691e-05	0	28.6	0	0	3
243	607	0	1.42999957	-0.00109479599	-0.000861686239	-0.00186316332	-0.000388928275	0.000276478932	7.74486691e-05	0	28	0	0	3
244	609	0	1.43588435	-0.00108621071	-0.000855936021	-0.00186316332	-0.000388928275	0.00028222915	7.74486691e-05	0	27.4	0	0	3
245	611	0	1.44176912	-0.0010090672	-0.000849072123	-0.00186316332	-0.000388928275	0.000289093049	7.74486691e-05	0	26.7	0	0	3
246	614	0	1.44765389	-0.000913345011	-0.00083789779	-0.00183398048	-0.000388928275	0.000300267382	7.74486691e-05	0	25.7	0	0	3
247	616	0	1.45353866	-0.000880963803	-0.000826685829	-0.00177473117	-0.000388928275	0.000311479342	7.74486691e-05	0	24.8	0	0	3
248	619	0	1.45942343	-0.000778777297	-0.000814968724	-0.00166356047	-0.000388928275	0.000323196447	7.74486691e-05	0	23.9	0	0	3
249	621	0	1.46530821	-0.000913714329	-0.000806147005	-0.00153050996	-0.000388928275	0.000332018166	7.74486691e-05	0	23.3	0	0	3
250	624	0	1.47119298	-0.000836240395	-0.000797979128	-0.00124879357	-0.000388928275	0.000340186043	7.74486691e-05	0	22.7	0	0	3
251	626	0	1.47707775	-0.000950254145	-0.000794466899	-0.00122400033	-0.000388928275	0.000343698272	7.74486691e-05	0	22.5	0	0	3
252	629	0	1.48296252	-0.000971480551	-0.000792489411	-0.00122400033	-0.000388928275	0.00034567576	7.74486691e-05	0	22.4	0	0	3
253	631	0	1.48884729	-0.000996639027	-0.000791895042	-0.00122400033	-0.000388928275	0.000346270129	7.74486691e-05	0	22.3	0	0	3
254	633	0	1.49473207	-0.00104750757	-0.000792970479	-0.00122400033	-0.000388928275	0.000346270129	7.74486691e-05	0	22.3	0	0	3
255	636	0	1.50061684	-0.000852209413	-0.000792935276	-0.00122400033	-0.000388928275	0.000346270129	7.74486691e-05	0	22.3	0	0	3
256	638	0	1.50650161	-0.000892193026	-0.000795559201	-0.00122400033	-0.000388928275	0.000346270129	7.74486691e-05	0	22.3	0	0	3
257	641	0	1.51238638	-0.000916084708	-0.000798547036	-0.00122400033	-0.000388928275	0.000346270129	7.74486691e-05	0	22.3	0	0	3
258	643	0	1.51827115	-0.000876139289	-0.000802873151	-0.00122400033	-0.000388928275	0.000346270129	7.74486691e-05	0	22.3	0	0	3
259	645	0	1.52415593	-0.000758726306	-0.000806089991	-0.00122400033	-0.000388928275	0.000344601618	7.74486691e-05	0	22.4	0	0	3
260	648	0	1.5300407	-0.000781711679	-0.000810710972	-0.00122400033	-0.000408448068	0.000340779642	7.74486691e-05	0	22.7	0	0	3
261	650	0	1.53592547	-0.000730150454	-0.000814495706	-0.00122400033	-0.000447025384	0.000336856672	7.74486691e-05	0	22.9	0	0	3
262	653	0	1.54181024	-0.000674588524	-0.000816639248	-0.00122400033	-0.000447025384	0.000336856672	7.74486691e-05	0	22.9	0	0	3
263	655	0	1.54769501	-0.000596775158	-0.000817561483	-0.00122400033	-0.000447025384	0.000336856672	7.74486691e-05	0	22.9	0	0	3
264	657	0	1.55357978	-0.000573382677	-0.000816497106	-0.00122400033	-0.000447025384	0.000336856672	7.74486691e-05	0	22.9	0	0	3
265	660	0	1.55946456	-0.000613051798	-0.000815457769	-0.00122400033	-0.000447025384	0.000336856672	7.74486691e-05	0	22.9	0	0	3
266	4264	0	1.56534933	-0.000500626382	-0.000812143068	-0.00122400033	-0.000447025384	0.000336856672	7.74486691e-05	0	22.9	0	0	3
267	4266	0	1.5712341	-0.000575114718	-0.000809211272	-0.00122400033	-0.000447025384	0.000336856672	7.74486691e-05	0	22.9	0	0	3
268	4268	0	1.57711887	-0.000586671712	-0.000805134856	-0.00122400033	-0.000447025384	0.000336856672	7.74486691e-05	0	22.9	0	0	3
269	4271	0	1.58300364	-0.000587399055	-0.000801030773	-0.00122400033	-0.000447025384	0.000336856672	7.74486691e-05	0	22.9	0	0	3
270	4274	0	1.58888842	-0.000596070131	-0.000795041236	-0.00122400033	-0.000447025384	0.000336856672	7.74486691e-05	0	22.9	0	0	3
271	4277	0	1.59477319	-0.000709805938	-0.000791708767	-0.00122400033	-0.000447025384	0.000337042947	7.74486691e-05	0	22.9	0	0	3
272	58057	0	1.60065796	-0.000611195512	-0.000785094899	-0.00122400033	-0.000447025384	0.000343656815	7.74486691e-05	0	22.5	0	0	3
273	58061	0	1.60654273	-0.000555831873	-0.000779625706	-0.00122400033	-0.000447025384	0.000349126008	7.74486691e-05	0	22.1	0	0	3
274	58065	0	1.6124275	-0.000502972501	-0.000773863246	-0.00122400033	-0.000447025384	0.000354888468	7.74486691e-05	0	21.8	0	0	3
275	58069	0	1.61831228	-0.000375272138	-0.000768043227	-0.00122400033	-0.000375272138	0.000360708487	7.74486691e-05	0	21.4	0	0	3
276	58072	0	1.62419705	-0.000265514908	-0.000761154455	-0.00122400033	-0.000265514908	0.000367597259	7.74486691e-05	0	21	0	0	3
277	58076	0	1.63008182	-0.000142850818	-0.000753536085	-0.00122400033	-0.000142850818	0.000375215629	7.74486691e-05	0	20.6	0	0	3
278	58080	0	1.63596659	-1.78769241e-05	-0.00074402026	-0.00122400033	-1.78769241e-05	0.000384731454	7.74486691e-05	0	20.1	0	0	3
279	58083	0	1.64185136	-7.67547887e-05	-0.000736848441	-0.00122400033	-1.78769241e-05	0.000391903273	7.74486691e-05	0	19.7	0	0	3
280	58086	0	1.64773614	4.80722184e-05	-0.000729359382	-0.00122400033	4.80722184e-05	0.000399392332	7.74486691e-05	0	19.3	0	0	3
281	58089	0	1.65362091	-8.24821087e-05	-0.00072391213	-0.00122400033	4.80722184e-05	0.000404839584	7.74486691e-05	0	19.1	0	0	3
282	58092	0	1.65950568	0.000102247509	-0.000715992765	-0.00122400033	0.000102247509	0.000412758949	7.74486691e-05	0	18.7	0	0	3
283	58095	0	1.66539045	4.43815682e-05	-0.000708926369	-0.00122400033	0.000102247509	0.000419825345	7.74486691e-05	0	18.4	0	0	3
284	58098	0	1.67127522	5.93052455e-05	-0.00070255751	-0.00122400033	0.000102247509	0.000426194204	7.74486691e-05	0	18.1	0	0	3
285	58101	0	1.67716	5.94192591e-06	-0.000697228482	-0.00122400033	0.000102247509	0.000431523232	7.74486691e-05	0	17.9	0	0	3
286	58104	0	1.68304477	-5.37328051e-05	-0.000691140295	-0.00122400033	0.000102247509	0.000437611419	7.74486691e-05	0	17.6	0	0	3
287	58107	0	1.68892954	-0.000151189351	-0.000685879889	-0.00122400033	0.000102247509	0.000442871825	7.74486691e-05	0	17.4	0	0	3
288	58110	0	1.69481431	-0.000285121694	-0.00068166884	-0.00122400033	0.000102247509	0.000447082874	7.74486691e-05	0	17.3	0	0	3
289	58113	0	1.70069908	-0.000381668145	-0.000678300838	-0.00122400033	0.000102247509	0.000450450876	7.74486691e-05	0	17.1	0	0	3
290	58116	0	1.70658385	-0.000395500097	-0.000673824221	-0.00122400033	0.000102247509	0.000454927493	7.74486691e-05	0	17	0	0	3
291	58118	0	1.71246863	-0.000376527046	-0.000670364175	-0.00122400033	0.000102247509	0.000458387539	7.74486691e-05	0	16.8	0	0	3
292	58121	0	1.7183534	-0.000316696666	-0.000666210864	-0.00122400033	0.000102247509	0.00046254085	7.74486691e-05	0	16.7	0	0	3
293	58123	0	1.72423817	-0.000298937645	-0.000661475702	-0.00122400033	0.000102247509	0.000467276012	7.74486691e-05	0	16.5	0	0	3
294	58126	0	1.73012294	-0.000375290319	-0.000657422199	-0.00122400033	0.000102247509	0.000471329515	7.74486691e-05	0	16.4	0	0	3
295	58129	0	1.73600771	-0.000342694453	-0.000652846063	-0.00122400033	0.000102247509	0.000475905651	7.74486691e-05	0	16.2	0	0	3
296	58132	0	1.74189249	-0.000347729436	-0.000648782926	-0.00122400033	0.000102247509	0.000479968788	7.74486691e-05	0	16.1	0	0	3
297	58134	0	1.74777726	-0.000419813417	-0.000645804222	-0.00122400033	0.000102247509	0.000482794632	7.74486691e-05	0	16	0	0	3
298	58137	0	1.75366203	-0.000484137443	-0.000643939303	-0.00122400033	0.000102247509	0.00048338273	7.74486691e-05	0	16	0	0	3
299	58140	0	1.7595468	-0.000529555763	-0.000642610041	-0.00122400033	0.000102247509	0.000482869106	7.74486691e-05	0	16	0	0	3
300	58142	0	1.76543157	-0.000503612155	-0.000640841588	-0.00122400033	0.000102247509	0.000480662353	7.74486691e-05	0	16.1	0	0	3
301	58149	0	1.77131635	-0.000555985582	-0.000638767175	-0.00122400033	0.000102247509	0.000477479042	7.74486691e-05	0	16.2	0	0	3
302	58151	0	1.77720112	-0.000452537826	-0.000636571611	-0.00122400033	0.000102247509	0.000474716802	7.74486691e-05	0	16.3	0	0	3
303	58154	0	1.78308589	-0.000586918394	-0.000635695974	-0.00122400033	0.000102247509	0.000472515484	7.74486691e-05	0	16.3	0	0	3
304	58157	0	1.78897066	-0.000357842061	-0.000630291876	-0.00122400033	0.000102247509	0.000474496662	7.74486691e-05	0	16.3	0	0	3
305	58159	0	1.79485543	-0.000596014624	-0.000628240675	-0.00122400033	0.000102247509	0.000472644168	7.74486691e-05	0	16.3	0	0	3
306	58162	0	1.80074021	-0.000548821397	-0.000625754024	-0.00122400033	0.000102247509	0.000470690019	7.74486691e-05	0	16.4	0	0	3
307	58164	0	1.80662498	-0.000705549818	-0.000624728202	-0.00122400033	0.000102247509	0.00046615261	7.74486691e-05	0	16.6	0	0	3
308	58167	0	1.81250975	-0.000660964228	-0.000622689813	-0.00122400033	0.000102247509	0.000461485614	7.74486691e-05	0	16.7	0	0	3
309	58169	0	1.81839452	-0.000770703986	-0.000621190522	-0.00122400033	0.000102247509	0.000454830354	7.74486691e-05	0	17	0	0	3
310	58172	0	1.82427929	-0.000744235451	-0.000618881195	-0.00122400033	0.000102247509	0.000449120551	7.74486691e-05	0	17.2	0	0	3
311	58174	0	1.83016406	-0.000879797468	-0.000617214333	-0.00122400033	0.000102247509	0.000441461195	7.74486691e-05	0	17.5	0	0	3
312	58177	0	1.83604884	-0.000837527338	-0.000615422764	-0.00122400033	0.000102247509	0.000431871013	7.74486691e-05	0	17.9	0	0	3
313	58179	0	1.84193361	-0.00095091635	-0.000616034159	-0.00122400033	0.000102247509	0.000417333243	7.74486691e-05	0	18.5	0	0	3
314	58182	0	1.84781838	-0.000951086351	-0.000618721222	-0.00122400033	0.000102247509	0.000401207757	7.74486691e-05	0	19.3	0	0	3
315	58184	0	1.85370315	-0.000921380485	-0.000621455212	-0.00122400033	0.000102247509	0.000386410292	7.74486691e-05	0	20	0	0	3
316	58187	0	1.85958792	-0.000888476578	-0.000623859218	-0.00122400033	0.000102247509	0.00037140223	7.74486691e-05	0	20.8	0	0	3
317	58189	0	1.8654727	-0.000878254246	-0.000625077962	-0.00122400033	0.000102247509	0.000354789423	7.74486691e-05	0	21.8	0	0	3
318	58192	0	1.87135747	-0.000759759466	-0.000625391837	-0.00122400033	0.000102247509	0.000338484564	7.74486691e-05	0	22.8	0	0	3
319	58195	0	1.87724224	-0.000749757191	-0.000624489369	-0.00122400033	0.000102247509	0.000321910749	7.74486691e-05	0	24	0	0	3
320	58198	0	1.88312701	-0.00069114889	-0.000622810415	-0.00122400033	0.000102247509	0.000306479519	7.74486691e-05	0	25.2	0	0	3
321	58200	0	1.88901178	-0.000750923733	-0.000621575028	-0.00122400033	0.000102247509	0.000293250215	7.74486691e-05	0	26.4	0	0	3
322	58203	0	1.89489656	-0.000644512382	-0.000617651271	-0.00122400033	0.000102247509	0.000279882918	7.74486691e-05	0	27.6	0	0	3
323	58206	0	1.90078133	-0.00066472714	-0.000614946445	-0.00122400033	0.000102247509	0.000271048349	7.74486691e-05	0	28.5	0	0	3
324	58208	0	1.9066661	-0.000699111333	-0.000609656286	-0.00122400033	0.000102247509	0.000268653044	7.74486691e-05	0	28.8	0	0	3
325	58211	0	1.91255087	-0.000698338152	-0.000603472025	-0.00121598124	0.000102247509	0.00026902072	7.74486691e-05	0	28.7	0	0	3
326	58214	0	1.91843564	-0.00067286891	-0.000597257025	-0.00121598124	0.000102247509	0.00027037599	7.74486691e-05	0	28.6	0	0	3
327	58216	0	1.92432042	-0.000819694483	-0.000592594828	-0.00109479599	0.000102247509	0.000269091411	7.74486691e-05	0	28.7	0	0	3
328	58219	0	1.93020519	-0.000756341381	-0.000588613009	-0.00108621071	0.000102247509	0.000267323011	7.74486691e-05	0	28.9	0	0	3
329	58221	0	1.93608996	-0.000881475299	-0.000586204357	-0.00104750757	0.000102247509	0.000262867765	7.74486691e-05	0	29.4	0	0	3
330	58224	0	1.94197473	-0.000715358829	-0.000582748965	-0.00104750757	0.000102247509	0.000255148825	7.74486691e-05	0	30.3	0	0	3
331	58226	0	1.9478595	-0.00100433449	-0.000583819429	-0.00104750757	0.000102247509	0.000243936864	7.74486691e-05	0	31.7	0	0	3
332	58229	0	1.95374427	-0.000929505892	-0.000584390513	-0.00104750757	0.000102247509	0.000234812518	7.74486691e-05	0	32.9	0	0	3
333	58231	0	1.95962905	-0.000889152958	-0.00058568905	-0.00104750757	0.000102247509	0.000234812518	7.74486691e-05	0	32.9	0	0	3
334	58233	0	1.96551382	-0.00086066355	-0.000585064923	-0.00104750757	0.000102247509	0.000234812518	7.74486691e-05	0	32.9	0	0	3
335	58236	0	1.97139859	-0.000916813776	-0.000586012845	-0.00104750757	0.000102247509	0.000234812518	7.74486691e-05	0	32.9	0	0	3
336	58238	0	1.97728336	-0.000814258005	-0.000584412891	-0.00104750757	0.000102247509	0.000234812518	7.74486691e-05	0	32.9	0	0	3
337	58241	0	1.98316813	-0.000851092238	-0.000582996558	-0.00104750757	0.000102247509	0.000234812518	7.74486691e-05	0	32.9	0	0	3
338	58243	0	1.98905291	-0.000823549044	-0.000580960205	-0.00104750757	0.000102247509	0.000236601278	7.74486691e-05	0	32.7	0	0	3
339	58246	0	1.99493768	-0.000788909521	-0.000577917875	-0.00100433449	0.000102247509	0.000239643608	7.74486691e-05	0	32.3	0	0	3
340	58248	0	2.00082245	-0.000750423835	-0.000576720397	-0.00100433449	0.000102247509	0.000240841086	7.74486691e-05	0	32.1	0	0	3
341	58251	0	2.00670722	-0.000718146619	-0.000574672793	-0.00100433449	0.000102247509	0.000242888691	7.74486691e-05	0	31.8	0	0	3
342	58253	0	2.01259199	-0.000547166908	-0.000570332583	-0.00100433449	0.000102247509	0.0002472289	7.74486691e-05	0	31.3	0	0	3
343	58256	0	2.01847677	-0.000409562934	-0.00056484345	-0.00100433449	0.000102247509	0.000252718034	7.74486691e-05	0	30.6	0	0	3
344	58259	0	2.02436154	-0.00029367975	-0.000559372314	-0.00100433449	0.000102247509	0.00025818917	7.74486691e-05	0	29.9	0	0	3
345	58262	0	2.03024631	-0.000199021743	-0.000552517138	-0.00100433449	0.000102247509	0.000265044345	7.74486691e-05	0	29.2	0	0	3
346	58264	0	2.03613108	-0.000174143019	-0.000545975874	-0.00100433449	0.000102247509	0.000271585609	7.74486691e-05	0	28.5	0	0	3
347	58267	0	2.04201585	-0.000111444234	-0.000539350647	-0.00100433449	0.000102247509	0.000278210836	7.74486691e-05	0	27.8	0	0	3
348	58270	0	2.04790063	-0.000145575816	-0.00053404242	-0.00100433449	0.000102247509	0.000282454686	7.74486691e-05	0	27.4	0	0	3
349	58273	0	2.0537854	-0.000105971452	-0.000528543464	-0.00100433449	0.000102247509	0.000286914305	7.74486691e-05	0	26.9	0	0	3
350	58275	0	2.05967017	-0.000209309367	-0.000523793553	-0.00100433449	0.000102247509	0.000288349516	7.74486691e-05	0	26.8	0	0	3
351	58278	0	2.06555494	-7.91075295e-05	-0.000518834508	-0.00100433449	0.000102247509	0.000290376765	7.74486691e-05	0	26.6	0	0	3
352	58280	0	2.07143971	-0.000141673529	-0.0005137352	-0.00100433449	0.000102247509	0.000291399656	7.74486691e-05	0	26.5	0	0	3
353	58283	0	2.07732449	-0.000142597719	-0.0005085108	-0.00100433449	0.000102247509	0.000292519973	7.74486691e-05	0	26.4	0	0	3
354	58285	0	2.08320926	-0.00015628715	-0.000503438895	-0.00100433449	0.000102247509	0.000291602341	7.74486691e-05	0	26.5	0	0	3
355	58288	0	2.08909403	-0.000123826397	-0.000497883086	-0.00100433449	0.000102247509	0.000293825681	7.74486691e-05	0	26.3	0	0	3
356	58290	0	2.0949788	-0.000142332962	-0.000491206934	-0.00100433449	0.000102247509	0.000293887966	7.74486691e-05	0	26.3	0	0	3
357	58293	0	2.10086357	-0.000147884904	-0.000485756221	-0.00100433449	0.000102247509	0.000293869485	7.74486691e-05	0	26.3	0	0	3
358	58295	0	2.10674834	-0.0001661602	-0.000481171848	-0.00100433449	0.000102247509	0.000292691398	7.74486691e-05	0	26.4	0	0	3
359	58298	0	2.11263312	-0.000123657246	-0.000476709316	-0.00100433449	0.000102247509	0.000291333912	7.74486691e-05	0	26.5	0	0	3
360	58300	0	2.11851789	-0.000286714558	-0.000475667462	-0.00100433449	0.000102247509	0.000285486993	7.74486691e-05	0	27.1	0	0	3
361	58303	0	2.12440266	-0.000306604684	-0.000476150871	-0.00100433449	0.000102247509	0.000277868624	7.74486691e-05	0	27.8	0	0	3
362	58306	0	2.13028743	-0.000340617874	-0.000478477542	-0.00100433449	0.000102247509	0.000268352799	7.74486691e-05	0	28.8	0	0	3
363	58308	0	2.1361722	-0.000449019285	-0.000483549805	-0.00100433449	0.000102247509	0.000261180979	7.74486691e-05	0	29.6	0	0	3
364	58311	0	2.14205698	-0.000427202517	-0.00048767272	-0.00100433449	0.000102247509	0.00025369192	7.74486691e-05	0	30.5	0	0	3
365	58314	0	2.14794175	-0.000542003929	-0.000494614792	-0.00100433449	0.000102247509	0.000248244668	7.74486691e-05	0	31.1	0	0	3
366	58316	0	2.15382652	-0.000554856441	-0.000500172137	-0.00100433449	0.000102247509	0.000240325304	7.74486691e-05	0	32.2	0	0	3
367	58319	0	2.15971129	-0.000615880654	-0.000508620704	-0.00100433449	5.93052455e-05	0.000233258907	7.74486691e-05	0	33.2	0	0	3
368	58321	0	2.16559606	-0.000635089874	-0.000516614485	-0.00100433449	5.93052455e-05	0.000226890048	7.74486691e-05	0	34.1	0	0	3
369	58324	0	2.17148084	-0.000701259999	-0.000525562312	-0.00100433449	5.94192591e-06	0.000221561021	7.74486691e-05	0	34.9	0	0	3
370	58327	0	2.17736561	-0.000683281897	-0.000533670827	-0.00100433449	-5.37328051e-05	0.000215472834	7.74486691e-05	0	35.9	0	0	3
371	58329	0	2.18325038	-0.000757473306	-0.000541950127	-0.00100433449	-7.91075295e-05	0.000210212427	7.74486691e-05	0	36.8	0	0	3
372	58332	0	2.18913515	-0.000761261126	-0.000549127442	-0.00100433449	-7.91075295e-05	0.000206001378	7.74486691e-05	0	37.5	0	0	3
373	58335	0	2.19501992	-0.000893291044	-0.000556282376	-0.00100433449	-7.91075295e-05	0.000202633376	7.74486691e-05	0	38.2	0	0	3
374	58337	0	2.2009047	-0.000873519699	-0.000562068865	-0.00100433449	-7.91075295e-05	0.00019815676	7.74486691e-05	0	39	0	0	3
375	58340	0	2.20678947	-0.00111760457	-0.000570564211	-0.00111760457	-7.91075295e-05	0.000194696714	7.74486691e-05	0	39.7	0	0	3
376	58342	0	2.21267424	-0.000925887703	-0.000577027278	-0.00111760457	-7.91075295e-05	0.000190543403	7.74486691e-05	0	40.6	0	0	3
377	58344	0	2.21855901	-0.00109781388	-0.000586216892	-0.00111760457	-7.91075295e-05	0.00018580824	7.74486691e-05	0	41.6	0	0	3
378	58347	0	2.22444378	-0.00096540671	-0.000594057705	-0.00111760457	-7.91075295e-05	0.000181754738	7.74486691e-05	0	42.6	0	0	3
379	58349	0	2.23032855	-0.00101433742	-0.000601575906	-0.00111760457	-7.91075295e-05	0.000177178601	7.74486691e-05	0	43.7	0	0	3
380	58352	0	2.23621333	-0.000961897132	-0.000608860643	-0.00111760457	-7.91075295e-05	0.000173115464	7.74486691e-05	0	44.7	0	0	3
381	58354	0	2.2420981	-0.00086616438	-0.000614959878	-0.00111760457	-7.91075295e-05	0.00017013676	7.74486691e-05	0	45.5	0	0	3
382	58357	0	2.24798287	-0.000756651792	-0.000618922682	-0.00111760457	-7.91075295e-05	0.000168271841	7.74486691e-05	0	46	0	0	3
383	58359	0	2.25386764	-0.000806197566	-0.000622711625	-0.00111760457	-7.91075295e-05	0.00016694258	7.74486691e-05	0	46.3	0	0	3
384	58362	0	2.25975241	-0.000726211239	-0.000625025219	-0.00111760457	-7.91075295e-05	0.000165174126	7.74486691e-05	0	46.8	0	0	3
385	58365	0	2.26563719	-0.000700627053	-0.000627343041	-0.00111760457	-7.91075295e-05	0.000163099714	7.74486691e-05	0	47.4	0	0	3
386	58368	0	2.27152196	-0.000634129538	-0.000628262382	-0.00111760457	-7.91075295e-05	0.000160904149	7.74486691e-05	0	48.1	0	0	3
387	58371	0	2.27740673	-0.000464278671	-0.000628400509	-0.00111760457	-7.91075295e-05	0.000160028512	7.74486691e-05	0	48.3	0	0	3
388	58373	0	2.2832915	-0.000258182214	-0.000624533025	-0.00111760457	-7.91075295e-05	0.000154624415	7.74486691e-05	0	50	0	0	3
389	58376	0	2.28917627	-0.000286613394	-0.000623695041	-0.00111760457	-7.91075295e-05	0.000152733048	7.74486691e-05	0	50.7	0	0	3
390	58379	0	2.29506105	-0.000249772121	-0.000619621599	-0.00111760457	-7.91075295e-05	0.000152733048	7.74486691e-05	0	50.7	0	0	3
391	58381	0	2.30094582	-0.000243073714	-0.000616024568	-0.00111760457	-7.91075295e-05	0.000152733048	7.74486691e-05	0	50.7	0	0	3
392	58384	0	2.30683059	-0.000230324973	-0.000610433687	-0.00111760457	-7.91075295e-05	0.000152733048	7.74486691e-05	0	50.7	0	0	3
393	58387	0	2.31271536	-0.000338774361	-0.000606643218	-0.00111760457	-7.91075295e-05	0.000152733048	7.74486691e-05	0	50.7	0	0	3
394	58390	0	2.31860013	-0.000435675387	-0.000602701705	-0.00111760457	-7.91075295e-05	0.000152733048	7.74486691e-05	0	50.7	0	0	3
395	58392	0	2.32448491	-0.00040977573	-0.000598766885	-0.00111760457	-7.91075295e-05	0.000152733048	7.74486691e-05	0	50.7	0	0	3
396	58395	0	2.33036968	-0.000603250017	-0.000595513386	-0.00111760457	-7.91075295e-05	0.000152733048	7.74486691e-05	0	50.7	0	0	3
397	58397	0	2.33625445	-0.000658542139	-0.000593407677	-0.00111760457	-7.91075295e-05	0.000152733048	7.74486691e-05	0	50.7	0	0	3
398	58400	0	2.34213922	-0.000643349789	-0.000589789247	-0.00111760457	-7.91075295e-05	0.000152733048	7.74486691e-05	0	50.7	0	0	3
399	58402	0	2.34802399	-0.000837354097	-0.000588451221	-0.00111760457	-7.91075295e-05	0.000152733048	7.74486691e-05	0	50.7	0	0	3
400	58405	0	2.35390876	-0.000712475992	-0.000585993521	-0.00111760457	-7.91075295e-05	0.000152733048	7.74486691e-05	0	50.7	0	0	3
401	58412	0	2.35979354	-0.000843298885	-0.000585462019	-0.00111760457	-7.91075295e-05	0.000152733048	7.74486691e-05	0	50.7	0	0	3
402	58415	0	2.36567831	-0.000792898823	-0.000584457837	-0.00111760457	-7.91075295e-05	0.000152733048	7.74486691e-05	0	50.7	0	0	3
403	58418	0	2.37156308	-0.000679807308	-0.000583517224	-0.00111760457	-7.91075295e-05	0.000152733048	7.74486691e-05	0	50.7	0	0	3
404	58420	0	2.37744785	-0.000533064546	-0.000580967898	-0.00111760457	-7.91075295e-05	0.000152733048	7.74486691e-05	0	50.7	0	0	3
405	58423	0	2.38333262	-0.000506389962	-0.000578794264	-0.00111760457	-7.91075295e-05	0.000152733048	7.74486691e-05	0	50.7	0	0	3
406	58426	0	2.3892174	-0.000375915841	-0.000574382406	-0.00111760457	-7.91075295e-05	0.000152733048	7.74486691e-05	0	50.7	0	0	3
407	58428	0	2.39510217	-0.000362787419	-0.000571067995	-0.00111760457	-7.91075295e-05	0.000152733048	7.74486691e-05	0	50.7	0	0	3
408	58431	0	2.40098694	-0.000355169204	-0.000567426137	-0.00111760457	-7.91075295e-05	0.000152733048	7.74486691e-05	0	50.7	0	0	3
409	58433	0	2.40687171	-0.000374922865	-0.000563612155	-0.00111760457	-7.91075295e-05	0.000152733048	7.74486691e-05	0	50.7	0	0	3
410	58436	0	2.41275648	-0.000285014209	-0.00055874952	-0.00111760457	-7.91075295e-05	0.000152733048	7.74486691e-05	0	50.7	0	0	3
411	58438	0	2.41864126	-0.000228990922	-0.000553527426	-0.00111760457	-7.91075295e-05	0.000152733048	7.74486691e-05	0	50.7	0	0	3
412	58441	0	2.42452603	-0.000235552464	-0.000546655167	-0.00111760457	-7.91075295e-05	0.000152733048	7.74486691e-05	0	50.7	0	0	3
413	58443	0	2.4304108	-0.000346393917	-0.000541832256	-0.00111760457	-7.91075295e-05	0.000152733048	7.74486691e-05	0	50.7	0	0	3
414	58446	0	2.43629557	-0.000457096882	-0.000536839569	-0.00111760457	-7.91075295e-05	0.000152733048	7.74486691e-05	0	50.7	0	0	3
415	58448	0	2.44218034	-0.000529708487	-0.000534655447	-0.00111760457	-7.91075295e-05	0.000152733048	7.74486691e-05	0	50.7	0	0	3
416	58450	0	2.44806512	-0.000600673037	-0.000529906489	-0.00111760457	-7.91075295e-05	0.000152733048	7.74486691e-05	0	50.7	0	0	3
417	58453	0	2.45394989	-0.0007542636	-0.000527844815	-0.00111760457	-7.91075295e-05	0.000152733048	7.74486691e-05	0	50.7	0	0	3
418	58455	0	2.45983466	-0.000840785527	-0.000527275786	-0.00111760457	-7.91075295e-05	0.000152733048	7.74486691e-05	0	50.7	0	0	3
419	58457	0	2.46571943	-0.000809769534	-0.000526677033	-0.00111760457	-7.91075295e-05	0.000152733048	7.74486691e-05	0	50.7	0	0	3
420	58460	0	2.4716042	-0.000881487616	-0.000526261431	-0.00111760457	-7.91075295e-05	0.000152733048	7.74486691e-05	0	50.7	0	0	3
421	58463	0	2.47748898	-0.000824778744	-0.000526385204	-0.00111760457	-7.91075295e-05	0.000152733048	7.74486691e-05	0	50.7	0	0	3
422	58465	0	2.48337375	-0.000803879041	-0.000525829755	-0.00111760457	-7.91075295e-05	0.000152733048	7.74486691e-05	0	50.7	0	0	3
423	58467	0	2.48925852	-0.00076654542	-0.000525159124	-0.00111760457	-7.91075295e-05	0.000152733048	7.74486691e-05	0	50.7	0	0	3
424	58470	0	2.49514329	-0.000839892171	-0.00052575892	-0.00111760457	-7.91075295e-05	0.000152733048	7.74486691e-05	0	50.7	0	0	3
425	58473	0	2.50102806	-0.000858529071	-0.000527030746	-0.00111760457	-7.91075295e-05	0.000152733048	7.74486691e-05	0	50.7	0	0	3
426	58475	0	2.50691283	-0.000921119563	-0.000529418663	-0.00111760457	-7.91075295e-05	0.000152733048	7.74486691e-05	0	50.7	0	0	3
427	58478	0	2.51279761	-0.000982063746	-0.000534535097	-0.00111760457	-7.91075295e-05	0.000152733048	7.74486691e-05	0	50.7	0	0	3
428	58480	0	2.51868238	-0.00104590981	-0.000542021531	-0.00111760457	-7.91075295e-05	0.000152733048	7.74486691e-05	0	50.7	0	0	3
429	58483	0	2.52456715	-0.00107280154	-0.000551187669	-0.00111760457	-7.91075295e-05	0.000152733048	7.74486691e-05	0	50.7	0	0	3
430	58485	0	2.53045192	-0.00109116194	-0.000561683436	-0.00111760457	-7.91075295e-05	0.000152733048	7.74486691e-05	0	50.7	0	0	3
431	58488	0	2.53633669	-0.00098413665	-0.000571212773	-0.00111760457	-7.91075295e-05	0.000152733048	7.74486691e-05	0	50.7	0	0	3
432	58490	0	2.54222147	-0.00096733446	-0.00058128207	-0.00111760457	-7.91075295e-05	0.000152733048	7.74486691e-05	0	50.7	0	0	3
433	58493	0	2.54810624	-0.000899297121	-0.000590149379	-0.00111760457	-7.91075295e-05	0.000152733048	7.74486691e-05	0	50.7	0	0	3
434	58495	0	2.55399101	-0.000829715987	-0.000598664021	-0.00111760457	-7.91075295e-05	0.000152733048	7.74486691e-05	0	50.7	0	0	3
435	58498	0	2.55987578	-0.000990167625	-0.000607850589	-0.00111760457	-7.91075295e-05	0.000152733048	7.74486691e-05	0	50.7	0	0	3
436	58500	0	2.56576055	-0.0011219846	-0.000620119731	-0.0011219846	-0.000123657246	0.000152733048	7.74486691e-05	0	50.7	0	0	3
437	58503	0	2.57164533	-0.00129117955	-0.000633643331	-0.00129117955	-0.000123657246	0.000157975869	7.74486691e-05	0	49	0	0	3
438	58505	0	2.5775301	-0.00115278642	-0.000645527904	-0.00129117955	-0.000123657246	0.000169860442	7.74486691e-05	0	45.5	0	0	3
439	58508	0	2.58341487	-0.0012789665	-0.000658735896	-0.00129117955	-0.000123657246	0.000183068435	7.74486691e-05	0	42.3	0	0	3
440	58510	0	2.58929964	-0.00117074453	-0.00067105258	-0.00129117955	-0.000123657246	0.000195385119	7.74486691e-05	0	39.6	0	0	3
441	58513	0	2.59518441	-0.00110567281	-0.00068238599	-0.00129117955	-0.000123657246	0.000206718529	7.74486691e-05	0	37.4	0	0	3
442	58516	0	2.60106919	-0.000921701774	-0.000691489718	-0.00129117955	-0.000123657246	0.000215822257	7.74486691e-05	0	35.8	0	0	3
443	58518	0	2.60695396	-0.00107574253	-0.000702190687	-0.00129117955	-0.000123657246	0.000226523225	7.74486691e-05	0	34.1	0	0	3
444	58521	0	2.61283873	-0.000946617825	-0.000711872576	-0.00129117955	-0.000228990922	0.000236205114	7.74486691e-05	0	32.7	0	0	3
445	58523	0	2.6187235	-0.00102143631	-0.000720516361	-0.00129117955	-0.000228990922	0.00024436549	7.74486691e-05	0	31.6	0	0	3
446	58526	0	2.62460827	-0.000987156181	-0.000728522849	-0.00129117955	-0.000228990922	0.000250045307	7.74486691e-05	0	30.9	0	0	3
447	58529	0	2.63049304	-0.00115274507	-0.000738077287	-0.00129117955	-0.000228990922	0.000254527482	7.74486691e-05	0	30.4	0	0	3
448	58531	0	2.63637782	-0.00120664214	-0.000746990497	-0.00129117955	-0.000228990922	0.000259317778	7.74486691e-05	0	29.8	0	0	3
449	58534	0	2.64226259	-0.00132941817	-0.000757604799	-0.00132941817	-0.000228990922	0.000262990007	7.74486691e-05	0	29.4	0	0	3
450	58536	0	2.64814736	-0.00119889183	-0.000765332892	-0.00132941817	-0.000228990922	0.000265160755	7.74486691e-05	0	29.2	0	0	3
451	58539	0	2.65403213	-0.00124960841	-0.000773506444	-0.00132941817	-0.000228990922	0.000264885741	7.74486691e-05	0	29.2	0	0	3
452	58542	0	2.6599169	-0.00115773084	-0.000779881152	-0.00132941817	-0.000228990922	0.000263266667	7.74486691e-05	0	29.4	0	0	3
453	58544	0	2.66580168	-0.00114431291	-0.000785872012	-0.00132941817	-0.000228990922	0.000260712887	7.74486691e-05	0	29.7	0	0	3
454	58547	0	2.67168645	-0.0010723445	-0.000790237712	-0.00132941817	-0.000228990922	0.000265078587	7.74486691e-05	0	29.2	0	0	3
455	58549	0	2.67757122	-0.00110887114	-0.000795244644	-0.00132941817	-0.000228990922	0.00027008552	7.74486691e-05	0	28.6	0	0	3
456	58552	0	2.68345599	-0.00113918232	-0.000799735338	-0.00132941817	-0.000228990922	0.000274576214	7.74486691e-05	0	28.2	0	0	3
457	58554	0	2.68934076	-0.00117115727	-0.000804557646	-0.00132941817	-0.000228990922	0.000279398522	7.74486691e-05	0	27.7	0	0	3
458	58557	0	2.69522554	-0.00115130478	-0.000807593101	-0.00132941817	-0.000228990922	0.000282433977	7.74486691e-05	0	27.4	0	0	3
459	58559	0	2.70111031	-0.00136609072	-0.000813388055	-0.00136609072	-0.000228990922	0.00028822893	7.74486691e-05	0	26.8	0	0	3
460	58562	0	2.70699508	-0.00125115955	-0.00081495929	-0.00136609072	-0.000228990922	0.000289800165	7.74486691e-05	0	26.7	0	0	3
461	58564	0	2.71287985	-0.00140704686	-0.000820619986	-0.00140704686	-0.000228990922	0.000295460861	7.74486691e-05	0	26.2	0	0	3
462	58566	0	2.71876462	-0.00126956408	-0.000822640576	-0.00140704686	-0.000228990922	0.000297481452	7.74486691e-05	0	26	0	0	3
463	58569	0	2.7246494	-0.00130187382	-0.000826599013	-0.00140704686	-0.000228990922	0.000301439889	7.74486691e-05	0	25.6	0	0	3
464	58571	0	2.73053417	-0.00114747708	-0.000828165362	-0.00140704686	-0.000228990922	0.000303006238	7.74486691e-05	0	25.5	0	0	3
465	58574	0	2.73641894	-0.00120411092	-0.000831014936	-0.00140704686	-0.000228990922	0.000305855812	7.74486691e-05	0	25.3	0	0	3
466	58576	0	2.74230371	-0.00108988425	-0.000833646934	-0.00140704686	-0.000228990922	0.00030848781	7.74486691e-05	0	25.1	0	0	3
467	58579	0	2.74818848	-0.00113113345	-0.000838052601	-0.00140704686	-0.000228990922	0.000312893477	7.74486691e-05	0	24.7	0	0	3
468	58581	0	2.75407326	-0.00107928296	-0.00084126537	-0.00140704686	-0.000228990922	0.000316106246	7.74486691e-05	0	24.5	0	0	3
469	58584	0	2.75995803	-0.00100218149	-0.000844512079	-0.00140704686	-0.000228990922	0.000319352955	7.74486691e-05	0	24.2	0	0	3
470	58587	0	2.7658428	-0.00108910891	-0.000849082454	-0.00140704686	-0.000228990922	0.000323923329	7.74486691e-05	0	23.9	0	0	3
471	58589	0	2.77172757	-0.000984240916	-0.000853201411	-0.00140704686	-0.000228990922	0.000328042287	7.74486691e-05	0	23.6	0	0	3
472	58592	0	2.77761234	-0.000965527847	-0.00085909846	-0.00140704686	-0.000228990922	0.000333939336	7.74486691e-05	0	23.1	0	0	3
473	58594	0	2.78349711	-0.00100713633	-0.000867909685	-0.00140704686	-0.000228990922	0.000342750561	7.74486691e-05	0	22.5	0	0	3
474	58596	0	2.78938189	-0.000945164732	-0.000875657348	-0.00140704686	-0.000228990922	0.000350498224	7.74486691e-05	0	22	0	0	3
475	58599	0	2.79526666	-0.000988028302	-0.000884342715	-0.00140704686	-0.000228990922	0.000359183591	7.74486691e-05	0	21.5	0	0	3
476	58601	0	2.80115143	-0.000869667417	-0.000891714405	-0.00140704686	-0.000228990922	0.000366555281	7.74486691e-05	0	21.1	0	0	3
477	58603	0	2.8070362	-0.000931007031	-0.000899957724	-0.00140704686	-0.000228990922	0.000374798599	7.74486691e-05	0	20.6	0	0	3
478	58606	0	2.81292097	-0.00103347371	-0.000908130657	-0.00140704686	-0.000228990922	0.000382971533	7.74486691e-05	0	20.2	0	0	3
479	58608	0	2.81880575	-0.000971585952	-0.000914435487	-0.00140704686	-0.000228990922	0.000389276363	7.74486691e-05	0	19.8	0	0	3
480	58611	0	2.82469052	-0.00105505708	-0.000922027033	-0.00140704686	-0.000228990922	0.000396867908	7.74486691e-05	0	19.5	0	0	3
481	58613	0	2.83057529	-0.00112359824	-0.000928148776	-0.00140704686	-0.000228990922	0.000402989652	7.74486691e-05	0	19.2	0	0	3
482	58616	0	2.83646006	-0.0012951232	-0.000935637965	-0.00140704686	-0.000228990922	0.000410478841	7.74486691e-05	0	18.8	0	0	3
483	58618	0	2.84234483	-0.0013439172	-0.000943879935	-0.00140704686	-0.000228990922	0.000418720811	7.74486691e-05	0	18.4	0	0	3
484	58620	0	2.84822961	-0.00136580188	-0.000950096968	-0.00140704686	-0.000228990922	0.000424937844	7.74486691e-05	0	18.2	0	0	3
485	58623	0	2.85411438	-0.0013587899	-0.000957700661	-0.00140704686	-0.000228990922	0.000432541537	7.74486691e-05	0	17.9	0	0	3
486	58625	0	2.85999915	-0.00144599449	-0.000964791197	-0.00144599449	-0.000228990922	0.000439632073	7.74486691e-05	0	17.6	0	0	3
487	58628	0	2.86588392	-0.00145125313	-0.000972536542	-0.00145125313	-0.000228990922	0.000447377418	7.74486691e-05	0	17.3	0	0	3
488	58631	0	2.87176869	-0.00143192666	-0.000981385005	-0.00145125313	-0.000228990922	0.000456225881	7.74486691e-05	0	16.9	0	0	3
489	58633	0	2.87765347	-0.00142059203	-0.000991826505	-0.00145125313	-0.000228990922	0.000466667381	7.74486691e-05	0	16.5	0	0	3
490	58636	0	2.88353824	-0.00140360261	-0.00100238195	-0.00145125313	-0.000228990922	0.000477222824	7.74486691e-05	0	16.2	0	0	3
491	58638	0	2.88942301	-0.00144686313	-0.00101498133	-0.00145125313	-0.000228990922	0.000489822204	7.74486691e-05	0	15.8	0	0	3
492	58641	0	2.89530778	-0.00137391433	-0.00102687694	-0.00145125313	-0.000228990922	0.000501717814	7.74486691e-05	0	15.4	0	0	3
493	58643	0	2.90119255	-0.00131853498	-0.00103821065	-0.00145125313	-0.000228990922	0.000513051529	7.74486691e-05	0	15	0	0	3
494	58646	0	2.90707732	-0.00121137076	-0.00104805122	-0.00145125313	-0.000228990922	0.000522892093	7.74486691e-05	0	14.8	0	0	3
495	58649	0	2.9129621	-0.001059957	-0.00105716819	-0.00145125313	-0.000228990922	0.000532009067	7.74486691e-05	0	14.5	0	0	3
496	58651	0	2.91884687	-0.000888484975	-0.00106492694	-0.00145125313	-0.000235552464	0.00053976782	7.74486691e-05	0	14.3	0	0	3
497	58654	0	2.92473164	-0.000815442333	-0.00107174918	-0.00145125313	-0.000346393917	0.000546590054	7.74486691e-05	0	14.1	0	0	3
498	58656	0	2.93061641	-0.000634262513	-0.00107513587	-0.00145125313	-0.000457096882	0.000549976744	7.74486691e-05	0	14	0	0	3
499	58659	0	2.93650118	-0.000610883663	-0.00107694512	-0.00145125313	-0.000529708487	0.000551786	7.74486691e-05	0	14	0	0	3
500	58661	0	2.94238596	-0.000510988453	-0.00107672489	-0.00145125313	-0.000510988453	0.000551786	7.74486691e-05	0	14	0	0	3
501	58668	0	2.94827073	-0.000532248883	-0.0010759199	-0.00145125313	-0.000510988453	0.000551786	7.74486691e-05	0	14	0	0	3
502	58671	0	2.9541555	-0.000549944722	-0.00107351615	-0.00145125313	-0.000510988453	0.000551786	7.74486691e-05	0	14	0	0	3
503	58673	0	2.96004027	-0.000513948331	-0.001069671	-0.00145125313	-0.000510988453	0.000551786	7.74486691e-05	0	14	0	0	3
504	58676	0	2.96592504	-0.000558107991	-0.00106671028	-0.00145125313	-0.000510988453	0.000551786	7.74486691e-05	0	14	0	0	3
505	58678	0	2.97180982	-0.000606353902	-0.00106347341	-0.00145125313	-0.000510988453	0.000551786	7.74486691e-05	0	14	0	0	3
506	58680	0	2.97769459	-0.000745133129	-0.0010625364	-0.00145125313	-0.000510988453	0.000551786	7.74486691e-05	0	14	0	0	3
507	58683	0	2.98357936	-0.000795357805	-0.00106243615	-0.00145125313	-0.000510988453	0.000551786	7.74486691e-05	0	14	0	0	3
508	58685	0	2.98946413	-0.000882274386	-0.00106379767	-0.00145125313	-0.000510988453	0.000551186204	7.74486691e-05	0	14	0	0	3
509	58688	0	2.9953489	-0.000932045258	-0.00106488183	-0.00145125313	-0.000510988453	0.000549914378	7.74486691e-05	0	14	0	0	3
510	58690	0	3.00123368	-0.00109010104	-0.0010676062	-0.00145125313	-0.000510988453	0.000547526461	7.74486691e-05	0	14.1	0	0	3
511	58693	0	3.00711845	-0.00129697186	-0.00107202799	-0.00145125313	-0.000510988453	0.000542410027	7.74486691e-05	0	14.2	0	0	3
512	58695	0	3.01300322	-0.0014701246	-0.00107776989	-0.0014701246	-0.000510988453	0.000535748356	7.74486691e-05	0	14.4	0	0	3
513	58698	0	3.01888799	-0.00166175532	-0.00108501513	-0.00166175532	-0.000510988453	0.000533827458	7.74486691e-05	0	14.5	0	0	3
514	58700	0	3.02477276	-0.00168169586	-0.00109217859	-0.00168169586	-0.000510988453	0.000530495154	7.74486691e-05	0	14.5	0	0	3
515	58703	0	3.03065753	-0.00185291688	-0.00110114041	-0.00185291688	-0.000510988453	0.00052992764	7.74486691e-05	0	14.6	0	0	3
516	58705	0	3.03654231	-0.00179756138	-0.00111071012	-0.00185291688	-0.000510988453	0.000529428046	7.74486691e-05	0	14.6	0	0	3
517	58708	0	3.04242708	-0.00197242627	-0.00112253473	-0.00197242627	-0.000510988453	0.000532385346	7.74486691e-05	0	14.5	0	0	3
518	58711	0	3.04831185	-0.00195474146	-0.00113495172	-0.00197242627	-0.000510988453	0.000536287697	7.74486691e-05	0	14.4	0	0	3
519	58713	0	3.05419662	-0.00187233403	-0.00114721781	-0.00197242627	-0.000510988453	0.000539367223	7.74486691e-05	0	14.3	0	0	3
520	58716	0	3.06008139	-0.00184206226	-0.0011572401	-0.00197242627	-0.000510988453	0.000537120371	7.74486691e-05	0	14.4	0	0	3
521	58718	0	3.06596617	-0.0018029422	-0.00116525137	-0.00197242627	-0.000510988453	0.000531608037	7.74486691e-05	0	14.5	0	0	3
522	58721	0	3.07185094	-0.00158636477	-0.00116872414	-0.00197242627	-0.000510988453	0.000523196231	7.74486691e-05	0	14.8	0	0	3
523	58723	0	3.07773571	-0.00146662553	-0.00117241636	-0.00197242627	-0.000510988453	0.000513680464	7.74486691e-05	0	15	0	0	3
524	58726	0	3.08362048	-0.00134166581	-0.001173154	-0.00197242627	-0.000510988453	0.000502101419	7.74486691e-05	0	15.4	0	0	3
525	58729	0	3.08950525	-0.00134917321	-0.00117525316	-0.00197242627	-0.000510988453	0.00049286717	7.74486691e-05	0	15.7	0	0	3
526	58731	0	3.09539003	-0.00125338727	-0.00117699098	-0.00197242627	-0.000510988453	0.000485501259	7.74486691e-05	0	15.9	0	0	3
527	58734	0	3.1012748	-0.00129655163	-0.00118140098	-0.00197242627	-0.000510988453	0.000479210289	7.74486691e-05	0	16.1	0	0	3
528	58736	0	3.10715957	-0.00113825639	-0.00118213643	-0.00197242627	-0.000510988453	0.000470263857	7.74486691e-05	0	16.4	0	0	3
529	58739	0	3.11304434	-0.0012352192	-0.00118553174	-0.00197242627	-0.000510988453	0.000465015382	7.74486691e-05	0	16.6	0	0	3
530	58742	0	3.11892911	-0.0011279323	-0.00118678464	-0.00197242627	-0.000510988453	0.000458261787	7.74486691e-05	0	16.9	0	0	3
531	58744	0	3.12481389	-0.00107802989	-0.00118785374	-0.00197242627	-0.000510988453	0.000449776452	7.74486691e-05	0	17.2	0	0	3
532	58747	0	3.13069866	-0.00120224202	-0.00118843606	-0.00197242627	-0.000510988453	0.000441445559	7.74486691e-05	0	17.5	0	0	3
533	58750	0	3.13658343	-0.00118218609	-0.00118814834	-0.00197242627	-0.000510988453	0.000430831257	7.74486691e-05	0	17.9	0	0	3
534	58752	0	3.1424682	-0.0012681993	-0.00118742812	-0.00197242627	-0.000510988453	0.000423103164	7.74486691e-05	0	18.3	0	0	3
535	58755	0	3.14835297	-0.00130763356	-0.00118870743	-0.00197242627	-0.000510988453	0.000415200986	7.74486691e-05	0	18.6	0	0	3
536	58757	0	3.15423775	-0.00136255132	-0.00119003617	-0.00197242627	-0.000510988453	0.000410155018	7.74486691e-05	0	18.8	0	0	3
537	58760	0	3.16012252	-0.00123160593	-0.00119090529	-0.00197242627	-0.000510988453	0.000405033278	7.74486691e-05	0	19.1	0	0	3
538	58762	0	3.16600729	-0.00120157813	-0.001191579	-0.00197242627	-0.000510988453	0.000401341286	7.74486691e-05	0	19.2	0	0	3
539	58765	0	3.17189206	-0.00106879544	-0.00119153724	-0.00197242627	-0.000510988453	0.000396334354	7.74486691e-05	0	19.5	0	0	3
540	58768	0	3.17777683	-0.00103481148	-0.00119066595	-0.00197242627	-0.000510988453	0.00039184366	7.74486691e-05	0	19.7	0	0	3
541	58770	0	3.1836616	-0.00101629486	-0.00118922022	-0.00197242627	-0.000510988453	0.000387021352	7.74486691e-05	0	20	0	0	3
542	58772	0	3.18954638	-0.000997351288	-0.00118717544	-0.00197242627	-0.000510988453	0.000383985897	7.74486691e-05	0	20.1	0	0	3
543	58775	0	3.19543115	-0.000930955226	-0.0011845831	-0.00197242627	-0.000510988453	0.000378190943	7.74486691e-05	0	20.4	0	0	3
544	58777	0	3.20131592	-0.000860698651	-0.00117863731	-0.00197242627	-0.000510988453	0.000376619708	7.74486691e-05	0	20.5	0	0	3
545	58780	0	3.20720069	-0.000914958746	-0.001174682	-0.00197242627	-0.000510988453	0.000370959012	7.74486691e-05	0	20.8	0	0	3
546	58782	0	3.21308546	-0.000874561032	-0.00116841746	-0.00197242627	-0.000510988453	0.000368938422	7.74486691e-05	0	20.9	0	0	3
547	58785	0	3.21897024	-0.000850063432	-0.00116348216	-0.00197242627	-0.000510988453	0.000364979985	7.74486691e-05	0	21.2	0	0	3
548	58788	0	3.22485501	-0.000987095879	-0.00115977889	-0.00197242627	-0.000510988453	0.000363413636	7.74486691e-05	0	21.3	0	0	3
549	58790	0	3.23073978	-0.000931697594	-0.00115724031	-0.00197242627	-0.000510988453	0.000360564062	7.74486691e-05	0	21.4	0	0	3
550	58792	0	3.23662455	-0.000983230859	-0.00115464172	-0.00197242627	-0.000510988453	0.000357932064	7.74486691e-05	0	21.6	0	0	3
551	58795	0	3.24250932	-0.000962635777	-0.00115314468	-0.00197242627	-0.000510988453	0.000353526397	7.74486691e-05	0	21.9	0	0	3
552	58797	0	3.2483941	-0.0010272292	-0.00115192228	-0.00197242627	-0.000510988453	0.000350313628	7.74486691e-05	0	22.1	0	0	3
553	58800	0	3.25427887	-0.00096887946	-0.00115062341	-0.00197242627	-0.000510988453	0.000347066919	7.74486691e-05	0	22.3	0	0	3
554	58802	0	3.26016364	-0.000962839295	-0.00115016056	-0.00197242627	-0.000510988453	0.000342496544	7.74486691e-05	0	22.6	0	0	3
555	58805	0	3.26604841	-0.000916777026	-0.00114813313	-0.00197242627	-0.000510988453	0.000338377587	7.74486691e-05	0	22.8	0	0	3
556	58807	0	3.27193318	-0.000932559648	-0.00114752511	-0.00197242627	-0.000510988453	0.000332480538	7.74486691e-05	0	23.2	0	0	3
557	58810	0	3.27781796	-0.000811095086	-0.00114570826	-0.00197242627	-0.000510988453	0.000323669313	7.74486691e-05	0	23.9	0	0	3
558	58812	0	3.28370273	-0.000776312752	-0.00114299269	-0.00197242627	-0.000510988453	0.00031592165	7.74486691e-05	0	24.5	0	0	3
559	58815	0	3.2895875	-0.000680769759	-0.00113988216	-0.00197242627	-0.000510988453	0.000307236283	7.74486691e-05	0	25.2	0	0	3
560	58817	0	3.29547227	-0.000713249024	-0.00113664946	-0.00197242627	-0.000510988453	0.000299864593	7.74486691e-05	0	25.8	0	0	3
561	58820	0	3.30135704	-0.000675602319	-0.00113436634	-0.00197242627	-0.000510988453	0.000291621274	7.74486691e-05	0	26.5	0	0	3
562	58822	0	3.30724181	-0.000636441337	-0.00113090086	-0.00197242627	-0.000510988453	0.000283448341	7.74486691e-05	0	27.3	0	0	3
563	58825	0	3.31312659	-0.000611298399	-0.00112593409	-0.00197242627	-0.000510988453	0.000277143511	7.74486691e-05	0	27.9	0	0	3
564	58828	0	3.31901136	-0.000667588594	-0.00112235765	-0.00197242627	-0.000510988453	0.000269551965	7.74486691e-05	0	28.7	0	0	3
565	58830	0	3.32489613	-0.000715554121	-0.0011183635	-0.00197242627	-0.000510988453	0.000263430221	7.74486691e-05	0	29.4	0	0	3
566	58833	0	3.3307809	-0.000840790567	-0.00111503635	-0.00197242627	-0.000510988453	0.000255941033	7.74486691e-05	0	30.2	0	0	3
567	58835	0	3.33666567	-0.0009440731	-0.00111090635	-0.00197242627	-0.000510988453	0.000247699063	7.74486691e-05	0	31.2	0	0	3
568	58838	0	3.34255045	-0.00102358939	-0.00110713779	-0.00197242627	-0.000510988453	0.00024148203	7.74486691e-05	0	32	0	0	3
569	58840	0	3.34843522	-0.00109478352	-0.00110394934	-0.00197242627	-0.000510988453	0.000233878337	7.74486691e-05	0	33.1	0	0	3
570	58843	0	3.35431999	-0.00115661577	-0.00110157082	-0.00197242627	-0.000510988453	0.000226787801	7.74486691e-05	0	34.1	0	0	3
571	58846	0	3.36020476	-0.00118019005	-0.00109844371	-0.00197242627	-0.000510988453	0.000219042456	7.74486691e-05	0	35.3	0	0	3
572	58848	0	3.36608953	-0.00116018378	-0.00109501936	-0.00197242627	-0.000510988453	0.000210193993	7.74486691e-05	0	36.8	0	0	3
573	58851	0	3.37197431	-0.00115568287	-0.00109176944	-0.00197242627	-0.000510988453	0.000199752493	7.74486691e-05	0	38.7	0	0	3
574	58853	0	3.37785908	-0.00118276596	-0.00108897148	-0.00197242627	-0.000510988453	0.00018919705	7.74486691e-05	0	40.9	0	0	3
575	58856	0	3.38374385	-0.00121060367	-0.00108670091	-0.00197242627	-0.000510988453	0.00017659767	7.74486691e-05	0	43.8	0	0	3
576	58858	0	3.38962862	-0.0011657527	-0.00108339372	-0.00197242627	-0.000510988453	0.000164702059	7.74486691e-05	0	47	0	0	3
577	58861	0	3.39551339	-0.00111169841	-0.00108030883	-0.00197242627	-0.000510988453	0.000153368344	7.74486691e-05	0	50.4	0	0	3
578	58864	0	3.40139817	-0.00107566982	-0.00107745159	-0.00197242627	-0.000510988453	0.000143527781	7.74486691e-05	0	53.9	0	0	3
579	58866	0	3.40728294	-0.00109245023	-0.00107605253	-0.00197242627	-0.000510988453	0.000134410807	7.74486691e-05	0	57.6	0	0	3
580	58869	0	3.41316771	-0.000860972938	-0.00107371154	-0.00197242627	-0.000510988453	0.000129142843	7.74486691e-05	0	59.9	0	0	3
581	58871	0	3.41905248	-0.000899354998	-0.00107383942	-0.00197242627	-0.000510988453	0.000129142843	7.74486691e-05	0	59.9	0	0	3
582	58874	0	3.42493725	-0.000740958416	-0.00107296314	-0.00197242627	-0.000510988453	0.000129142843	7.74486691e-05	0	59.9	0	0	3
583	58877	0	3.43082202	-0.000741723744	-0.00107422739	-0.00197242627	-0.000510988453	0.000129142843	7.74486691e-05	0	59.9	0	0	3
584	58879	0	3.4367068	-0.000630938402	-0.00107446333	-0.00197242627	-0.000510988453	0.000129142843	7.74486691e-05	0	59.9	0	0	3
585	58881	0	3.44259157	-0.000509898689	-0.00107445051	-0.00197242627	-0.000509898689	0.000129142843	7.74486691e-05	0	59.9	0	0	3
586	58884	0	3.44847634	-0.000451806145	-0.00107350412	-0.00197242627	-0.000451806145	0.000129142843	7.74486691e-05	0	59.9	0	0	3
587	58886	0	3.45436111	-0.000321597679	-0.00107081769	-0.00197242627	-0.000321597679	0.000129142843	7.74486691e-05	0	59.9	0	0	3
588	58889	0	3.46024588	-0.000344110658	-0.0010688196	-0.00197242627	-0.000321597679	0.000129142843	7.74486691e-05	0	59.9	0	0	3
589	58891	0	3.46613066	-0.000378169889	-0.00106670268	-0.00197242627	-0.000321597679	0.000129142843	7.74486691e-05	0	59.9	0	0	3
590	58893	0	3.47201543	-0.000524037502	-0.00106573425	-0.00197242627	-0.000321597679	0.000129142843	7.74486691e-05	0	59.9	0	0	3
591	58896	0	3.4779002	-0.000602710672	-0.00106405869	-0.00197242627	-0.000321597679	0.000129142843	7.74486691e-05	0	59.9	0	0	3
592	58898	0	3.48378497	-0.000712668426	-0.00106308588	-0.00197242627	-0.000321597679	0.000128493122	7.74486691e-05	0	60.2	0	0	3
593	58901	0	3.48966974	-0.00065258708	-0.00106038367	-0.00197242627	-0.000321597679	0.000131195326	7.74486691e-05	0	59	0	0	3
594	58904	0	3.49555452	-0.000654588286	-0.00105711947	-0.00197242627	-0.000321597679	0.000134459526	7.74486691e-05	0	57.5	0	0	3
595	58906	0	3.50143929	-0.000663310961	-0.00105209841	-0.00197242627	-0.000321597679	0.000139480586	7.74486691e-05	0	55.5	0	0	3
596	58909	0	3.50732406	-0.000614860707	-0.00104407358	-0.00197242627	-0.000321597679	0.000147505423	7.74486691e-05	0	52.5	0	0	3
597	58911	0	3.51320883	-0.000696147533	-0.00103496796	-0.00197242627	-0.000321597679	0.000156611035	7.74486691e-05	0	49.4	0	0	3
598	58914	0	3.5190936	-0.00074319675	-0.00102416139	-0.00197242627	-0.000321597679	0.000167417607	7.74486691e-05	0	46.2	0	0	3
599	58916	0	3.52497838	-0.000934006549	-0.00101536505	-0.00197242627	-0.000321597679	0.000176213951	7.74486691e-05	0	43.9	0	0	3
600	58919	0	3.53086315	-0.000941742371	-0.00100464535	-0.00197242627	-0.000321597679	0.000186933652	7.74486691e-05	0	41.4	0	0	3
601	58926	0	3.53674792	-0.000961085493	-0.000994804454	-0.00197242627	-0.000321597679	0.000196774544	7.74486691e-05	0	39.3	0	0	3
602	58928	0	3.54263269	-0.00106884099	-0.000984174039	-0.00195474146	-0.000321597679	0.000207404959	7.74486691e-05	0	37.3	0	0	3
603	58931	0	3.54851746	-0.0010473685	-0.000973499063	-0.00187233403	-0.000321597679	0.000218079935	7.74486691e-05	0	35.5	0	0	3
604	58933	0	3.55440224	-0.00107018231	-0.000964061983	-0.00184206226	-0.000321597679	0.000227517014	7.74486691e-05	0	34	0	0	3
605	58936	0	3.56028701	-0.00110606604	-0.000955403204	-0.0018029422	-0.000321597679	0.000236175794	7.74486691e-05	0	32.7	0	0	3
606	58938	0	3.56617178	-0.00107117568	-0.000946794186	-0.00158636477	-0.000321597679	0.000244784812	7.74486691e-05	0	31.6	0	0	3
607	58941	0	3.57205655	-0.00111345568	-0.00094123055	-0.00146662553	-0.000321597679	0.000250348448	7.74486691e-05	0	30.9	0	0	3
608	58943	0	3.57794132	-0.00103753704	-0.00093618245	-0.00136255132	-0.000321597679	0.000255396548	7.74486691e-05	0	30.3	0	0	3
609	58946	0	3.58382609	-0.000881929555	-0.000930773788	-0.00136255132	-0.000321597679	0.00026080521	7.74486691e-05	0	29.6	0	0	3
610	58949	0	3.58971087	-0.000973378458	-0.000926352674	-0.00136255132	-0.000321597679	0.000265226324	7.74486691e-05	0	29.2	0	0	3
611	58951	0	3.59559564	-0.000813242995	-0.000921174506	-0.00136255132	-0.000321597679	0.000270404492	7.74486691e-05	0	28.6	0	0	3
612	58954	0	3.60148041	-0.000911737121	-0.000916647276	-0.00136255132	-0.000321597679	0.000274931722	7.74486691e-05	0	28.1	0	0	3
613	58956	0	3.60736518	-0.000849235342	-0.000913247029	-0.00136255132	-0.000321597679	0.000278331969	7.74486691e-05	0	27.8	0	0	3
614	58959	0	3.61324995	-0.000887437168	-0.000909155475	-0.00136255132	-0.000321597679	0.000282423523	7.74486691e-05	0	27.4	0	0	3
615	58961	0	3.61913473	-0.000860080587	-0.000906004279	-0.00136255132	-0.000321597679	0.000285574719	7.74486691e-05	0	27.1	0	0	3
616	58964	0	3.6250195	-0.000911835542	-0.000904049051	-0.00136255132	-0.000321597679	0.000287529947	7.74486691e-05	0	26.9	0	0	3
617	58966	0	3.63090427	-0.000884599929	-0.000900312085	-0.00136255132	-0.000321597679	0.000291266913	7.74486691e-05	0	26.5	0	0	3
618	58969	0	3.63678904	-0.000898597462	-0.000896975748	-0.00136255132	-0.000321597679	0.000294603249	7.74486691e-05	0	26.2	0	0	3
619	58971	0	3.64267381	-0.00096656143	-0.000893427068	-0.00136255132	-0.000321597679	0.00029815193	7.74486691e-05	0	25.9	0	0	3
620	58974	0	3.64855859	-0.000988664507	-0.000889674491	-0.00136255132	-0.000321597679	0.000301904507	7.74486691e-05	0	25.6	0	0	3
621	58976	0	3.65444336	-0.000977378018	-0.00088514304	-0.00123160593	-0.000321597679	0.000306435958	7.74486691e-05	0	25.2	0	0	3
622	58979	0	3.66032813	-0.00104370207	-0.000882932406	-0.00121060367	-0.000321597679	0.000308646592	7.74486691e-05	0	25	0	0	3
623	58981	0	3.6662129	-0.00102312808	-0.000880832994	-0.00121060367	-0.000321597679	0.00031070425	7.74486691e-05	0	24.9	0	0	3
624	58984	0	3.67209767	-0.00106585412	-0.00088079839	-0.00121060367	-0.000321597679	0.000309867564	7.74486691e-05	0	24.9	0	0	3
625	58986	0	3.67798245	-0.00118423978	-0.00088255637	-0.00121060367	-0.000321597679	0.000308421829	7.74486691e-05	0	25.1	0	0	3
626	58988	0	3.68386722	-0.00130720631	-0.000885978858	-0.00130720631	-0.000321597679	0.000306377053	7.74486691e-05	0	25.2	0	0	3
627	58991	0	3.68975199	-0.00136616893	-0.000890317889	-0.00136616893	-0.000321597679	0.000303784705	7.74486691e-05	0	25.4	0	0	3
628	58993	0	3.69563676	-0.00152164623	-0.000897267195	-0.00152164623	-0.000321597679	0.000297838916	7.74486691e-05	0	26	0	0	3
629	58995	0	3.70152153	-0.00153640009	-0.000905216624	-0.00153640009	-0.000321597679	0.000293883613	7.74486691e-05	0	26.3	0	0	3
630	58998	0	3.7074063	-0.0015198609	-0.000912333119	-0.00153640009	-0.000321597679	0.000287619073	7.74486691e-05	0	26.9	0	0	3
631	59000	0	3.71329108	-0.00149494271	-0.000919631727	-0.00153640009	-0.000321597679	0.000282683772	7.74486691e-05	0	27.3	0	0	3
632	59003	0	3.71917585	-0.0015668657	-0.000928064695	-0.0015668657	-0.000321597679	0.000278980502	7.74486691e-05	0	27.7	0	0	3
633	59005	0	3.72506062	-0.00148171701	-0.000933883767	-0.0015668657	-0.000321597679	0.00027644192	7.74486691e-05	0	28	0	0	3
634	59008	0	3.73094539	-0.00143690771	-0.000939827416	-0.0015668657	-0.000321597679	0.000273843331	7.74486691e-05	0	28.2	0	0	3
635	59011	0	3.73683016	-0.0011677391	-0.000941998101	-0.0015668657	-0.000321597679	0.00027234629	7.74486691e-05	0	28.4	0	0	3
636	59013	0	3.74271494	-0.00105367462	-0.000943069146	-0.0015668657	-0.000321597679	0.000271123887	7.74486691e-05	0	28.5	0	0	3
637	59016	0	3.74859971	-0.000820358405	-0.000940635372	-0.0015668657	-0.000321597679	0.000269825022	7.74486691e-05	0	28.7	0	0	3
638	59018	0	3.75448448	-0.000635232288	-0.000936710111	-0.0015668657	-0.000321597679	0.000269362173	7.74486691e-05	0	28.7	0	0	3
639	59021	0	3.76036925	-0.000514430492	-0.000931434714	-0.0015668657	-0.000321597679	0.000267334739	7.74486691e-05	0	28.9	0	0	3
640	59023	0	3.76625402	-0.000485901983	-0.000926365596	-0.0015668657	-0.000321597679	0.000266726724	7.74486691e-05	0	29	0	0	3
641	59026	0	3.7721388	-0.000453519897	-0.000920729834	-0.0015668657	-0.000321597679	0.000264909868	7.74486691e-05	0	29.2	0	0	3
642	59028	0	3.77802357	-0.000431758886	-0.000916267055	-0.0015668657	-0.000321597679	0.000262194296	7.74486691e-05	0	29.5	0	0	3
643	59031	0	3.78390834	-0.000523148043	-0.000913288647	-0.0015668657	-0.000321597679	0.000259083767	7.74486691e-05	0	29.8	0	0	3
644	59034	0	3.78979311	-0.000539585901	-0.00091162766	-0.0015668657	-0.000321597679	0.00025585107	7.74486691e-05	0	30.2	0	0	3
645	59036	0	3.79567788	-0.000706093531	-0.000911543478	-0.0015668657	-0.000321597679	0.000253567951	7.74486691e-05	0	30.5	0	0	3
646	59039	0	3.80156266	-0.000677328981	-0.000911563792	-0.0015668657	-0.000321597679	0.000250102472	7.74486691e-05	0	30.9	0	0	3
647	59041	0	3.80744743	-0.000788573589	-0.000913353583	-0.0015668657	-0.000321597679	0.000245135704	7.74486691e-05	0	31.5	0	0	3
648	59044	0	3.8133322	-0.000640401148	-0.000913695968	-0.0015668657	-0.000321597679	0.000241559264	7.74486691e-05	0	32	0	0	3
649	59046	0	3.81921697	-0.000707954104	-0.000914170856	-0.0015668657	-0.000321597679	0.000237565112	7.74486691e-05	0	32.6	0	0	3
650	59049	0	3.82510174	-0.000740365715	-0.000914462757	-0.0015668657	-0.000321597679	0.000234237963	7.74486691e-05	0	33	0	0	3
651	59052	0	3.83098651	-0.000874422835	-0.000914858431	-0.0015668657	-0.000321597679	0.000230107962	7.74486691e-05	0	33.6	0	0	3
652	59054	0	3.83687129	-0.000846782906	-0.000913713841	-0.0015668657	-0.000321597679	0.000226339399	7.74486691e-05	0	34.2	0	0	3
653	59057	0	3.84275606	-0.000984589091	-0.000913255014	-0.0015668657	-0.000321597679	0.000223150948	7.74486691e-05	0	34.7	0	0	3
654	59059	0	3.84864083	-0.00102534765	-0.000912438121	-0.0015668657	-0.000321597679	0.000220772429	7.74486691e-05	0	35	0	0	3
655	59062	0	3.8545256	-0.0011767182	-0.00091267462	-0.0015668657	-0.000321597679	0.000217645318	7.74486691e-05	0	35.5	0	0	3
656	59064	0	3.86041037	-0.00121431812	-0.000913076127	-0.0015668657	-0.000321597679	0.000214220972	7.74486691e-05	0	36.1	0	0	3
657	59067	0	3.86629515	-0.0013022493	-0.000914747486	-0.0015668657	-0.000321597679	0.000210971045	7.74486691e-05	0	36.7	0	0	3
658	59069	0	3.87217992	-0.00133259687	-0.000916828827	-0.0015668657	-0.000321597679	0.000208173092	7.74486691e-05	0	37.2	0	0	3
659	59072	0	3.87806469	-0.0013726894	-0.00091906322	-0.0015668657	-0.000321597679	0.000205902516	7.74486691e-05	0	37.6	0	0	3
660	59075	0	3.88394946	-0.00151553474	-0.000922650645	-0.0015668657	-0.000321597679	0.000202595334	7.74486691e-05	0	38.2	0	0	3
661	59077	0	3.88983423	-0.00154284447	-0.000927087019	-0.0015668657	-0.000321597679	0.000199510441	7.74486691e-05	0	38.8	0	0	3
662	59080	0	3.89571901	-0.00165190345	-0.000933442372	-0.00165190345	-0.000321597679	0.000196653204	7.74486691e-05	0	39.3	0	0	3
663	59082	0	3.90160378	-0.0016276388	-0.000939936125	-0.00165190345	-0.000321597679	0.000195254139	7.74486691e-05	0	39.6	0	0	3
664	59085	0	3.90748855	-0.00167353512	-0.000946772418	-0.00167353512	-0.000321597679	0.000193664939	7.74486691e-05	0	39.9	0	0	3
665	59088	0	3.91337332	-0.00174991568	-0.000957230567	-0.00174991568	-0.000321597679	0.000193664939	7.74486691e-05	0	39.9	0	0	3
666	59090	0	3.91925809	-0.00174491044	-0.000967178279	-0.00174991568	-0.000321597679	0.000193664939	7.74486691e-05	0	39.9	0	0	3
667	59093	0	3.92514287	-0.00156100852	-0.000976825927	-0.00174991568	-0.000321597679	0.000193664939	7.74486691e-05	0	39.9	0	0	3
668	59095	0	3.93102764	-0.00157616693	-0.000986642906	-0.00174991568	-0.000321597679	0.000193664939	7.74486691e-05	0	39.9	0	0	3
669	59098	0	3.93691241	-0.00137315882	-0.00099537491	-0.00174991568	-0.000321597679	0.000193652118	7.74486691e-05	0	39.9	0	0	3
670	59100	0	3.94279718	-0.00128234995	-0.00100446257	-0.00174991568	-0.000321597679	0.000192705733	7.74486691e-05	0	40.1	0	0	3
671	59103	0	3.94868195	-0.00116616015	-0.00101286674	-0.00174991568	-0.000321597679	0.000190019297	7.74486691e-05	0	40.7	0	0	3
672	59105	0	3.95456673	-0.00104863787	-0.00102142015	-0.00174991568	-0.000344110658	0.000188021207	7.74486691e-05	0	41.1	0	0	3
673	59108	0	3.9604515	-0.00103196948	-0.00102951261	-0.00174991568	-0.000378169889	0.000185904288	7.74486691e-05	0	41.6	0	0	3
674	59111	0	3.96633627	-0.000876925557	-0.00103538032	-0.00174991568	-0.000431758886	0.00018493586	7.74486691e-05	0	41.8	0	0	3
675	59113	0	3.97222104	-0.000897449858	-0.00103977341	-0.00174991568	-0.000431758886	0.000183260302	7.74486691e-05	0	42.2	0	0	3
676	59116	0	3.97810581	-0.000707092495	-0.00104100143	-0.00174991568	-0.000431758886	0.000182287485	7.74486691e-05	0	42.4	0	0	3
677	59118	0	3.98399058	-0.000645491511	-0.00104021111	-0.00174991568	-0.000431758886	0.000179585282	7.74486691e-05	0	43.1	0	0	3
678	59121	0	3.98987536	-0.000640497461	-0.00104006888	-0.00174991568	-0.000431758886	0.000176321082	7.74486691e-05	0	43.9	0	0	3
679	59124	0	3.99576013	-0.000719564508	-0.00104083331	-0.00174991568	-0.000431758886	0.000171300022	7.74486691e-05	0	45.2	0	0	3
680	59127	0	4.0016449	-0.00080172764	-0.00104246174	-0.00174991568	-0.000431758886	0.000163275185	7.74486691e-05	0	47.4	0	0	3
