Iteration	CPUTime	PhysTime	Travels	Value	AvValue	MinValue	MaxValue	Delta	Criteria	Progress	CriteriaType	CriteriaVarType	CriteriaPercentage
1	14	0	0.00588477191	3.49110595e-06	3.49110595e-06	3.49110595e-06	3.49110595e-06	0	0	0	0	0	0	3
2	18	0	0.0117695438	3.5791897e-06	3.53514783e-06	3.49110595e-06	3.5791897e-06	4.40418733e-08	0	0	0	0	0	3
3	20	0	0.0176543157	2.59662842e-06	3.22230802e-06	2.59662842e-06	3.5791897e-06	3.12839802e-07	0	0	0	0	0	3
4	23	0	0.0235390876	2.93958467e-06	3.15162719e-06	2.59662842e-06	3.5791897e-06	3.83520641e-07	0	0	0	0	0	3
5	26	0	0.0294238596	2.13284614e-06	2.94787098e-06	2.13284614e-06	3.5791897e-06	5.8727685e-07	0	0	0	0	0	3
6	28	0	0.0353086315	2.3809072e-06	2.85337701e-06	2.13284614e-06	3.5791897e-06	6.81770813e-07	0	0	0	0	0	3
7	30	0	0.0411934034	1.97686101e-06	2.72816044e-06	1.97686101e-06	3.5791897e-06	8.06987386e-07	0	0	0	0	0	3
8	33	0	0.0470781753	2.62507423e-06	2.71527467e-06	1.97686101e-06	3.5791897e-06	8.19873162e-07	0	0	0	0	0	3
9	35	0	0.0529629472	2.6891061e-06	2.71236705e-06	1.97686101e-06	3.5791897e-06	8.2278078e-07	0	0	0	0	0	3
10	37	0	0.0588477191	3.31883924e-06	2.77301427e-06	1.97686101e-06	3.5791897e-06	8.2278078e-07	0	0	0	0	0	3
11	39	0	0.064732491	3.93822745e-06	2.87894274e-06	1.97686101e-06	3.93822745e-06	8.2278078e-07	0	0	0	0	0	3
12	41	0	0.0706172629	4.93366967e-06	3.05016998e-06	1.97686101e-06	4.93366967e-06	8.2278078e-07	0	0	0	0	0	3
13	44	0	0.0765020349	6.09455686e-06	3.28435359e-06	1.97686101e-06	6.09455686e-06	8.2278078e-07	0	0	0	0	0	3
14	46	0	0.0823868068	7.33769208e-06	3.57387777e-06	1.97686101e-06	7.33769208e-06	8.61510719e-07	0	0	0	0	0	3
15	48	0	0.0882715787	8.02216356e-06	3.87043015e-06	1.97686101e-06	8.02216356e-06	1.15806311e-06	0	0	0	0	0	3
16	50	0	0.0941563506	9.46575917e-06	4.22013822e-06	1.97686101e-06	9.46575917e-06	1.50777117e-06	0	0	0	0	0	3
17	52	0	0.100041123	9.73212263e-06	4.54437259e-06	1.97686101e-06	9.73212263e-06	1.83200555e-06	0	0	0	0	0	3
18	55	0	0.105925894	1.01973122e-05	4.85842479e-06	1.97686101e-06	1.01973122e-05	2.14605775e-06	0	0	0	0	0	3
19	57	0	0.111810666	9.79083146e-06	5.11802514e-06	1.97686101e-06	1.01973122e-05	2.4056581e-06	0	0	0	0	0	3
20	59	0	0.117695438	1.01077006e-05	5.36750892e-06	1.97686101e-06	1.01973122e-05	2.65514187e-06	0	0	0	0	0	3
21	62	0	0.12358021	9.62329727e-06	5.5701655e-06	1.97686101e-06	1.01973122e-05	2.85779846e-06	0	0	0	0	0	3
22	64	0	0.129464982	9.33034779e-06	5.74108288e-06	1.97686101e-06	1.01973122e-05	3.02871583e-06	0	0	0	0	0	3
23	66	0	0.135349754	9.81200543e-06	5.91807951e-06	1.97686101e-06	1.01973122e-05	3.20571247e-06	0	0	0	0	0	3
24	69	0	0.141234526	9.10924657e-06	6.05104481e-06	1.97686101e-06	1.01973122e-05	3.33867776e-06	0	0	0	0	0	3
25	71	0	0.147119298	9.76638889e-06	6.19965857e-06	1.97686101e-06	1.01973122e-05	3.48729152e-06	0	0	0	0	0	3
26	73	0	0.15300407	9.40155211e-06	6.32280832e-06	1.97686101e-06	1.01973122e-05	3.61044127e-06	0	0	0	0	0	3
27	76	0	0.158888842	9.14062375e-06	6.42717186e-06	1.97686101e-06	1.01973122e-05	3.71480481e-06	0	0	0	0	0	3
28	78	0	0.164773614	8.59088348e-06	6.50444727e-06	1.97686101e-06	1.01973122e-05	3.79208022e-06	0	0	0	0	0	3
29	80	0	0.170658385	7.05047547e-06	6.52327583e-06	1.97686101e-06	1.01973122e-05	3.81090878e-06	0	0	0	0	0	3
30	82	0	0.176543157	5.60737651e-06	6.49274585e-06	1.97686101e-06	1.01973122e-05	3.81090878e-06	0	0	0	0	0	3
31	85	0	0.182427929	2.72448969e-06	6.3711892e-06	1.97686101e-06	1.01973122e-05	3.81090878e-06	0	0	0	0	0	3
32	87	0	0.188312701	-2.15086359e-06	6.10487505e-06	-2.15086359e-06	1.01973122e-05	3.81090878e-06	0	0	0	0	0	3
33	89	0	0.194197473	-6.52819267e-06	5.72205482e-06	-6.52819267e-06	1.01973122e-05	3.81090878e-06	0	0	0	0	0	3
34	92	0	0.200082245	-1.33726332e-05	5.16044635e-06	-1.33726332e-05	1.01973122e-05	3.81090878e-06	0	0	0	0	0	3
35	94	0	0.205967017	-2.02970887e-05	4.4330882e-06	-2.02970887e-05	1.01973122e-05	3.81090878e-06	0	0	0	0	0	3
36	96	0	0.211851789	-3.66237865e-05	3.29261946e-06	-3.66237865e-05	1.01973122e-05	3.81090878e-06	0	0	0	0	0	3
37	99	0	0.217736561	-5.39636353e-05	1.74515312e-06	-5.39636353e-05	1.01973122e-05	4.77812271e-06	0	0	0	0	0	3
38	101	0	0.223621333	-7.45990686e-05	-2.63905346e-07	-7.45990686e-05	1.01973122e-05	6.78718118e-06	0	0	0	0	0	3
39	104	0	0.229506105	-9.70458416e-05	-2.74549345e-06	-9.70458416e-05	1.01973122e-05	9.26876928e-06	0	0	0	0	0	3
40	106	0	0.235390876	-0.000125106903	-5.80452869e-06	-0.000125106903	1.01973122e-05	1.23278045e-05	0	0	0	0	0	3
41	109	0	0.241275648	-0.000166159159	-9.71561723e-06	-0.000166159159	1.01973122e-05	1.62388931e-05	0	0	0	0	0	3
42	111	0	0.24716042	-0.000206067613	-1.43906648e-05	-0.000206067613	1.01973122e-05	2.09139406e-05	0	0	0	0	0	3
43	114	0	0.253045192	-0.000243369974	-1.9715765e-05	-0.000243369974	1.01973122e-05	2.62390408e-05	0	0	0	0	0	3
44	116	0	0.258929964	-0.000278141951	-2.55890874e-05	-0.000278141951	1.01973122e-05	3.21123632e-05	0	0	0	0	0	3
45	119	0	0.264814736	-0.000303993381	-3.17758494e-05	-0.000303993381	1.01973122e-05	3.82991253e-05	0	0	0	0	0	3
46	121	0	0.270699508	-0.00032950937	-3.82483173e-05	-0.00032950937	1.01973122e-05	4.47715931e-05	0	0	0	0	0	3
47	124	0	0.27658428	-0.000349006218	-4.48601875e-05	-0.000349006218	1.01973122e-05	5.13834634e-05	0	0	0	0	0	3
48	127	0	0.282469052	-0.000369632302	-5.16262733e-05	-0.000369632302	1.01973122e-05	5.81495491e-05	0	0	0	0	0	3
49	129	0	0.288353824	-0.000388555553	-5.8502381e-05	-0.000388555553	1.01973122e-05	6.50256568e-05	0	0	0	0	0	3
50	132	0	0.294238596	-0.000407777331	-6.548788e-05	-0.000407777331	1.01973122e-05	7.20111558e-05	0	0	0	0	0	3
51	134	0	0.300123368	-0.000423579918	-7.25092925e-05	-0.000423579918	1.01973122e-05	7.90325683e-05	0	0	0	0	0	3
52	136	0	0.306008139	-0.000438090755	-7.95397052e-05	-0.000438090755	1.01973122e-05	8.60629811e-05	0	0	0	0	0	3
53	139	0	0.311892911	-0.000453325417	-8.65922658e-05	-0.000453325417	1.01973122e-05	9.31155417e-05	0	0	0	0	0	3
54	141	0	0.317777683	-0.000475795895	-9.37997405e-05	-0.000475795895	1.01973122e-05	0.000100323016	0	0	0	0	0	3
55	144	0	0.323662455	-0.000498364915	-0.000101155471	-0.000498364915	1.01973122e-05	0.000107678747	0	0	0	0	0	3
56	146	0	0.329547227	-0.000525460814	-0.000108732352	-0.000525460814	1.01973122e-05	0.000115255628	0	0	0	0	0	3
57	148	0	0.335431999	-0.000553560547	-0.000116536355	-0.000553560547	1.01973122e-05	0.000123059631	0	0	0	0	0	3
58	151	0	0.341316771	-0.00058432687	-0.000124601709	-0.00058432687	1.01973122e-05	0.000131124985	0	0	0	0	0	3
59	153	0	0.347201543	-0.000609918827	-0.000132827423	-0.000609918827	1.01973122e-05	0.000139350699	0	0	0	0	0	3
60	156	0	0.353086315	-0.000634777567	-0.000141193259	-0.000634777567	1.01973122e-05	0.000147716535	0	0	0	0	0	3
61	159	0	0.358971087	-0.000656962263	-0.000149648488	-0.000656962263	1.01973122e-05	0.000156171764	0	0	0	0	0	3
62	161	0	0.364855859	-0.000678390203	-0.00015817658	-0.000678390203	1.01973122e-05	0.000164699856	0	0	0	0	0	3
63	164	0	0.37074063	-0.000694796748	-0.000166694361	-0.000694796748	1.01973122e-05	0.000173217637	0	0	0	0	0	3
64	166	0	0.376625402	-0.000706486163	-0.000175128608	-0.000706486163	1.01973122e-05	0.000181651884	0	0	0	0	0	3
65	169	0	0.382510174	-0.000713520235	-0.000183411556	-0.000713520235	1.01973122e-05	0.000189934832	0	0	0	0	0	3
66	172	0	0.388394946	-0.000716057872	-0.000191481955	-0.000716057872	1.01973122e-05	0.00019800523	0	0	0	0	0	3
67	174	0	0.394279718	-0.000716650913	-0.000199320297	-0.000716650913	1.01973122e-05	0.000205843573	0	0	0	0	0	3
68	177	0	0.40016449	-0.000715805416	-0.000206915667	-0.000716650913	1.01973122e-05	0.000213438943	0	0	0	0	0	3
69	179	0	0.406049262	-0.000712303689	-0.000214240131	-0.000716650913	1.01973122e-05	0.000220763407	0	0	0	0	0	3
70	181	0	0.411934034	-0.000708683131	-0.000221303602	-0.000716650913	1.01973122e-05	0.000227826878	0	0	0	0	0	3
71	184	0	0.417818806	-0.000701802935	-0.000228071198	-0.000716650913	1.01973122e-05	0.000234594474	0	0	0	0	0	3
72	187	0	0.423703578	-0.000692637156	-0.000234523503	-0.000716650913	1.01973122e-05	0.000241046779	0	0	0	0	0	3
73	189	0	0.42958835	-0.000679319972	-0.000240616606	-0.000716650913	1.01973122e-05	0.000247139882	0	0	0	0	0	3
74	192	0	0.435473122	-0.000666849011	-0.000246376503	-0.000716650913	1.01973122e-05	0.000252899779	0	0	0	0	0	3
75	194	0	0.441357893	-0.000652224863	-0.000251787815	-0.000716650913	1.01973122e-05	0.00025831109	0	0	0	0	0	3
76	197	0	0.447242665	-0.000635913047	-0.000256842094	-0.000716650913	1.01973122e-05	0.00026336537	0	0	0	0	0	3
77	199	0	0.453127437	-0.00061633696	-0.000261510858	-0.000716650913	1.01973122e-05	0.000268034134	0	0	0	0	0	3
78	202	0	0.459012209	-0.000596010777	-0.000265799319	-0.000716650913	1.01973122e-05	0.000272322595	0	0	0	0	0	3
79	204	0	0.464896981	-0.000569655947	-0.000269645605	-0.000716650913	1.01973122e-05	0.000276168881	0	0	0	0	0	3
80	207	0	0.470781753	-0.000540955515	-0.000273036979	-0.000716650913	1.01973122e-05	0.000279560255	0	0	0	0	0	3
81	209	0	0.476666525	-0.000512141003	-0.000275988881	-0.000716650913	1.01973122e-05	0.000282512157	0	0	0	0	0	3
82	211	0	0.482551297	-0.000486466301	-0.000278555679	-0.000716650913	1.01973122e-05	0.000285078954	0	0	0	0	0	3
83	214	0	0.488436069	-0.000460336034	-0.000280745803	-0.000716650913	1.01973122e-05	0.000287269079	0	0	0	0	0	3
84	216	0	0.494320841	-0.000438750401	-0.00028262681	-0.000716650913	1.01973122e-05	0.000289150086	0	0	0	0	0	3
85	219	0	0.500205613	-0.000420596098	-0.000284249979	-0.000716650913	1.01973122e-05	0.000290773254	0	0	0	0	0	3
86	221	0	0.506090384	-0.000412652954	-0.000289145791	-0.000716650913	1.01973122e-05	0.000295669067	0	0	0	0	0	3
87	224	0	0.511975156	-0.0004117328	-0.000294031814	-0.000716650913	1.01973122e-05	0.00030055509	0	0	0	0	0	3
88	226	0	0.517859928	-0.000416257668	-0.000298959512	-0.000716650913	1.01973122e-05	0.000305482788	0	0	0	0	0	3
89	229	0	0.5237447	-0.000427208651	-0.000304020079	-0.000716650913	1.01973122e-05	0.000310543355	0	0	0	0	0	3
90	231	0	0.529629472	-0.000442002012	-0.000309245195	-0.000716650913	1.01973122e-05	0.000315768471	0	0	0	0	0	3
91	234	0	0.535514244	-0.000461062187	-0.000314697467	-0.000716650913	1.01973122e-05	0.000321220743	0	0	0	0	0	3
92	236	0	0.541399016	-0.000482188664	-0.000320393532	-0.000716650913	1.01973122e-05	0.000326916808	0	0	0	0	0	3
93	239	0	0.547283788	-0.000504585069	-0.00032636071	-0.000716650913	1.01973122e-05	0.000332883986	0	0	0	0	0	3
94	241	0	0.55316856	-0.000526558433	-0.000332587152	-0.000716650913	1.01973122e-05	0.000339110428	0	0	0	0	0	3
95	244	0	0.559053332	-0.000545562668	-0.000339044581	-0.000716650913	1.01973122e-05	0.000345567857	0	0	0	0	0	3
96	246	0	0.564938104	-0.000564663202	-0.00034573401	-0.000716650913	1.01973122e-05	0.000352257286	0	0	0	0	0	3
97	249	0	0.570822876	-0.000581249161	-0.000352630279	-0.000716650913	1.01973122e-05	0.000359153554	0	0	0	0	0	3
98	251	0	0.576707647	-0.000597292739	-0.000359728953	-0.000716650913	1.01973122e-05	0.000366252229	0	0	0	0	0	3
99	254	0	0.582592419	-0.000611812715	-0.000367013075	-0.000716650913	1.01973122e-05	0.000373536351	0	0	0	0	0	3
100	257	0	0.588477191	-0.000626885555	-0.000374482578	-0.000716650913	1.01973122e-05	0.000381005854	0	0	0	0	0	3
101	264	0	0.594361963	-0.000640296713	-0.000382126842	-0.000716650913	1.01973122e-05	0.000388650118	0	0	0	0	0	3
102	266	0	0.600246735	-0.000649866273	-0.000389886823	-0.000716650913	1.01973122e-05	0.000396410099	0	0	0	0	0	3
103	268	0	0.606131507	-0.000655490712	-0.000397718447	-0.000716650913	1.01077006e-05	0.000404241723	0	0	0	0	0	3
104	271	0	0.612016279	-0.000659741055	-0.000405595293	-0.000716650913	1.01077006e-05	0.000412118569	0	0	0	0	0	3
105	273	0	0.617901051	-0.000661849312	-0.000413500669	-0.000716650913	9.81200543e-06	0.000420023945	0	0	0	0	0	3
106	275	0	0.623785823	-0.000658152721	-0.000421356858	-0.000716650913	9.81200543e-06	0.000427880134	0	0	0	0	0	3
107	278	0	0.629670595	-0.000646950628	-0.00042907781	-0.000716650913	9.81200543e-06	0.000435601086	0	0	0	0	0	3
108	280	0	0.635555367	-0.000630580043	-0.000436611835	-0.000716650913	9.76638889e-06	0.00044313511	0	0	0	0	0	3
109	283	0	0.641440138	-0.000607815383	-0.000443869771	-0.000716650913	9.76638889e-06	0.000450393047	0	0	0	0	0	3
110	285	0	0.64732491	-0.000581095885	-0.000450821092	-0.000716650913	9.40155211e-06	0.000457344368	0	0	0	0	0	3
111	287	0	0.653209682	-0.00054969279	-0.000457398673	-0.000716650913	9.14062375e-06	0.000463921949	0	0	0	0	0	3
112	290	0	0.659094454	-0.00051887187	-0.000463610584	-0.000716650913	8.59088348e-06	0.00047013386	0	0	0	0	0	3
113	292	0	0.664979226	-0.000487439498	-0.000469446236	-0.000716650913	7.05047547e-06	0.000475969512	0	0	0	0	0	3
114	295	0	0.670863998	-0.000455986943	-0.000474893735	-0.000716650913	5.60737651e-06	0.000481386481	0	0	0	0	0	3
115	297	0	0.67674877	-0.000422196395	-0.000479926721	-0.000716650913	2.72448969e-06	0.00048629791	0	0	0	0	0	3
116	300	0	0.682633542	-0.000392107429	-0.000484571802	-0.000716650913	-2.15086359e-06	0.000490676677	0	0	0	0	0	3
117	302	0	0.688518314	-0.00036433198	-0.000488832756	-0.000716650913	-6.52819267e-06	0.000494554811	0	0	0	0	0	3
118	305	0	0.694403086	-0.000342157433	-0.000492781336	-0.000716650913	-1.33726332e-05	0.000497941782	0	0	0	0	0	3
119	307	0	0.700287858	-0.000319527958	-0.000496383163	-0.000716650913	-2.02970887e-05	0.000500816251	0	0	0	0	0	3
120	310	0	0.706172629	-0.000305728903	-0.000499741184	-0.000716650913	-3.66237865e-05	0.000503033804	0	0	0	0	0	3
121	312	0	0.712057401	-0.000294530386	-0.00050277538	-0.000716650913	-5.39636353e-05	0.000504520533	0	0	0	0	0	3
122	315	0	0.717942173	-0.000289726619	-0.000505549062	-0.000716650913	-7.45990686e-05	0.000505285156	0	0	0	0	0	3
123	317	0	0.723826945	-0.000287599822	-0.000508054953	-0.000716650913	-9.70458416e-05	0.00050530946	0	0	0	0	0	3
124	320	0	0.729711717	-0.000290701629	-0.000510333256	-0.000716650913	-0.000125106903	0.000504528728	0	0	0	0	0	3
125	322	0	0.735596489	-0.000298543054	-0.000512373682	-0.000716650913	-0.000166159159	0.000502658064	0	0	0	0	0	3
126	325	0	0.741481261	-0.000314059942	-0.000514113691	-0.000716650913	-0.000206067613	0.000499723026	0	0	0	0	0	3
127	327	0	0.747366033	-0.000334368846	-0.000515623117	-0.000716650913	-0.000243369974	0.000473280939	0	0	0	0	0	3
128	329	0	0.753250805	-0.000356915568	-0.000516958948	-0.000716650913	-0.000278141951	0.000438508961	0	0	0	0	0	3
129	332	0	0.759135577	-0.000380299551	-0.000518160802	-0.000716650913	-0.000287599822	0.000429051091	0	0	0	0	0	3
130	334	0	0.765020349	-0.000404798607	-0.000519346746	-0.000716650913	-0.000287599822	0.000429051091	0	0	0	0	0	3
131	337	0	0.770905121	-0.000430418282	-0.000520533909	-0.000716650913	-0.000287599822	0.000429051091	0	0	0	0	0	3
132	339	0	0.776789892	-0.000456698053	-0.000521800872	-0.000716650913	-0.000287599822	0.000429051091	0	0	0	0	0	3
133	341	0	0.782674664	-0.000482467263	-0.000523128342	-0.000716650913	-0.000287599822	0.000429051091	0	0	0	0	0	3
134	343	0	0.788559436	-0.000510805025	-0.000524566571	-0.000716650913	-0.000287599822	0.000429051091	0	0	0	0	0	3
135	346	0	0.794444208	-0.000536871641	-0.000526085328	-0.000716650913	-0.000287599822	0.000429051091	0	0	0	0	0	3
136	348	0	0.80032898	-0.000564266337	-0.000527740462	-0.000716650913	-0.000287599822	0.000429051091	0	0	0	0	0	3
137	350	0	0.806213752	-0.000589919775	-0.000529526686	-0.000716650913	-0.000287599822	0.000429051091	0	0	0	0	0	3
138	352	0	0.812098524	-0.000616268426	-0.000531443663	-0.000716650913	-0.000287599822	0.000429051091	0	0	0	0	0	3
139	355	0	0.817983296	-0.000641947077	-0.000533398382	-0.000716650913	-0.000287599822	0.000429051091	0	0	0	0	0	3
140	357	0	0.823868068	-0.00066889032	-0.000535404564	-0.000716650913	-0.000287599822	0.000426672212	0	0	0	0	0	3
141	359	0	0.82975284	-0.000692810024	-0.000537373378	-0.000716650913	-0.000287599822	0.000420837022	0	0	0	0	0	3
142	361	0	0.835637612	-0.000715356097	-0.000539276855	-0.000716650913	-0.000287599822	0.000414675146	0	0	0	0	0	3
143	364	0	0.841522383	-0.000739284842	-0.00054109989	-0.000739284842	-0.000287599822	0.000408272467	0	0	0	0	0	3
144	366	0	0.847407155	-0.000763692915	-0.000542908997	-0.000763692915	-0.000287599822	0.000401715738	0	0	0	0	0	3
145	369	0	0.853291927	-0.000788156923	-0.00054471346	-0.000788156923	-0.000287599822	0.000395064971	0	0	0	0	0	3
146	371	0	0.859176699	-0.000813443859	-0.00054655442	-0.000813443859	-0.000287599822	0.000388377839	0	0	0	0	0	3
147	374	0	0.865061471	-0.000837906194	-0.000548431078	-0.000837906194	-0.000287599822	0.000381736718	0	0	0	0	0	3
148	377	0	0.870946243	-0.000861115605	-0.000550387771	-0.000861115605	-0.000287599822	0.000375259163	0	0	0	0	0	3
149	379	0	0.876831015	-0.000881614182	-0.0005524481	-0.000881614182	-0.000287599822	0.000369036545	0	0	0	0	0	3
150	382	0	0.882715787	-0.000901000812	-0.000554653754	-0.000901000812	-0.000287599822	0.0003631718	0	0	0	0	0	3
151	384	0	0.888600559	-0.000914512386	-0.000556988513	-0.000914512386	-0.000287599822	0.000357668216	0	0	0	0	0	3
152	387	0	0.894485331	-0.00092446946	-0.000559433437	-0.00092446946	-0.000287599822	0.000352517771	0	0	0	0	0	3
153	389	0	0.900370103	-0.000932079626	-0.00056197784	-0.000932079626	-0.000287599822	0.000347737709	0	0	0	0	0	3
154	392	0	0.906254875	-0.000937965419	-0.000564632684	-0.000937965419	-0.000287599822	0.000343329082	0	0	0	0	0	3
155	394	0	0.912139646	-0.000941564834	-0.000567372469	-0.000941564834	-0.000287599822	0.00033930127	0	0	0	0	0	3
156	397	0	0.918024418	-0.000938911965	-0.000570161987	-0.000941564834	-0.000287599822	0.000335638483	0	0	0	0	0	3
157	399	0	0.92390919	-0.000929485656	-0.000572948439	-0.000941564834	-0.000287599822	0.000332331834	0	0	0	0	0	3
158	402	0	0.929793962	-0.000918001979	-0.000575756463	-0.000941564834	-0.000287599822	0.00032937996	0	0	0	0	0	3
159	405	0	0.935678734	-0.000900549664	-0.000578505883	-0.000941564834	-0.000287599822	0.000326718068	0	0	0	0	0	3
160	407	0	0.941563506	-0.000880594754	-0.000581192587	-0.000941564834	-0.000287599822	0.000324350493	0	0	0	0	0	3
161	410	0	0.947448278	-0.000855544239	-0.000583776483	-0.000941564834	-0.000287599822	0.000322265625	0	0	0	0	0	3
162	412	0	0.95333305	-0.000827991698	-0.000586266539	-0.000941564834	-0.000287599822	0.00032046722	0	0	0	0	0	3
163	414	0	0.959217822	-0.000798292857	-0.000588646328	-0.000941564834	-0.000287599822	0.000319000723	0	0	0	0	0	3
164	417	0	0.965102594	-0.000766148489	-0.000590958005	-0.000941564834	-0.000287599822	0.000317921026	0	0	0	0	0	3
165	419	0	0.970987366	-0.000734683632	-0.00059323716	-0.000941564834	-0.000287599822	0.000317248279	0	0	0	0	0	3
166	421	0	0.976872137	-0.000708864746	-0.000595551557	-0.000941564834	-0.000287599822	0.000316995878	0	0	0	0	0	3
167	424	0	0.982756909	-0.000685666474	-0.000597895088	-0.000941564834	-0.000287599822	0.000317149285	0	0	0	0	0	3
168	426	0	0.988641681	-0.000667116104	-0.000600327795	-0.000941564834	-0.000287599822	0.000317700984	0	0	0	0	0	3
169	428	0	0.994526453	-0.000649252108	-0.000602804286	-0.000941564834	-0.000287599822	0.000318554307	0	0	0	0	0	3
170	431	0	1.00041123	-0.000634147947	-0.00060531666	-0.000941564834	-0.000287599822	0.000316170869	2.85528644e-05	0	9	0	0	3
171	433	0	1.006296	-0.000616542119	-0.000607715356	-0.000941564834	-0.000287599822	0.000313683542	2.85528644e-05	0	9.1	0	0	3
172	436	0	1.01218077	-0.000600701864	-0.000609938522	-0.000941564834	-0.000287599822	0.00031097901	2.85528644e-05	0	9.1	0	0	3
173	438	0	1.01806554	-0.000584306774	-0.00061191557	-0.000941564834	-0.000287599822	0.000307895491	2.85528644e-05	0	9.2	0	0	3
174	440	0	1.02395031	-0.000570258415	-0.000613598508	-0.000941564834	-0.000287599822	0.000304353313	2.85528644e-05	0	9.3	0	0	3
175	443	0	1.02983508	-0.00055480685	-0.000614925624	-0.000941564834	-0.000287599822	0.000300228157	2.85528644e-05	0	9.5	0	0	3
176	445	0	1.03571986	-0.000540600151	-0.000615861365	-0.000941564834	-0.000287599822	0.000295467833	2.85528644e-05	0	9.6	0	0	3
177	448	0	1.04160463	-0.000525482803	-0.000616370708	-0.000941564834	-0.000287599822	0.000290009997	2.85528644e-05	0	9.8	0	0	3
178	450	0	1.0474894	-0.000512440028	-0.000616463119	-0.000941564834	-0.000287599822	0.000283875967	2.85528644e-05	0	10	0	0	3
179	453	0	1.05337417	-0.000500649585	-0.000616158309	-0.000941564834	-0.000287599822	0.000277418538	2.85528644e-05	0	10.2	0	0	3
180	455	0	1.05925894	-0.000492521477	-0.000615534295	-0.000941564834	-0.000287599822	0.000270729109	2.85528644e-05	0	10.5	0	0	3
181	458	0	1.06514372	-0.000484638242	-0.000614592825	-0.000941564834	-0.000287599822	0.00026383284	2.85528644e-05	0	10.8	0	0	3
182	460	0	1.07102849	-0.000481975079	-0.000613424895	-0.000941564834	-0.000287599822	0.000256734166	2.85528644e-05	0	11.1	0	0	3
183	463	0	1.07691326	-0.00048231456	-0.00061207221	-0.000941564834	-0.000287599822	0.000249450044	2.85528644e-05	0	11.4	0	0	3
184	465	0	1.08279803	-0.00048958759	-0.000610634267	-0.000941564834	-0.000287599822	0.000241980541	2.85528644e-05	0	11.7	0	0	3
185	468	0	1.0886828	-0.000499476016	-0.000609135332	-0.000941564834	-0.000287599822	0.000234336277	2.85528644e-05	0	12.1	0	0	3
186	471	0	1.09456758	-0.00051186639	-0.000607624387	-0.000941564834	-0.000287599822	0.000226576296	2.85528644e-05	0	12.6	0	0	3
187	473	0	1.10045235	-0.000524717592	-0.000606152049	-0.000941564834	-0.000287599822	0.000218744672	2.85528644e-05	0	13	0	0	3
188	475	0	1.10633712	-0.000538550142	-0.000604776278	-0.000941564834	-0.000287599822	0.000210867826	2.85528644e-05	0	13.5	0	0	3
189	478	0	1.11222189	-0.000549273816	-0.000603476663	-0.000941564834	-0.000287599822	0.00020296245	2.85528644e-05	0	14	0	0	3
190	480	0	1.11810666	-0.000557164956	-0.000602245083	-0.000941564834	-0.000287599822	0.000195106261	2.85528644e-05	0	14.6	0	0	3
191	482	0	1.12399144	-0.000558829818	-0.000601076578	-0.000941564834	-0.000287599822	0.000187385309	2.85528644e-05	0	15.2	0	0	3
192	484	0	1.12987621	-0.000556643234	-0.000600014138	-0.000941564834	-0.000287599822	0.000179851284	2.85528644e-05	0	15.8	0	0	3
193	486	0	1.13576098	-0.000547921468	-0.000599041684	-0.000941564834	-0.000287599822	0.000172593348	2.85528644e-05	0	16.5	0	0	3
194	489	0	1.14164575	-0.000536111381	-0.000598198108	-0.000941564834	-0.000287599822	0.000165642027	2.85528644e-05	0	17.2	0	0	3
195	491	0	1.14753052	-0.000519253286	-0.000597470548	-0.000941564834	-0.000287599822	0.000159064446	2.85528644e-05	0	17.9	0	0	3
196	493	0	1.15341529	-0.000500838361	-0.00059689579	-0.000941564834	-0.000287599822	0.000152852535	2.85528644e-05	0	18.6	0	0	3
197	495	0	1.15930007	-0.000478234202	-0.000596417699	-0.000941564834	-0.000287599822	0.000147016883	2.85528644e-05	0	19.4	0	0	3
198	497	0	1.16518484	-0.00045630905	-0.000596051459	-0.000941564834	-0.000287599822	0.000141569384	2.85528644e-05	0	20.1	0	0	3
199	500	0	1.17106961	-0.000432621853	-0.000595776575	-0.000941564834	-0.000287599822	0.000136536398	2.85528644e-05	0	20.9	0	0	3
200	502	0	1.17695438	-0.000409018801	-0.000595621545	-0.000941564834	-0.000287599822	0.000131891317	2.85528644e-05	0	21.6	0	0	3
201	509	0	1.18283915	-0.000388127676	-0.000595574724	-0.000941564834	-0.000287599822	0.000127630363	2.85528644e-05	0	22.3	0	0	3
202	511	0	1.18872393	-0.000371362909	-0.000595657441	-0.000941564834	-0.000287599822	0.000123681783	2.85528644e-05	0	23	0	0	3
203	513	0	1.1946087	-0.000357791293	-0.000595841369	-0.000941564834	-0.000287599822	0.000120079956	2.85528644e-05	0	23.7	0	0	3
204	515	0	1.20049347	-0.000347308495	-0.000596168199	-0.000941564834	-0.000287599822	0.000116721935	2.85528644e-05	0	24.4	0	0	3
205	517	0	1.20637824	-0.000339919692	-0.000596570443	-0.000941564834	-0.000287599822	0.000113687739	2.85528644e-05	0	25.1	0	0	3
206	520	0	1.21226301	-0.000336987905	-0.000597069944	-0.000941564834	-0.000287599822	0.000110914057	2.85528644e-05	0	25.7	0	0	3
207	522	0	1.21814779	-0.000338504561	-0.000597643802	-0.000941564834	-0.000287599822	0.000108408166	2.85528644e-05	0	26.3	0	0	3
208	524	0	1.22403256	-0.000344054706	-0.000598307977	-0.000941564834	-0.000290701629	0.000106129863	2.85528644e-05	0	26.9	0	0	3
209	526	0	1.22991733	-0.000354159365	-0.000599054538	-0.000941564834	-0.000298543054	0.000104089437	2.85528644e-05	0	27.4	0	0	3
210	528	0	1.2358021	-0.000366369162	-0.000599852493	-0.000941564834	-0.000314059942	0.000102349428	2.85528644e-05	0	27.8	0	0	3
211	530	0	1.24168687	-0.000382258548	-0.000600654829	-0.000941564834	-0.000334368846	0.000100840002	2.85528644e-05	0	28.3	0	0	3
212	533	0	1.24757165	-0.000399121598	-0.000601416626	-0.000941564834	-0.000336987905	9.95041714e-05	2.85528644e-05	0	28.6	0	0	3
213	535	0	1.25345642	-0.00041513048	-0.000602101508	-0.000941564834	-0.000336987905	9.83023173e-05	2.85528644e-05	0	29	0	0	3
214	537	0	1.25934119	-0.000430187257	-0.000602688422	-0.000941564834	-0.000336987905	9.71163734e-05	2.85528644e-05	0	29.4	0	0	3
215	539	0	1.26522596	-0.000446604194	-0.000603180252	-0.000941564834	-0.000336987905	9.59292097e-05	2.85528644e-05	0	29.7	0	0	3
216	541	0	1.27111073	-0.000460196231	-0.000603530581	-0.000941564834	-0.000336987905	9.4662247e-05	2.85528644e-05	0	30.1	0	0	3
217	544	0	1.2769955	-0.000469805874	-0.000603684791	-0.000941564834	-0.000336987905	9.33347769e-05	2.85528644e-05	0	30.5	0	0	3
218	546	0	1.28288028	-0.000474714417	-0.000603593581	-0.000941564834	-0.000336987905	9.18965478e-05	2.85528644e-05	0	31	0	0	3
219	549	0	1.28876505	-0.000476347499	-0.000603188198	-0.000941564834	-0.000336987905	9.03777912e-05	2.85528644e-05	0	31.5	0	0	3
220	551	0	1.29464982	-0.00047802951	-0.000602495938	-0.000941564834	-0.000336987905	8.87226568e-05	2.85528644e-05	0	32.1	0	0	3
221	554	0	1.30053459	-0.000478300699	-0.000601484577	-0.000941564834	-0.000336987905	8.69364331e-05	2.85528644e-05	0	32.8	0	0	3
222	556	0	1.30641936	-0.000478141676	-0.000600169541	-0.000941564834	-0.000336987905	8.50194565e-05	2.85528644e-05	0	33.5	0	0	3
223	559	0	1.31230414	-0.00047829443	-0.000598546317	-0.000941564834	-0.000336987905	8.30647367e-05	2.85528644e-05	0	34.3	0	0	3
224	561	0	1.31818891	-0.000481759724	-0.00059666176	-0.000941564834	-0.000336987905	8.10585555e-05	2.85528644e-05	0	35.2	0	0	3
225	564	0	1.32407368	-0.000486545134	-0.000594516523	-0.000941564834	-0.000336987905	7.90897412e-05	2.85528644e-05	0	36.1	0	0	3
226	566	0	1.32995845	-0.00049446125	-0.000592183008	-0.000941564834	-0.000336987905	7.71862642e-05	2.85528644e-05	0	36.9	0	0	3
227	569	0	1.33584322	-0.000502919975	-0.000589683759	-0.000941564834	-0.000336987905	7.53632292e-05	2.85528644e-05	0	37.8	0	0	3
228	571	0	1.341728	-0.00050991468	-0.000586985287	-0.000941564834	-0.000336987905	7.35541223e-05	2.85528644e-05	0	38.8	0	0	3
229	574	0	1.34761277	-0.000513240747	-0.000584038791	-0.000941564834	-0.000336987905	7.17496593e-05	2.85528644e-05	0	39.7	0	0	3
230	576	0	1.35349754	-0.000514755468	-0.000580822303	-0.000941564834	-0.000336987905	6.99086993e-05	2.85528644e-05	0	40.8	0	0	3
231	579	0	1.35938231	-0.000517013995	-0.000577334893	-0.000941564834	-0.000336987905	6.80320406e-05	2.85528644e-05	0	41.9	0	0	3
232	581	0	1.36526708	-0.000519090985	-0.000573584126	-0.000941564834	-0.000336987905	6.60753482e-05	2.85528644e-05	0	43.2	0	0	3
233	584	0	1.37115186	-0.000520133847	-0.000569572576	-0.000941564834	-0.000336987905	6.40150185e-05	2.85528644e-05	0	44.6	0	0	3
234	586	0	1.37703663	-0.000520047354	-0.000565318848	-0.000941564834	-0.000336987905	6.18093647e-05	2.85528644e-05	0	46.1	0	0	3
235	588	0	1.3829214	-0.000518253011	-0.000560815933	-0.000941564834	-0.000336987905	5.94746057e-05	2.85528644e-05	0	48	0	0	3
236	591	0	1.38880617	-0.000516400872	-0.000556132268	-0.000941564834	-0.000336987905	6.03308511e-05	2.85528644e-05	0	47.3	0	0	3
237	593	0	1.39469094	-0.000515645635	-0.000551322576	-0.000941564834	-0.000336987905	6.51405431e-05	2.85528644e-05	0	43.8	0	0	3
238	595	0	1.40057572	-0.000517229101	-0.000546441981	-0.000941564834	-0.000336987905	7.00211375e-05	2.85528644e-05	0	40.7	0	0	3
239	598	0	1.40646049	-0.000520823726	-0.000541534432	-0.000941564834	-0.000336987905	7.49286869e-05	2.85528644e-05	0	38.1	0	0	3
240	600	0	1.41234526	-0.000531518752	-0.000536710361	-0.000938911965	-0.000336987905	7.97527584e-05	2.85528644e-05	0	35.8	0	0	3
241	602	0	1.41823003	-0.000543772131	-0.000532061657	-0.000929485656	-0.000336987905	8.44014623e-05	2.85528644e-05	0	33.8	0	0	3
242	604	0	1.4241148	-0.000559274322	-0.000527706229	-0.000918001979	-0.000336987905	8.87568898e-05	2.85528644e-05	0	32.1	0	0	3
243	607	0	1.42999957	-0.000570385795	-0.000523616627	-0.000900549664	-0.000336987905	9.2846492e-05	2.85528644e-05	0	30.7	0	0	3
244	609	0	1.43588435	-0.000577110151	-0.000519811456	-0.000880594754	-0.000336987905	9.66516627e-05	2.85528644e-05	0	29.5	0	0	3
245	611	0	1.44176912	-0.00057874659	-0.000516260301	-0.000855544239	-0.000336987905	0.000100202818	2.85528644e-05	0	28.4	0	0	3
246	614	0	1.44765389	-0.000577585474	-0.000512990198	-0.000827991698	-0.000336987905	0.000103472921	2.85528644e-05	0	27.5	0	0	3
247	616	0	1.45353866	-0.000572321381	-0.000509982312	-0.000798292857	-0.000336987905	0.000106480807	2.85528644e-05	0	26.8	0	0	3
248	619	0	1.45942343	-0.00056391375	-0.000507224911	-0.000766148489	-0.000336987905	0.000109238208	2.85528644e-05	0	26.1	0	0	3
249	621	0	1.46530821	-0.000552233172	-0.00050470826	-0.000734683632	-0.000336987905	0.000111754859	2.85528644e-05	0	25.5	0	0	3
250	624	0	1.47119298	-0.000538228374	-0.000502397022	-0.000708864746	-0.000336987905	0.000114066097	2.85528644e-05	0	25	0	0	3
251	626	0	1.47707775	-0.000520300449	-0.000500178618	-0.000685666474	-0.000336987905	0.000116284501	2.85528644e-05	0	24.5	0	0	3
252	629	0	1.48296252	-0.000504349017	-0.000498045472	-0.000667116104	-0.000336987905	0.000118417647	2.85528644e-05	0	24.1	0	0	3
253	631	0	1.48884729	-0.000487575313	-0.000495933227	-0.000649252108	-0.000336987905	0.000120529892	2.85528644e-05	0	23.6	0	0	3
254	633	0	1.49473207	-0.000476431289	-0.000493900041	-0.000634147947	-0.000336987905	0.000122563078	2.85528644e-05	0	23.2	0	0	3
255	636	0	1.50061684	-0.000466432334	-0.000491926916	-0.000616542119	-0.000336987905	0.000124536203	2.85528644e-05	0	22.9	0	0	3
256	638	0	1.50650161	-0.000461611339	-0.000490104201	-0.000600701864	-0.000336987905	0.000126358918	2.85528644e-05	0	22.5	0	0	3
257	641	0	1.51238638	-0.000458895842	-0.000488435895	-0.000584306774	-0.000336987905	0.000128027224	2.85528644e-05	0	22.3	0	0	3
258	643	0	1.51827115	-0.000460918892	-0.000486984273	-0.00057874659	-0.000336987905	0.000129478846	2.85528644e-05	0	22	0	0	3
259	645	0	1.52415593	-0.000460422486	-0.000485692086	-0.00057874659	-0.000336987905	0.000130771033	2.85528644e-05	0	21.8	0	0	3
260	648	0	1.5300407	-0.000459325632	-0.000484568777	-0.00057874659	-0.000336987905	0.000131894342	2.85528644e-05	0	21.6	0	0	3
261	650	0	1.53592547	-0.000459221719	-0.000483611384	-0.00057874659	-0.000336987905	0.000132851735	2.85528644e-05	0	21.4	0	0	3
262	653	0	1.54181024	-0.000456826503	-0.000482803663	-0.00057874659	-0.000336987905	0.000133659456	2.85528644e-05	0	21.3	0	0	3
263	655	0	1.54769501	-0.000455089154	-0.000482128946	-0.00057874659	-0.000336987905	0.000134029363	2.85528644e-05	0	21.3	0	0	3
264	657	0	1.55357978	-0.000448148425	-0.000481511286	-0.00057874659	-0.000336987905	0.000134023009	2.85528644e-05	0	21.3	0	0	3
265	660	0	1.55946456	-0.000440783351	-0.000480902602	-0.00057874659	-0.000336987905	0.000133690223	2.85528644e-05	0	21.3	0	0	3
266	4264	0	1.56534933	-0.000429045799	-0.000480248573	-0.00057874659	-0.000336987905	0.000133176321	2.85528644e-05	0	21.4	0	0	3
267	4266	0	1.5712341	-0.000419814518	-0.000479517272	-0.00057874659	-0.000336987905	0.000132554938	2.85528644e-05	0	21.5	0	0	3
268	4268	0	1.57711887	-0.0004097926	-0.000478664073	-0.00057874659	-0.000336987905	0.000131970195	2.85528644e-05	0	21.6	0	0	3
269	4271	0	1.58300364	-0.000399205918	-0.000477600759	-0.00057874659	-0.000336987905	0.000131534573	2.85528644e-05	0	21.7	0	0	3
270	4274	0	1.58888842	-0.000388213681	-0.00047629179	-0.00057874659	-0.000336987905	0.000131332596	2.85528644e-05	0	21.7	0	0	3
271	4277	0	1.59477319	-0.00037607081	-0.000474694195	-0.00057874659	-0.000336987905	0.000131457854	2.85528644e-05	0	21.7	0	0	3
272	58057	0	1.60065796	-0.000362368827	-0.00047278421	-0.00057874659	-0.000336987905	0.000131992068	2.85528644e-05	0	21.6	0	0	3
273	58061	0	1.60654273	-0.000346766459	-0.000470527931	-0.00057874659	-0.000336987905	0.000133156859	2.85528644e-05	0	21.4	0	0	3
274	58065	0	1.6124275	-0.000328372306	-0.00046792909	-0.00057874659	-0.000328372306	0.000135755701	2.85528644e-05	0	21	0	0	3
275	58069	0	1.61831228	-0.000309984075	-0.00046502108	-0.00057874659	-0.000309984075	0.000138663711	2.85528644e-05	0	20.5	0	0	3
276	58072	0	1.62419705	-0.000290381958	-0.00046186287	-0.00057874659	-0.000290381958	0.000141821921	2.85528644e-05	0	20.1	0	0	3
277	58076	0	1.63008182	-0.000273750157	-0.000458534716	-0.00057874659	-0.000273750157	0.000145150075	2.85528644e-05	0	19.6	0	0	3
278	58080	0	1.63596659	-0.000257266267	-0.000455115243	-0.00057874659	-0.000257266267	0.000148569548	2.85528644e-05	0	19.2	0	0	3
279	58083	0	1.64185136	-0.000240738094	-0.000451640263	-0.00057874659	-0.000240738094	0.000152044528	2.85528644e-05	0	18.7	0	0	3
280	58086	0	1.64773614	-0.000225188799	-0.000448180681	-0.00057874659	-0.000225188799	0.00015550411	2.85528644e-05	0	18.3	0	0	3
281	58089	0	1.65362091	-0.00021129707	-0.000444774313	-0.00057874659	-0.00021129707	0.000158910478	2.85528644e-05	0	17.9	0	0	3
282	58092	0	1.65950568	-0.000196679569	-0.000441461905	-0.00057874659	-0.000196679569	0.000162222886	2.85528644e-05	0	17.6	0	0	3
283	58095	0	1.66539045	-0.000185338018	-0.000438274011	-0.00057874659	-0.000185338018	0.00016541078	2.85528644e-05	0	17.2	0	0	3
284	58098	0	1.67127522	-0.000181264947	-0.000435316871	-0.00057874659	-0.000181264947	0.00016836792	2.85528644e-05	0	16.9	0	0	3
285	58101	0	1.67716	-0.000181089566	-0.00043263535	-0.00057874659	-0.000181089566	0.000171049441	2.85528644e-05	0	16.6	0	0	3
286	58104	0	1.68304477	-0.000188515548	-0.000430286972	-0.00057874659	-0.000181089566	0.000173397819	2.85528644e-05	0	16.4	0	0	3
287	58107	0	1.68892954	-0.000202513746	-0.000428300511	-0.00057874659	-0.000181089566	0.000175384279	2.85528644e-05	0	16.2	0	0	3
288	58110	0	1.69481431	-0.000221528783	-0.000426697423	-0.00057874659	-0.000181089566	0.000176987368	2.85528644e-05	0	16.1	0	0	3
289	58113	0	1.70069908	-0.000242690959	-0.000425466629	-0.00057874659	-0.000181089566	0.000178218162	2.85528644e-05	0	16	0	0	3
290	58116	0	1.70658385	-0.000267118488	-0.000424610144	-0.00057874659	-0.000181089566	0.000179074647	2.85528644e-05	0	15.9	0	0	3
291	58118	0	1.71246863	-0.000290053568	-0.000424057975	-0.00057874659	-0.000181089566	0.000179626816	2.85528644e-05	0	15.8	0	0	3
292	58121	0	1.7183534	-0.000312163535	-0.000423748081	-0.00057874659	-0.000181089566	0.00017993671	2.85528644e-05	0	15.8	0	0	3
293	58123	0	1.72423817	-0.000331773491	-0.000423603596	-0.00057874659	-0.000181089566	0.000180081195	2.85528644e-05	0	15.8	0	0	3
294	58126	0	1.73012294	-0.000349321689	-0.000423546682	-0.00057874659	-0.000181089566	0.000180138109	2.85528644e-05	0	15.8	0	0	3
295	58129	0	1.73600771	-0.00036482348	-0.000423528497	-0.00057874659	-0.000181089566	0.000180156293	2.85528644e-05	0	15.8	0	0	3
296	58132	0	1.74189249	-0.000378468706	-0.000423483911	-0.00057874659	-0.000181089566	0.00018020088	2.85528644e-05	0	15.8	0	0	3
297	58134	0	1.74777726	-0.000387520502	-0.000423347428	-0.00057874659	-0.000181089566	0.000180337363	2.85528644e-05	0	15.8	0	0	3
298	58137	0	1.75366203	-0.000395016528	-0.000423110793	-0.00057874659	-0.000181089566	0.000180573998	2.85528644e-05	0	15.8	0	0	3
299	58140	0	1.7595468	-0.000397335835	-0.000422724306	-0.00057874659	-0.000181089566	0.000180960485	2.85528644e-05	0	15.7	0	0	3
300	58142	0	1.76543157	-0.000399494865	-0.000422170078	-0.00057874659	-0.000181089566	0.000181514713	2.85528644e-05	0	15.7	0	0	3
301	58149	0	1.77131635	-0.000398457371	-0.000421443739	-0.00057874659	-0.000181089566	0.000182241052	2.85528644e-05	0	15.6	0	0	3
302	58151	0	1.77720112	-0.000400666179	-0.00042063033	-0.00057874659	-0.000181089566	0.00018296325	2.85528644e-05	0	15.6	0	0	3
303	58154	0	1.78308589	-0.000404308955	-0.000419802031	-0.00057874659	-0.000181089566	0.000183386167	2.85528644e-05	0	15.5	0	0	3
304	58157	0	1.78897066	-0.000411173579	-0.000419035279	-0.00057874659	-0.000181089566	0.000183460659	2.85528644e-05	0	15.5	0	0	3
305	58159	0	1.79485543	-0.000419610354	-0.000418347995	-0.00057874659	-0.000181089566	0.000183136583	2.85528644e-05	0	15.5	0	0	3
306	58162	0	1.80074021	-0.000431499991	-0.000417797398	-0.00057874659	-0.000181089566	0.000182372143	2.85528644e-05	0	15.6	0	0	3
307	58164	0	1.80662498	-0.000446970394	-0.000417430677	-0.00057874659	-0.000181089566	0.00018111564	2.85528644e-05	0	15.7	0	0	3
308	58167	0	1.81250975	-0.000462764307	-0.00041724797	-0.00057874659	-0.000181089566	0.00017941379	2.85528644e-05	0	15.9	0	0	3
309	58169	0	1.81839452	-0.000476377809	-0.000417184653	-0.00057874659	-0.000181089566	0.00017733187	2.85528644e-05	0	16.1	0	0	3
310	58172	0	1.82427929	-0.000489966848	-0.000417224909	-0.00057874659	-0.000181089566	0.000174998355	2.85528644e-05	0	16.3	0	0	3
311	58174	0	1.83016406	-0.000500793784	-0.000417299409	-0.00057874659	-0.000181089566	0.000172499106	2.85528644e-05	0	16.5	0	0	3
312	58177	0	1.83604884	-0.000506206709	-0.000417338076	-0.00057874659	-0.000181089566	0.000169800634	2.85528644e-05	0	16.8	0	0	3
313	58179	0	1.84193361	-0.000507993921	-0.000417315479	-0.00057874659	-0.000181089566	0.000166854138	2.85528644e-05	0	17.1	0	0	3
314	58182	0	1.84781838	-0.000506133954	-0.00041723187	-0.00057874659	-0.000181089566	0.00016363765	2.85528644e-05	0	17.4	0	0	3
315	58184	0	1.85370315	-0.00049588233	-0.000417009833	-0.00057874659	-0.000181089566	0.00016032506	2.85528644e-05	0	17.8	0	0	3
316	58187	0	1.85958792	-0.000483481624	-0.000416615335	-0.00057874659	-0.000181089566	0.000156968791	2.85528644e-05	0	18.1	0	0	3
317	58189	0	1.8654727	-0.000464654371	-0.000415974904	-0.00057874659	-0.000181089566	0.000153597672	2.85528644e-05	0	18.5	0	0	3
318	58192	0	1.87135747	-0.000445242313	-0.000415093827	-0.00057874659	-0.000181089566	0.000150225021	2.85528644e-05	0	19	0	0	3
319	58195	0	1.87724224	-0.000423456802	-0.000413957468	-0.00057874659	-0.000181089566	0.000146858465	2.85528644e-05	0	19.4	0	0	3
320	58198	0	1.88312701	-0.00040531601	-0.000412628797	-0.00057874659	-0.000181089566	0.000143503471	2.85528644e-05	0	19.8	0	0	3
321	58200	0	1.88901178	-0.000389266716	-0.000411133101	-0.00057874659	-0.000181089566	0.000140189475	2.85528644e-05	0	20.3	0	0	3
322	58203	0	1.89489656	-0.000378230534	-0.000409516453	-0.00057874659	-0.000181089566	0.000136925529	2.85528644e-05	0	20.8	0	0	3
323	58206	0	1.90078133	-0.000371371718	-0.000407800483	-0.00057874659	-0.000181089566	0.000133733949	2.85528644e-05	0	21.3	0	0	3
324	58208	0	1.9066661	-0.000368408242	-0.00040600736	-0.00057874659	-0.000181089566	0.000130703	2.85528644e-05	0	21.8	0	0	3
325	58211	0	1.91255087	-0.000370753156	-0.000404116	-0.00057874659	-0.000181089566	0.000127945656	2.85528644e-05	0	22.3	0	0	3
326	58214	0	1.91843564	-0.000380235195	-0.000402192036	-0.00057874659	-0.000181089566	0.000125514193	2.85528644e-05	0	22.7	0	0	3
327	58216	0	1.92432042	-0.000391873584	-0.000400222616	-0.00057874659	-0.000181089566	0.000123394011	2.85528644e-05	0	23.1	0	0	3
328	58219	0	1.93020519	-0.00040734255	-0.00039830446	-0.00057874659	-0.000181089566	0.000121506996	2.85528644e-05	0	23.4	0	0	3
329	58221	0	1.93608996	-0.000426546104	-0.000396533118	-0.00057874659	-0.000181089566	0.000119727183	2.85528644e-05	0	23.8	0	0	3
330	58224	0	1.94197473	-0.000446104509	-0.000394972623	-0.000577585474	-0.000181089566	0.000118017575	2.85528644e-05	0	24.1	0	0	3
331	58226	0	1.9478595	-0.000464015272	-0.000393636503	-0.000572321381	-0.000181089566	0.000116345809	2.85528644e-05	0	24.5	0	0	3
332	58229	0	1.95374427	-0.000481921634	-0.000392572977	-0.00056391375	-0.000181089566	0.000114651934	2.85528644e-05	0	24.9	0	0	3
333	58231	0	1.95962905	-0.00049699252	-0.000391785668	-0.000552233172	-0.000181089566	0.000112922592	2.85528644e-05	0	25.2	0	0	3
334	58233	0	1.96551382	-0.000506690141	-0.000391249868	-0.000538228374	-0.000181089566	0.000111147154	2.85528644e-05	0	25.6	0	0	3
335	58236	0	1.97139859	-0.000513616197	-0.000390960313	-0.000520300449	-0.000181089566	0.000109218306	2.85528644e-05	0	26.1	0	0	3
336	58238	0	1.97728336	-0.000515866442	-0.000390908148	-0.000515866442	-0.000181089566	0.000107137324	2.85528644e-05	0	26.6	0	0	3
337	58241	0	1.98316813	-0.00051215121	-0.000390999938	-0.000515866442	-0.000181089566	0.000105025079	2.85528644e-05	0	27.1	0	0	3
338	58243	0	1.98905291	-0.000506032637	-0.000391217083	-0.000515866442	-0.000181089566	0.000102991893	2.85528644e-05	0	27.7	0	0	3
339	58246	0	1.99493768	-0.00049687107	-0.000391457551	-0.000515866442	-0.000181089566	0.000101018768	2.85528644e-05	0	28.2	0	0	3
340	58248	0	2.00082245	-0.000483791077	-0.000391661772	-0.000515866442	-0.000181089566	9.91960533e-05	2.85528644e-05	0	28.7	0	0	3
341	58251	0	2.00670722	-0.000466935703	-0.000391724412	-0.000515866442	-0.000181089566	9.75277471e-05	2.85528644e-05	0	29.2	0	0	3
342	58253	0	2.01259199	-0.000448342645	-0.000391600256	-0.000515866442	-0.000181089566	9.6076125e-05	2.85528644e-05	0	29.7	0	0	3
343	58256	0	2.01847677	-0.000427143251	-0.000391202896	-0.000515866442	-0.000181089566	9.47839376e-05	2.85528644e-05	0	30.1	0	0	3
344	58259	0	2.02436154	-0.000403115745	-0.000390528699	-0.000515866442	-0.000181089566	9.40400783e-05	2.85528644e-05	0	30.3	0	0	3
345	58262	0	2.03024631	-0.00038145417	-0.000389612564	-0.000515866442	-0.000181089566	9.39988198e-05	2.85528644e-05	0	30.3	0	0	3
346	58264	0	2.03613108	-0.000362043219	-0.000388469288	-0.000515866442	-0.000181089566	9.43343751e-05	2.85528644e-05	0	30.2	0	0	3
347	58267	0	2.04201585	-0.000346162682	-0.00038716736	-0.000515866442	-0.000181089566	9.49615862e-05	2.85528644e-05	0	30	0	0	3
348	58270	0	2.04790063	-0.000332113577	-0.000385720589	-0.000515866442	-0.000181089566	9.5790697e-05	2.85528644e-05	0	29.8	0	0	3
349	58273	0	2.0537854	-0.00031652226	-0.000384172046	-0.000515866442	-0.000181089566	9.67305563e-05	2.85528644e-05	0	29.5	0	0	3
350	58275	0	2.05967017	-0.000305383233	-0.000382579103	-0.000515866442	-0.000181089566	9.76694701e-05	2.85528644e-05	0	29.2	0	0	3
351	58278	0	2.06555494	-0.000293638382	-0.000380986075	-0.000515866442	-0.000181089566	9.85311978e-05	2.85528644e-05	0	28.9	0	0	3
352	58280	0	2.07143971	-0.000282223157	-0.000379367353	-0.000515866442	-0.000181089566	9.92967202e-05	2.85528644e-05	0	28.7	0	0	3
353	58283	0	2.07732449	-0.0002722386	-0.00037774907	-0.000515866442	-0.000181089566	9.98516888e-05	2.85528644e-05	0	28.5	0	0	3
354	58285	0	2.08320926	-0.000266026731	-0.000376182256	-0.000515866442	-0.000181089566	0.000100109534	2.85528644e-05	0	28.5	0	0	3
355	58288	0	2.08909403	-0.000259322269	-0.000374665887	-0.000515866442	-0.000181089566	0.000100028309	2.85528644e-05	0	28.5	0	0	3
356	58290	0	2.0949788	-0.000254081336	-0.000373230717	-0.000515866442	-0.000181089566	9.95534934e-05	2.85528644e-05	0	28.6	0	0	3
357	58293	0	2.10086357	-0.000251294107	-0.000371923955	-0.000515866442	-0.000181089566	9.86039761e-05	2.85528644e-05	0	28.9	0	0	3
358	58295	0	2.10674834	-0.0002491493	-0.000370775518	-0.000515866442	-0.000181089566	9.7153572e-05	2.85528644e-05	0	29.3	0	0	3
359	58298	0	2.11263312	-0.000246348962	-0.000369810537	-0.000515866442	-0.000181089566	9.52105422e-05	2.85528644e-05	0	29.9	0	0	3
360	58300	0	2.11851789	-0.00025059901	-0.00036911189	-0.000515866442	-0.000181089566	9.27509799e-05	2.85528644e-05	0	30.7	0	0	3
361	58303	0	2.12440266	-0.000258319487	-0.000368734684	-0.000515866442	-0.000181089566	8.98000316e-05	2.85528644e-05	0	31.7	0	0	3
362	58306	0	2.13028743	-0.000269143691	-0.00036868049	-0.000515866442	-0.000181089566	8.64347523e-05	2.85528644e-05	0	33	0	0	3
363	58308	0	2.1361722	-0.000284277577	-0.000368998271	-0.000515866442	-0.000181089566	8.29597725e-05	2.85528644e-05	0	34.4	0	0	3
364	58311	0	2.14205698	-0.000303547836	-0.000369737209	-0.000515866442	-0.000181089566	7.95001903e-05	2.85528644e-05	0	35.9	0	0	3
365	58314	0	2.14794175	-0.000324729404	-0.000370908275	-0.000515866442	-0.000181089566	7.60938221e-05	2.85528644e-05	0	37.5	0	0	3
366	58316	0	2.15382652	-0.000349720827	-0.000372536789	-0.000515866442	-0.000181089566	7.27814147e-05	2.85528644e-05	0	39.2	0	0	3
367	58319	0	2.15971129	-0.000374716252	-0.000374631339	-0.000515866442	-0.000181089566	6.95935202e-05	2.85528644e-05	0	41	0	0	3
368	58321	0	2.16559606	-0.000400442377	-0.000377161978	-0.000515866442	-0.000181089566	6.66363801e-05	2.85528644e-05	0	42.8	0	0	3
369	58324	0	2.17148084	-0.000425722768	-0.000380037952	-0.000515866442	-0.000181089566	6.39548597e-05	2.85528644e-05	0	44.6	0	0	3
370	58327	0	2.17736561	-0.000452521059	-0.000383231264	-0.000515866442	-0.000188515548	6.16064818e-05	2.85528644e-05	0	46.3	0	0	3
371	58329	0	2.18325038	-0.000478166326	-0.00038663892	-0.000515866442	-0.000202513746	5.9620021e-05	2.85528644e-05	0	47.8	0	0	3
372	58332	0	2.18913515	-0.000504456456	-0.000390191188	-0.000515866442	-0.000221528783	5.80169327e-05	2.85528644e-05	0	49.2	0	0	3
373	58335	0	2.19501992	-0.000529749507	-0.000393817314	-0.000529749507	-0.000242690959	5.67861381e-05	2.85528644e-05	0	50.2	0	0	3
374	58337	0	2.2009047	-0.000554840574	-0.000397489662	-0.000554840574	-0.000246348962	5.59296534e-05	2.85528644e-05	0	51	0	0	3
375	58340	0	2.20678947	-0.000577033824	-0.000401135725	-0.000577033824	-0.000246348962	5.53774847e-05	2.85528644e-05	0	51.5	0	0	3
376	58342	0	2.21267424	-0.000593200058	-0.000404702154	-0.000593200058	-0.000246348962	5.50675903e-05	2.85528644e-05	0	51.8	0	0	3
377	58344	0	2.21855901	-0.000604779039	-0.00040814469	-0.000604779039	-0.000246348962	5.49231054e-05	2.85528644e-05	0	51.9	0	0	3
378	58347	0	2.22444378	-0.000609725949	-0.000411414718	-0.000609725949	-0.000246348962	5.48661915e-05	2.85528644e-05	0	52	0	0	3
379	58349	0	2.23032855	-0.000608387069	-0.000414462546	-0.000609725949	-0.000246348962	5.4848007e-05	2.85528644e-05	0	52	0	0	3
380	58352	0	2.23621333	-0.000600688304	-0.000417237427	-0.000609725949	-0.000246348962	5.48034207e-05	2.85528644e-05	0	52.1	0	0	3
381	58354	0	2.2420981	-0.000586573713	-0.000419685721	-0.000609725949	-0.000246348962	5.46669372e-05	2.85528644e-05	0	52.2	0	0	3
382	58357	0	2.24798287	-0.000567103214	-0.000421798459	-0.000609725949	-0.000246348962	5.44303024e-05	2.85528644e-05	0	52.4	0	0	3
383	58359	0	2.25386764	-0.000544515938	-0.000423557275	-0.000609725949	-0.000246348962	5.48767849e-05	2.85528644e-05	0	52	0	0	3
384	58362	0	2.25975241	-0.00052025977	-0.000425003439	-0.000609725949	-0.000246348962	5.63229489e-05	2.85528644e-05	0	50.6	0	0	3
385	58365	0	2.26563719	-0.000492580778	-0.000426098568	-0.000609725949	-0.000246348962	5.74180773e-05	2.85528644e-05	0	49.7	0	0	3
386	58368	0	2.27152196	-0.00046135965	-0.000426838594	-0.000609725949	-0.000246348962	5.81581041e-05	2.85528644e-05	0	49	0	0	3
387	58371	0	2.27740673	-0.000429217326	-0.00042717449	-0.000609725949	-0.000246348962	5.84939999e-05	2.85528644e-05	0	48.8	0	0	3
388	58373	0	2.2832915	-0.000396347211	-0.000427080823	-0.000609725949	-0.000246348962	5.84939999e-05	2.85528644e-05	0	48.8	0	0	3
389	58376	0	2.28917627	-0.00036325664	-0.000426517094	-0.000609725949	-0.000246348962	5.84939999e-05	2.85528644e-05	0	48.8	0	0	3
390	58379	0	2.29506105	-0.000332168184	-0.000425488363	-0.000609725949	-0.000246348962	5.84939999e-05	2.85528644e-05	0	48.8	0	0	3
391	58381	0	2.30094582	-0.000304778827	-0.000423997525	-0.000609725949	-0.000246348962	5.84939999e-05	2.85528644e-05	0	48.8	0	0	3
392	58384	0	2.30683059	-0.000282270119	-0.000422059875	-0.000609725949	-0.000246348962	5.84939999e-05	2.85528644e-05	0	48.8	0	0	3
393	58387	0	2.31271536	-0.000270169235	-0.000419794051	-0.000609725949	-0.000246348962	5.84939999e-05	2.85528644e-05	0	48.8	0	0	3
394	58390	0	2.31860013	-0.000264582152	-0.000417302337	-0.000609725949	-0.000246348962	5.84939999e-05	2.85528644e-05	0	48.8	0	0	3
395	58392	0	2.32448491	-0.000264480853	-0.000414649561	-0.000609725949	-0.000246348962	5.84939999e-05	2.85528644e-05	0	48.8	0	0	3
396	58395	0	2.33036968	-0.000271212705	-0.000411948607	-0.000609725949	-0.000246348962	5.84939999e-05	2.85528644e-05	0	48.8	0	0	3
397	58397	0	2.33625445	-0.000278625709	-0.000409271183	-0.000609725949	-0.000246348962	5.84939999e-05	2.85528644e-05	0	48.8	0	0	3
398	58400	0	2.34213922	-0.000288223331	-0.000406685647	-0.000609725949	-0.000246348962	5.84939999e-05	2.85528644e-05	0	48.8	0	0	3
399	58402	0	2.34802399	-0.000299776865	-0.000404257917	-0.000609725949	-0.000246348962	5.84939999e-05	2.85528644e-05	0	48.8	0	0	3
400	58405	0	2.35390876	-0.000311545886	-0.000402089252	-0.000609725949	-0.000246348962	5.84939999e-05	2.85528644e-05	0	48.8	0	0	3
401	58412	0	2.35979354	-0.000323075847	-0.000400202126	-0.000609725949	-0.000246348962	5.84939999e-05	2.85528644e-05	0	48.8	0	0	3
402	58415	0	2.36567831	-0.000333857051	-0.000398663334	-0.000609725949	-0.000246348962	5.84939999e-05	2.85528644e-05	0	48.8	0	0	3
403	58418	0	2.37156308	-0.00034198025	-0.000397448486	-0.000609725949	-0.000246348962	5.84939999e-05	2.85528644e-05	0	48.8	0	0	3
404	58420	0	2.37744785	-0.000347431802	-0.000396554074	-0.000609725949	-0.000246348962	5.84939999e-05	2.85528644e-05	0	48.8	0	0	3
405	58423	0	2.38333262	-0.000352564788	-0.000395933472	-0.000609725949	-0.000246348962	5.84939999e-05	2.85528644e-05	0	48.8	0	0	3
406	58426	0	2.3892174	-0.000357360521	-0.000395558105	-0.000609725949	-0.000246348962	5.84939999e-05	2.85528644e-05	0	48.8	0	0	3
407	58428	0	2.39510217	-0.000362024794	-0.000395367449	-0.000609725949	-0.000246348962	5.84939999e-05	2.85528644e-05	0	48.8	0	0	3
408	58431	0	2.40098694	-0.000368883544	-0.000395338176	-0.000609725949	-0.000246348962	5.84939999e-05	2.85528644e-05	0	48.8	0	0	3
409	58433	0	2.40687171	-0.000375904821	-0.000395426371	-0.000609725949	-0.000246348962	5.84939999e-05	2.85528644e-05	0	48.8	0	0	3
410	58436	0	2.41275648	-0.000383038963	-0.00039557091	-0.000609725949	-0.000246348962	5.84939999e-05	2.85528644e-05	0	48.8	0	0	3
411	58438	0	2.41864126	-0.000388578739	-0.000395669069	-0.000609725949	-0.000246348962	5.84939999e-05	2.85528644e-05	0	48.8	0	0	3
412	58441	0	2.42452603	-0.000392861884	-0.000395680696	-0.000609725949	-0.000246348962	5.84939999e-05	2.85528644e-05	0	48.8	0	0	3
413	58443	0	2.4304108	-0.000401900709	-0.000395616675	-0.000609725949	-0.000246348962	5.84939999e-05	2.85528644e-05	0	48.8	0	0	3
414	58446	0	2.43629557	-0.000415587121	-0.000395487746	-0.000609725949	-0.000246348962	5.84939999e-05	2.85528644e-05	0	48.8	0	0	3
415	58448	0	2.44218034	-0.000431775503	-0.000395319169	-0.000609725949	-0.000246348962	5.84939999e-05	2.85528644e-05	0	48.8	0	0	3
416	58450	0	2.44806512	-0.000449416987	-0.000395147425	-0.000609725949	-0.000246348962	5.84939999e-05	2.85528644e-05	0	48.8	0	0	3
417	58453	0	2.45394989	-0.000468632056	-0.000394991077	-0.000609725949	-0.000246348962	5.84939999e-05	2.85528644e-05	0	48.8	0	0	3
418	58455	0	2.45983466	-0.000486714252	-0.000394870156	-0.000609725949	-0.000246348962	5.84939999e-05	2.85528644e-05	0	48.8	0	0	3
419	58457	0	2.46571943	-0.000503288923	-0.000394830141	-0.000609725949	-0.000246348962	5.84939999e-05	2.85528644e-05	0	48.8	0	0	3
420	58460	0	2.4716042	-0.000521456428	-0.000394922379	-0.000609725949	-0.000246348962	5.84939999e-05	2.85528644e-05	0	48.8	0	0	3
421	58463	0	2.47748898	-0.00053861344	-0.000395189991	-0.000609725949	-0.000246348962	5.84939999e-05	2.85528644e-05	0	48.8	0	0	3
422	58465	0	2.48337375	-0.000555795879	-0.000395703458	-0.000609725949	-0.000246348962	5.84939999e-05	2.85528644e-05	0	48.8	0	0	3
423	58467	0	2.48925852	-0.000572992831	-0.000396491225	-0.000609725949	-0.000246348962	5.84939999e-05	2.85528644e-05	0	48.8	0	0	3
424	58470	0	2.49514329	-0.000592531566	-0.000397616642	-0.000609725949	-0.000246348962	5.84939999e-05	2.85528644e-05	0	48.8	0	0	3
425	58473	0	2.50102806	-0.000612137855	-0.000399126605	-0.000612137855	-0.000246348962	5.84939999e-05	2.85528644e-05	0	48.8	0	0	3
426	58475	0	2.50691283	-0.000630641357	-0.000401052553	-0.000630641357	-0.000246348962	5.84939999e-05	2.85528644e-05	0	48.8	0	0	3
427	58478	0	2.51279761	-0.000648745989	-0.00040341024	-0.000648745989	-0.000246348962	5.84939999e-05	2.85528644e-05	0	48.8	0	0	3
428	58480	0	2.51868238	-0.000663904016	-0.000406195661	-0.000663904016	-0.000246348962	5.84939999e-05	2.85528644e-05	0	48.8	0	0	3
429	58483	0	2.52456715	-0.000676763269	-0.000409415043	-0.000676763269	-0.000246348962	5.84939999e-05	2.85528644e-05	0	48.8	0	0	3
430	58485	0	2.53045192	-0.000687519427	-0.000413015811	-0.000687519427	-0.000246348962	5.84939999e-05	2.85528644e-05	0	48.8	0	0	3
431	58488	0	2.53633669	-0.000690838271	-0.000416883988	-0.000690838271	-0.000246348962	5.84939999e-05	2.85528644e-05	0	48.8	0	0	3
432	58490	0	2.54222147	-0.000690311672	-0.0004209328	-0.000690838271	-0.000246348962	5.84939999e-05	2.85528644e-05	0	48.8	0	0	3
433	58493	0	2.54810624	-0.000687258974	-0.000425110981	-0.000690838271	-0.000246348962	5.84939999e-05	2.85528644e-05	0	48.8	0	0	3
434	58495	0	2.55399101	-0.000678131808	-0.000429365211	-0.000690838271	-0.000246348962	6.06847204e-05	2.85528644e-05	0	47	0	0	3
435	58498	0	2.55987578	-0.000669151285	-0.000433644835	-0.000690838271	-0.000246348962	6.49643446e-05	2.85528644e-05	0	43.9	0	0	3
436	58500	0	2.56576055	-0.000658955456	-0.000437942683	-0.000690838271	-0.000246348962	6.92621925e-05	2.85528644e-05	0	41.2	0	0	3
437	58503	0	2.57164533	-0.000650846103	-0.000442279423	-0.000690838271	-0.000246348962	7.3598933e-05	2.85528644e-05	0	38.7	0	0	3
438	58505	0	2.5775301	-0.000642866245	-0.000446639749	-0.000690838271	-0.000246348962	7.79592583e-05	2.85528644e-05	0	36.6	0	0	3
439	58508	0	2.58341487	-0.000634186856	-0.000450971044	-0.000690838271	-0.000246348962	8.22905539e-05	2.85528644e-05	0	34.6	0	0	3
440	58510	0	2.58929964	-0.000624203219	-0.000455263761	-0.000690838271	-0.000246348962	8.65832709e-05	2.85528644e-05	0	32.9	0	0	3
441	58513	0	2.59518441	-0.000614466866	-0.000459503591	-0.000690838271	-0.000246348962	9.08231007e-05	2.85528644e-05	0	31.4	0	0	3
442	58516	0	2.60106919	-0.000603025747	-0.00046364161	-0.000690838271	-0.000246348962	9.496112e-05	2.85528644e-05	0	30	0	0	3
443	58518	0	2.60695396	-0.000591862076	-0.000467673525	-0.000690838271	-0.000246348962	9.8993035e-05	2.85528644e-05	0	28.8	0	0	3
444	58521	0	2.61283873	-0.000580724577	-0.000471607356	-0.000690838271	-0.00025059901	0.000102926866	2.85528644e-05	0	27.7	0	0	3
445	58523	0	2.6187235	-0.00056753491	-0.000475336014	-0.000690838271	-0.000258319487	0.000106655523	2.85528644e-05	0	26.7	0	0	3
446	58526	0	2.62460827	-0.00055317892	-0.000478804948	-0.000690838271	-0.000264480853	0.000110124458	2.85528644e-05	0	25.9	0	0	3
447	58529	0	2.63049304	-0.000541136157	-0.00048200486	-0.000690838271	-0.000264480853	0.000113006589	2.85528644e-05	0	25.2	0	0	3
448	58531	0	2.63637782	-0.000529104779	-0.00048488518	-0.000690838271	-0.000264480853	0.000115147971	2.85528644e-05	0	24.7	0	0	3
449	58534	0	2.64226259	-0.000519238011	-0.000487422711	-0.000690838271	-0.000264480853	0.000116514437	2.85528644e-05	0	24.5	0	0	3
450	58536	0	2.64814736	-0.000510519666	-0.000489608479	-0.000690838271	-0.000264480853	0.00011707169	2.85528644e-05	0	24.3	0	0	3
451	58539	0	2.65403213	-0.000499822476	-0.000491374381	-0.000690838271	-0.000264480853	0.000116743042	2.85528644e-05	0	24.4	0	0	3
452	58542	0	2.6599169	-0.00049197876	-0.00049275394	-0.000690838271	-0.000264480853	0.000115591962	2.85528644e-05	0	24.7	0	0	3
453	58544	0	2.66580168	-0.000481865884	-0.000493711863	-0.000690838271	-0.000264480853	0.000113673911	2.85528644e-05	0	25.1	0	0	3
454	58547	0	2.67168645	-0.00047400686	-0.000494279911	-0.000690838271	-0.000264480853	0.000111048647	2.85528644e-05	0	25.7	0	0	3
455	58549	0	2.67757122	-0.000466961838	-0.000494449803	-0.000690838271	-0.000264480853	0.000107810883	2.85528644e-05	0	26.4	0	0	3
456	58552	0	2.68345599	-0.000463538615	-0.000494277712	-0.000690838271	-0.000264480853	0.000104258615	2.85528644e-05	0	27.3	0	0	3
457	58554	0	2.68934076	-0.000461130216	-0.000493767992	-0.000690838271	-0.000264480853	0.000100632489	2.85528644e-05	0	28.3	0	0	3
458	58557	0	2.69522554	-0.000462174533	-0.000492972992	-0.000690838271	-0.000264480853	9.96196614e-05	2.85528644e-05	0	28.6	0	0	3
459	58559	0	2.70111031	-0.000466166187	-0.000491929764	-0.000690838271	-0.000264480853	9.96196614e-05	2.85528644e-05	0	28.6	0	0	3
460	58562	0	2.70699508	-0.000471439372	-0.000490687476	-0.000690838271	-0.000264480853	9.96196614e-05	2.85528644e-05	0	28.6	0	0	3
461	58564	0	2.71287985	-0.000478677064	-0.000489340147	-0.000690838271	-0.000264480853	9.96196614e-05	2.85528644e-05	0	28.6	0	0	3
462	58566	0	2.71876462	-0.000489360568	-0.000487982283	-0.000690838271	-0.000264480853	9.96196614e-05	2.85528644e-05	0	28.6	0	0	3
463	58569	0	2.7246494	-0.000497700217	-0.000486664333	-0.000690838271	-0.000264480853	9.96196614e-05	2.85528644e-05	0	28.6	0	0	3
464	58571	0	2.73053417	-0.000507247275	-0.000485474453	-0.000690838271	-0.000264480853	9.96196614e-05	2.85528644e-05	0	28.6	0	0	3
465	58574	0	2.73641894	-0.000513481526	-0.000484448491	-0.000690838271	-0.000264480853	9.96196614e-05	2.85528644e-05	0	28.6	0	0	3
466	58576	0	2.74230371	-0.000518212792	-0.000483644245	-0.000690838271	-0.000264480853	9.96196614e-05	2.85528644e-05	0	28.6	0	0	3
467	58579	0	2.74818848	-0.000523313908	-0.000483129076	-0.000690838271	-0.000264480853	9.96196614e-05	2.85528644e-05	0	28.6	0	0	3
468	58581	0	2.75407326	-0.000527983295	-0.000482934575	-0.000690838271	-0.000264480853	9.96196614e-05	2.85528644e-05	0	28.6	0	0	3
469	58584	0	2.75995803	-0.000531398191	-0.000483065615	-0.000690838271	-0.000264480853	9.96196614e-05	2.85528644e-05	0	28.6	0	0	3
470	58587	0	2.7658428	-0.000536949956	-0.000483587605	-0.000690838271	-0.000264480853	9.96196614e-05	2.85528644e-05	0	28.6	0	0	3
471	58589	0	2.77172757	-0.000542121014	-0.000484537739	-0.000690838271	-0.000264480853	9.96196614e-05	2.85528644e-05	0	28.6	0	0	3
472	58592	0	2.77761234	-0.000547908104	-0.000485934101	-0.000690838271	-0.000264480853	9.96196614e-05	2.85528644e-05	0	28.6	0	0	3
473	58594	0	2.78349711	-0.000553990476	-0.000487788728	-0.000690838271	-0.000264480853	9.96196614e-05	2.85528644e-05	0	28.6	0	0	3
474	58596	0	2.78938189	-0.000560623727	-0.000490110693	-0.000690838271	-0.000264480853	9.96196614e-05	2.85528644e-05	0	28.6	0	0	3
475	58599	0	2.79526666	-0.000568901455	-0.000492895791	-0.000690838271	-0.000264480853	9.96196614e-05	2.85528644e-05	0	28.6	0	0	3
476	58601	0	2.80115143	-0.000580314602	-0.000496137388	-0.000690838271	-0.000264480853	0.000101307247	2.85528644e-05	0	28.1	0	0	3
477	58603	0	2.8070362	-0.000593501333	-0.000499798932	-0.000690838271	-0.000264480853	0.00010496879	2.85528644e-05	0	27.2	0	0	3
478	58606	0	2.81292097	-0.000609422092	-0.000503790142	-0.000690838271	-0.000264480853	0.00010896	2.85528644e-05	0	26.2	0	0	3
479	58608	0	2.81880575	-0.000626121705	-0.000508043548	-0.000690838271	-0.000264480853	0.000113213407	2.85528644e-05	0	25.2	0	0	3
480	58611	0	2.82469052	-0.000645668455	-0.000512528108	-0.000690838271	-0.000271212705	0.000117697967	2.85528644e-05	0	24.2	0	0	3
481	58613	0	2.83057529	-0.000661811918	-0.000517123393	-0.000690838271	-0.000278625709	0.000122293252	2.85528644e-05	0	23.3	0	0	3
482	58616	0	2.83646006	-0.000677305206	-0.00052181374	-0.000690838271	-0.000288223331	0.000126983599	2.85528644e-05	0	22.4	0	0	3
483	58618	0	2.84234483	-0.000690885001	-0.000526550936	-0.000690885001	-0.000299776865	0.000131720795	2.85528644e-05	0	21.6	0	0	3
484	58620	0	2.84822961	-0.000703087038	-0.000531295762	-0.000703087038	-0.000311545886	0.00013646562	2.85528644e-05	0	20.9	0	0	3
485	58623	0	2.85411438	-0.000713974647	-0.000536030218	-0.000713974647	-0.000323075847	0.000141200076	2.85528644e-05	0	20.2	0	0	3
486	58625	0	2.85999915	-0.000727226424	-0.000540784931	-0.000727226424	-0.000333857051	0.000145954789	2.85528644e-05	0	19.5	0	0	3
487	58628	0	2.86588392	-0.000742816938	-0.000545596223	-0.000742816938	-0.00034198025	0.000150766082	2.85528644e-05	0	18.9	0	0	3
488	58631	0	2.87176869	-0.000758253158	-0.000550493552	-0.000758253158	-0.000347431802	0.00015566341	2.85528644e-05	0	18.3	0	0	3
489	58633	0	2.87765347	-0.000771229979	-0.000555479413	-0.000771229979	-0.000352564788	0.000160649271	2.85528644e-05	0	17.7	0	0	3
490	58636	0	2.88353824	-0.000781211142	-0.000560522311	-0.000781211142	-0.000357360521	0.000165692169	2.85528644e-05	0	17.2	0	0	3
491	58638	0	2.88942301	-0.000783289117	-0.000565533235	-0.000783289117	-0.000362024794	0.000170703094	2.85528644e-05	0	16.7	0	0	3
492	58641	0	2.89530778	-0.000780781446	-0.000570459784	-0.000783289117	-0.000368883544	0.000175629643	2.85528644e-05	0	16.2	0	0	3
493	58643	0	2.90119255	-0.000769082773	-0.000575168011	-0.000783289117	-0.000375904821	0.000180337869	2.85528644e-05	0	15.8	0	0	3
494	58646	0	2.90707732	-0.000748971724	-0.000579557033	-0.000783289117	-0.000383038963	0.000184726892	2.85528644e-05	0	15.4	0	0	3
495	58649	0	2.9129621	-0.000719875785	-0.000583519819	-0.000783289117	-0.000388578739	0.000188689678	2.85528644e-05	0	15.1	0	0	3
496	58651	0	2.91884687	-0.000683179716	-0.000586985713	-0.000783289117	-0.000392861884	0.000192155571	2.85528644e-05	0	14.8	0	0	3
497	58654	0	2.92473164	-0.00064438864	-0.000589944851	-0.000783289117	-0.000401900709	0.00019511471	2.85528644e-05	0	14.6	0	0	3
498	58656	0	2.93061641	-0.000605779784	-0.000592343429	-0.000783289117	-0.000415587121	0.000197513287	2.85528644e-05	0	14.4	0	0	3
499	58659	0	2.93650118	-0.000567985175	-0.000594136347	-0.000783289117	-0.000431775503	0.000199306205	2.85528644e-05	0	14.3	0	0	3
500	58661	0	2.94238596	-0.000534136019	-0.000595340588	-0.000783289117	-0.000449416987	0.000200510447	2.85528644e-05	0	14.2	0	0	3
501	58668	0	2.94827073	-0.000504309993	-0.000595986388	-0.000783289117	-0.000461130216	0.000201156247	2.85528644e-05	0	14.1	0	0	3
502	58671	0	2.9541555	-0.000481214036	-0.000596134412	-0.000783289117	-0.000461130216	0.00020130427	2.85528644e-05	0	14.1	0	0	3
503	58673	0	2.96004027	-0.000463840892	-0.000595865313	-0.000783289117	-0.000461130216	0.00020130427	2.85528644e-05	0	14.1	0	0	3
504	58676	0	2.96592504	-0.00045586815	-0.000595307422	-0.000783289117	-0.00045586815	0.000201212032	2.85528644e-05	0	14.1	0	0	3
505	58678	0	2.97180982	-0.000453578755	-0.000594508861	-0.000783289117	-0.000453578755	0.00020094442	2.85528644e-05	0	14.2	0	0	3
506	58680	0	2.97769459	-0.000458983112	-0.000593572034	-0.000783289117	-0.000453578755	0.000200430954	2.85528644e-05	0	14.2	0	0	3
507	58683	0	2.98357936	-0.000471591715	-0.000592581396	-0.000783289117	-0.000453578755	0.000199643187	2.85528644e-05	0	14.3	0	0	3
508	58685	0	2.98946413	-0.000487222871	-0.000591572338	-0.000783289117	-0.000453578755	0.000198517769	2.85528644e-05	0	14.3	0	0	3
509	58688	0	2.9953489	-0.000509633885	-0.000590597071	-0.000783289117	-0.000453578755	0.000197007807	2.85528644e-05	0	14.4	0	0	3
510	58690	0	3.00123368	-0.00053560276	-0.000589696658	-0.000783289117	-0.000453578755	0.000195081858	2.85528644e-05	0	14.6	0	0	3
511	58693	0	3.00711845	-0.000568661049	-0.000588967478	-0.000783289117	-0.000453578755	0.000192724172	2.85528644e-05	0	14.8	0	0	3
512	58695	0	3.01300322	-0.00060376308	-0.000588438267	-0.000783289117	-0.000453578755	0.000189938751	2.85528644e-05	0	15	0	0	3
513	58698	0	3.01888799	-0.00064242762	-0.000588185604	-0.000783289117	-0.000453578755	0.000186719368	2.85528644e-05	0	15.2	0	0	3
514	58700	0	3.02477276	-0.000680080174	-0.000588224626	-0.000783289117	-0.000453578755	0.000183118601	2.85528644e-05	0	15.5	0	0	3
515	58703	0	3.03065753	-0.00071328661	-0.00058852777	-0.000783289117	-0.000453578755	0.000179250424	2.85528644e-05	0	15.9	0	0	3
516	58705	0	3.03654231	-0.000741032216	-0.000589118287	-0.000783289117	-0.000453578755	0.000175201612	2.85528644e-05	0	16.2	0	0	3
517	58708	0	3.04242708	-0.000761857968	-0.000589960008	-0.000783289117	-0.000453578755	0.000171023431	2.85528644e-05	0	16.6	0	0	3
518	58711	0	3.04831185	-0.000775559609	-0.000590998839	-0.000783289117	-0.000453578755	0.000166769201	2.85528644e-05	0	17.1	0	0	3
519	58713	0	3.05419662	-0.000777842623	-0.000592171907	-0.000783289117	-0.000453578755	0.000162489577	2.85528644e-05	0	17.5	0	0	3
520	58716	0	3.06008139	-0.000768565035	-0.000593341481	-0.000783289117	-0.000453578755	0.000158191729	2.85528644e-05	0	18	0	0	3
521	58718	0	3.06596617	-0.000752360145	-0.000594440359	-0.000783289117	-0.000453578755	0.000153854988	2.85528644e-05	0	18.5	0	0	3
522	58721	0	3.07185094	-0.000729971373	-0.000595371245	-0.000783289117	-0.000453578755	0.000149494663	2.85528644e-05	0	19	0	0	3
523	58723	0	3.07773571	-0.000701558827	-0.000596061746	-0.000783289117	-0.000453578755	0.000145163367	2.85528644e-05	0	19.6	0	0	3
524	58726	0	3.08362048	-0.000671695911	-0.000596503029	-0.000783289117	-0.000453578755	0.000141239268	2.85528644e-05	0	20.2	0	0	3
525	58729	0	3.08950525	-0.000642853073	-0.000596722439	-0.000783289117	-0.000453578755	0.000137218848	2.85528644e-05	0	20.8	0	0	3
526	58731	0	3.09539003	-0.000616716381	-0.000596748904	-0.000783289117	-0.000453578755	0.000133107294	2.85528644e-05	0	21.4	0	0	3
527	58734	0	3.1012748	-0.00059310996	-0.000596632248	-0.000783289117	-0.000453578755	0.000129075379	2.85528644e-05	0	22.1	0	0	3
528	58736	0	3.10715957	-0.000573393303	-0.000596414968	-0.000783289117	-0.000453578755	0.000125141548	2.85528644e-05	0	22.8	0	0	3
529	58739	0	3.11304434	-0.000560001418	-0.000596171166	-0.000783289117	-0.000453578755	0.00012141289	2.85528644e-05	0	23.5	0	0	3
530	58742	0	3.11892911	-0.000550209155	-0.000595967334	-0.000783289117	-0.000453578755	0.000117943956	2.85528644e-05	0	24.2	0	0	3
531	58744	0	3.12481389	-0.000543720213	-0.000595856055	-0.000783289117	-0.000453578755	0.000114744044	2.85528644e-05	0	24.8	0	0	3
532	58747	0	3.13069866	-0.000541402983	-0.000595859194	-0.000783289117	-0.000453578755	0.000113814329	2.85528644e-05	0	25	0	0	3
533	58750	0	3.13658343	-0.000544070418	-0.00059603526	-0.000783289117	-0.000453578755	0.000113814329	2.85528644e-05	0	25	0	0	3
534	58752	0	3.1424682	-0.000550439817	-0.00059640234	-0.000783289117	-0.000453578755	0.000113814329	2.85528644e-05	0	25	0	0	3
535	58755	0	3.14835297	-0.000555603603	-0.00059693274	-0.000783289117	-0.000453578755	0.000113998165	2.85528644e-05	0	25	0	0	3
536	58757	0	3.15423775	-0.000560927488	-0.000597651622	-0.000783289117	-0.000453578755	0.000114717047	2.85528644e-05	0	24.8	0	0	3
537	58760	0	3.16012252	-0.000568089912	-0.000598547047	-0.000783289117	-0.000453578755	0.000115612473	2.85528644e-05	0	24.6	0	0	3
538	58762	0	3.16600729	-0.0005767675	-0.000599663537	-0.000783289117	-0.000453578755	0.000116728962	2.85528644e-05	0	24.4	0	0	3
539	58765	0	3.17189206	-0.000583385953	-0.00060095035	-0.000783289117	-0.000453578755	0.000118015775	2.85528644e-05	0	24.1	0	0	3
540	58768	0	3.17777683	-0.00058533114	-0.00060234293	-0.000783289117	-0.000453578755	0.000119408355	2.85528644e-05	0	23.9	0	0	3
541	58770	0	3.1836616	-0.000587127387	-0.000603796915	-0.000783289117	-0.000453578755	0.000120862341	2.85528644e-05	0	23.6	0	0	3
542	58772	0	3.18954638	-0.000589134198	-0.000605302845	-0.000783289117	-0.000453578755	0.00012236827	2.85528644e-05	0	23.3	0	0	3
543	58775	0	3.19543115	-0.000588393306	-0.000606787771	-0.000783289117	-0.000453578755	0.000123853197	2.85528644e-05	0	23	0	0	3
544	58777	0	3.20131592	-0.000587702245	-0.000608217607	-0.000783289117	-0.000453578755	0.000125283033	2.85528644e-05	0	22.7	0	0	3
545	58780	0	3.20720069	-0.00058397443	-0.000609541549	-0.000783289117	-0.000453578755	0.000126606975	2.85528644e-05	0	22.5	0	0	3
546	58782	0	3.21308546	-0.000585177917	-0.0006107945	-0.000783289117	-0.000453578755	0.000127859926	2.85528644e-05	0	22.3	0	0	3
547	58785	0	3.21897024	-0.000586282237	-0.000611934755	-0.000783289117	-0.000453578755	0.000129000181	2.85528644e-05	0	22.1	0	0	3
548	58788	0	3.22485501	-0.00058967919	-0.000613016861	-0.000783289117	-0.000453578755	0.000130082286	2.85528644e-05	0	21.9	0	0	3
549	58790	0	3.23073978	-0.000591415195	-0.000614007072	-0.000783289117	-0.000453578755	0.000131072497	2.85528644e-05	0	21.7	0	0	3
550	58792	0	3.23662455	-0.000596560772	-0.000614984475	-0.000783289117	-0.000453578755	0.0001320499	2.85528644e-05	0	21.6	0	0	3
551	58795	0	3.24250932	-0.000603387658	-0.000615986532	-0.000783289117	-0.000453578755	0.000133051957	2.85528644e-05	0	21.4	0	0	3
552	58797	0	3.2483941	-0.000614594815	-0.000617060425	-0.000783289117	-0.000453578755	0.00013412585	2.85528644e-05	0	21.2	0	0	3
553	58800	0	3.25427887	-0.000627594642	-0.000618232323	-0.000783289117	-0.000453578755	0.000135166708	2.85528644e-05	0	21.1	0	0	3
554	58802	0	3.26016364	-0.000639983432	-0.000619509796	-0.000783289117	-0.000453578755	0.000135922191	2.85528644e-05	0	21	0	0	3
555	58805	0	3.26604841	-0.000647694143	-0.000620812669	-0.000783289117	-0.000453578755	0.00013627493	2.85528644e-05	0	20.9	0	0	3
556	58807	0	3.27193318	-0.000651785901	-0.000622102844	-0.000783289117	-0.000453578755	0.000136168743	2.85528644e-05	0	20.9	0	0	3
557	58810	0	3.27781796	-0.000651862464	-0.000623325837	-0.000783289117	-0.000453578755	0.000135537109	2.85528644e-05	0	21	0	0	3
558	58812	0	3.28370273	-0.000647174518	-0.00062442212	-0.000783289117	-0.000453578755	0.000134311426	2.85528644e-05	0	21.2	0	0	3
559	58815	0	3.2895875	-0.000635070731	-0.000625297967	-0.000783289117	-0.000453578755	0.000132402176	2.85528644e-05	0	21.5	0	0	3
560	58817	0	3.29547227	-0.000619974146	-0.000625898822	-0.000783289117	-0.000453578755	0.000129761434	2.85528644e-05	0	22	0	0	3
561	58820	0	3.30135704	-0.00060263355	-0.000626161398	-0.000783289117	-0.000453578755	0.000126362466	2.85528644e-05	0	22.5	0	0	3
562	58822	0	3.30724181	-0.000584877113	-0.000626059936	-0.000783289117	-0.000453578755	0.000122371256	2.85528644e-05	0	23.3	0	0	3
563	58825	0	3.31312659	-0.000566385995	-0.000625553629	-0.000783289117	-0.000453578755	0.00011811785	2.85528644e-05	0	24.1	0	0	3
564	58828	0	3.31901136	-0.000549822287	-0.000624655989	-0.000783289117	-0.000453578755	0.00011363329	2.85528644e-05	0	25.1	0	0	3
565	58830	0	3.32489613	-0.000538701086	-0.00062339755	-0.000783289117	-0.000453578755	0.000109038005	2.85528644e-05	0	26.1	0	0	3
566	58833	0	3.3307809	-0.000532186546	-0.000621872545	-0.000783289117	-0.000453578755	0.000104347658	2.85528644e-05	0	27.3	0	0	3
567	58835	0	3.33666567	-0.000532449899	-0.000620168365	-0.000783289117	-0.000453578755	9.96104616e-05	2.85528644e-05	0	28.6	0	0	3
568	58838	0	3.34255045	-0.000539497024	-0.00061838733	-0.000783289117	-0.000453578755	9.4865636e-05	2.85528644e-05	0	30	0	0	3
569	58840	0	3.34843522	-0.000549405685	-0.000616579314	-0.000783289117	-0.000453578755	9.013118e-05	2.85528644e-05	0	31.6	0	0	3
570	58843	0	3.35431999	-0.000561781598	-0.000614788808	-0.000783289117	-0.000453578755	8.53764673e-05	2.85528644e-05	0	33.4	0	0	3
571	58846	0	3.36020476	-0.000575737332	-0.000613006583	-0.000783289117	-0.000453578755	8.05651745e-05	2.85528644e-05	0	35.4	0	0	3
572	58848	0	3.36608953	-0.000588737086	-0.000611193879	-0.000783289117	-0.000453578755	7.56678462e-05	2.85528644e-05	0	37.7	0	0	3
573	58851	0	3.37197431	-0.000600189252	-0.000609334304	-0.000783289117	-0.000453578755	7.06819853e-05	2.85528644e-05	0	40.3	0	0	3
574	58853	0	3.37785908	-0.000609501346	-0.000607431614	-0.000783289117	-0.000453578755	6.5639087e-05	2.85528644e-05	0	43.4	0	0	3
575	58856	0	3.38374385	-0.000614635301	-0.000605471898	-0.000783289117	-0.000453578755	6.06281624e-05	2.85528644e-05	0	47	0	0	3
576	58858	0	3.38962862	-0.000612532187	-0.000603462993	-0.000780781446	-0.000453578755	5.57016135e-05	2.85528644e-05	0	51.2	0	0	3
577	58861	0	3.39551339	-0.000604204985	-0.000601385623	-0.000777842623	-0.000453578755	5.09933873e-05	2.85528644e-05	0	55.9	0	0	3
578	58864	0	3.40139817	-0.000591192412	-0.000599292795	-0.000777842623	-0.000453578755	4.66043649e-05	2.85528644e-05	0	61.2	0	0	3
579	58866	0	3.40728294	-0.000571599862	-0.000597206067	-0.000777842623	-0.000453578755	4.26415788e-05	2.85528644e-05	0	66.9	0	0	3
580	58869	0	3.41316771	-0.00054868749	-0.000595192087	-0.000777842623	-0.000453578755	3.91756849e-05	2.85528644e-05	0	72.8	0	0	3
581	58871	0	3.41905248	-0.000522437476	-0.000593301002	-0.000777842623	-0.000453578755	3.79757939e-05	2.85528644e-05	0	75.1	0	0	3
582	58874	0	3.42493725	-0.000492881109	-0.000591518561	-0.000777842623	-0.000453578755	3.79757939e-05	2.85528644e-05	0	75.1	0	0	3
583	58877	0	3.43082202	-0.000461944307	-0.000589826379	-0.000777842623	-0.000453578755	3.79757939e-05	2.85528644e-05	0	75.1	0	0	3
584	58879	0	3.4367068	-0.000430805467	-0.0005882125	-0.000777842623	-0.000430805467	3.79757939e-05	2.85528644e-05	0	75.1	0	0	3
585	58881	0	3.44259157	-0.000397018702	-0.000586599355	-0.000777842623	-0.000397018702	3.95620431e-05	2.85528644e-05	0	72.1	0	0	3
586	58884	0	3.44847634	-0.000364327444	-0.000584952501	-0.000777842623	-0.000364327444	4.12088966e-05	2.85528644e-05	0	69.2	0	0	3
587	58886	0	3.45436111	-0.000334097216	-0.000583221715	-0.000777842623	-0.000334097216	4.29396828e-05	2.85528644e-05	0	66.4	0	0	3
588	58889	0	3.46024588	-0.000310582986	-0.000581418681	-0.000777842623	-0.000310582986	4.4742717e-05	2.85528644e-05	0	63.8	0	0	3
589	58891	0	3.46613066	-0.000289459116	-0.000579460928	-0.000777842623	-0.000289459116	4.67004703e-05	2.85528644e-05	0	61.1	0	0	3
590	58893	0	3.47201543	-0.00027357965	-0.000577343291	-0.000777842623	-0.00027357965	4.88181068e-05	2.85528644e-05	0	58.4	0	0	3
591	58896	0	3.4779002	-0.000265784778	-0.000575070369	-0.000777842623	-0.000265784778	5.10910284e-05	2.85528644e-05	0	55.8	0	0	3
592	58898	0	3.48378497	-0.000263824808	-0.000572626053	-0.000777842623	-0.000263824808	5.3535345e-05	2.85528644e-05	0	53.3	0	0	3
593	58901	0	3.48966974	-0.000270285507	-0.000570073849	-0.000777842623	-0.000263824808	5.60875492e-05	2.85528644e-05	0	50.9	0	0	3
594	58904	0	3.49555452	-0.000282381665	-0.000567400293	-0.000777842623	-0.000263824808	5.87611048e-05	2.85528644e-05	0	48.5	0	0	3
595	58906	0	3.50143929	-0.000296366674	-0.000564585751	-0.000777842623	-0.000263824808	6.1575647e-05	2.85528644e-05	0	46.3	0	0	3
596	58909	0	3.50732406	-0.000313271747	-0.000561581171	-0.000777842623	-0.000263824808	6.4580227e-05	2.85528644e-05	0	44.2	0	0	3
597	58911	0	3.51320883	-0.000335000654	-0.00055841926	-0.000777842623	-0.000263824808	6.77421379e-05	2.85528644e-05	0	42.1	0	0	3
598	58914	0	3.5190936	-0.00036103952	-0.000555108812	-0.000777842623	-0.000263824808	7.10525861e-05	2.85528644e-05	0	40.1	0	0	3
599	58916	0	3.52497838	-0.00038911849	-0.000551685733	-0.000777842623	-0.000263824808	7.44756647e-05	2.85528644e-05	0	38.3	0	0	3
600	58919	0	3.53086315	-0.000420654797	-0.000548243006	-0.000777842623	-0.000263824808	7.7918392e-05	2.85528644e-05	0	36.6	0	0	3
601	58926	0	3.53674792	-0.000449969277	-0.000544818736	-0.000777842623	-0.000263824808	8.13426618e-05	2.85528644e-05	0	35.1	0	0	3
602	58928	0	3.54263269	-0.000479864815	-0.00054150117	-0.000777842623	-0.000263824808	8.46602283e-05	2.85528644e-05	0	33.7	0	0	3
603	58931	0	3.54851746	-0.000507185759	-0.00053834383	-0.000777842623	-0.000263824808	8.78175677e-05	2.85528644e-05	0	32.5	0	0	3
604	58933	0	3.55440224	-0.00053470448	-0.000535483381	-0.000768565035	-0.000263824808	9.06780165e-05	2.85528644e-05	0	31.4	0	0	3
605	58936	0	3.56028701	-0.000560852717	-0.000533039707	-0.000752360145	-0.000263824808	9.31216908e-05	2.85528644e-05	0	30.6	0	0	3
606	58938	0	3.56617178	-0.000583068318	-0.000531048039	-0.000729971373	-0.000263824808	9.51133593e-05	2.85528644e-05	0	30	0	0	3
607	58941	0	3.57205655	-0.000602683232	-0.000529550531	-0.000701558827	-0.000263824808	9.66108669e-05	2.85528644e-05	0	29.5	0	0	3
608	58943	0	3.57794132	-0.000619486583	-0.000528584975	-0.000671695911	-0.000263824808	9.75764227e-05	2.85528644e-05	0	29.2	0	0	3
609	58946	0	3.58382609	-0.000634215772	-0.000528144032	-0.000651862464	-0.000263824808	9.80173655e-05	2.85528644e-05	0	29.1	0	0	3
610	58949	0	3.58971087	-0.000647984115	-0.000528204398	-0.000651862464	-0.000263824808	9.80173655e-05	2.85528644e-05	0	29.1	0	0	3
611	58951	0	3.59559564	-0.000657928506	-0.000528689246	-0.000657928506	-0.000263824808	9.80173655e-05	2.85528644e-05	0	29.1	0	0	3
612	58954	0	3.60148041	-0.000667846418	-0.000529568499	-0.000667846418	-0.000263824808	9.80173655e-05	2.85528644e-05	0	29.1	0	0	3
613	58956	0	3.60736518	-0.000677094187	-0.000530788509	-0.000677094187	-0.000263824808	9.80173655e-05	2.85528644e-05	0	29.1	0	0	3
614	58959	0	3.61324995	-0.000685647642	-0.0005322667	-0.000685647642	-0.000263824808	9.80173655e-05	2.85528644e-05	0	29.1	0	0	3
615	58961	0	3.61913473	-0.000691643983	-0.000533930639	-0.000691643983	-0.000263824808	9.80173655e-05	2.85528644e-05	0	29.1	0	0	3
616	58964	0	3.6250195	-0.000696869226	-0.000535732392	-0.000696869226	-0.000263824808	9.80173655e-05	2.85528644e-05	0	29.1	0	0	3
617	58966	0	3.63090427	-0.000700724249	-0.00053760676	-0.000700724249	-0.000263824808	9.80173655e-05	2.85528644e-05	0	29.1	0	0	3
618	58969	0	3.63678904	-0.000705585817	-0.000539506941	-0.000705585817	-0.000263824808	9.80173655e-05	2.85528644e-05	0	29.1	0	0	3
619	58971	0	3.64267381	-0.000709101826	-0.000541373553	-0.000709101826	-0.000263824808	9.80173655e-05	2.85528644e-05	0	29.1	0	0	3
620	58974	0	3.64855859	-0.000713058331	-0.000543225961	-0.000713058331	-0.000263824808	9.80173655e-05	2.85528644e-05	0	29.1	0	0	3
621	58976	0	3.65444336	-0.000717834256	-0.000545071923	-0.000717834256	-0.000263824808	9.80173655e-05	2.85528644e-05	0	29.1	0	0	3
622	58979	0	3.66032813	-0.00072215375	-0.000546884439	-0.00072215375	-0.000263824808	9.80173655e-05	2.85528644e-05	0	29.1	0	0	3
623	58981	0	3.6662129	-0.000725956269	-0.000548639601	-0.000725956269	-0.000263824808	9.80173655e-05	2.85528644e-05	0	29.1	0	0	3
624	58984	0	3.67209767	-0.000732247601	-0.000550390915	-0.000732247601	-0.000263824808	9.80173655e-05	2.85528644e-05	0	29.1	0	0	3
625	58986	0	3.67798245	-0.000741045807	-0.000552222852	-0.000741045807	-0.000263824808	9.80173655e-05	2.85528644e-05	0	29.1	0	0	3
626	58988	0	3.68386722	-0.000753543052	-0.000554180683	-0.000753543052	-0.000263824808	9.80173655e-05	2.85528644e-05	0	29.1	0	0	3
627	58991	0	3.68975199	-0.00076868109	-0.000556293	-0.00076868109	-0.000263824808	9.80173655e-05	2.85528644e-05	0	29.1	0	0	3
628	58993	0	3.69563676	-0.000787064312	-0.000558630306	-0.000787064312	-0.000263824808	9.80173655e-05	2.85528644e-05	0	29.1	0	0	3
629	58995	0	3.70152153	-0.000805791027	-0.000561196056	-0.000805791027	-0.000263824808	9.80173655e-05	2.85528644e-05	0	29.1	0	0	3
630	58998	0	3.7074063	-0.000821915139	-0.000563995358	-0.000821915139	-0.000263824808	9.80173655e-05	2.85528644e-05	0	29.1	0	0	3
631	59000	0	3.71329108	-0.000832039474	-0.000566899612	-0.000832039474	-0.000263824808	9.80173655e-05	2.85528644e-05	0	29.1	0	0	3
632	59003	0	3.71917585	-0.000837634432	-0.000569856697	-0.000837634432	-0.000263824808	9.80173655e-05	2.85528644e-05	0	29.1	0	0	3
633	59005	0	3.72506062	-0.000836044341	-0.00057275511	-0.000837634432	-0.000263824808	9.80173655e-05	2.85528644e-05	0	29.1	0	0	3
634	59008	0	3.73094539	-0.000828799403	-0.000575547866	-0.000837634432	-0.000263824808	9.80173655e-05	2.85528644e-05	0	29.1	0	0	3
635	59011	0	3.73683016	-0.000811533105	-0.000578076952	-0.000837634432	-0.000263824808	9.80173655e-05	2.85528644e-05	0	29.1	0	0	3
636	59013	0	3.74271494	-0.000786142798	-0.000580227012	-0.000837634432	-0.000263824808	9.80173655e-05	2.85528644e-05	0	29.1	0	0	3
637	59016	0	3.74859971	-0.000754247932	-0.00058186999	-0.000837634432	-0.000263824808	9.80173655e-05	2.85528644e-05	0	29.1	0	0	3
638	59018	0	3.75448448	-0.000715227844	-0.000582900969	-0.000837634432	-0.000263824808	9.80173655e-05	2.85528644e-05	0	29.1	0	0	3
639	59021	0	3.76036925	-0.000674304054	-0.000583304741	-0.000837634432	-0.000263824808	9.80173655e-05	2.85528644e-05	0	29.1	0	0	3
640	59023	0	3.76625402	-0.000631498928	-0.000583114209	-0.000837634432	-0.000263824808	9.80173655e-05	2.85528644e-05	0	29.1	0	0	3
641	59026	0	3.7721388	-0.000589453018	-0.000582380881	-0.000837634432	-0.000263824808	9.80173655e-05	2.85528644e-05	0	29.1	0	0	3
642	59028	0	3.77802357	-0.000552534203	-0.000581212313	-0.000837634432	-0.000263824808	9.80173655e-05	2.85528644e-05	0	29.1	0	0	3
643	59031	0	3.78390834	-0.000520699352	-0.00057972437	-0.000837634432	-0.000263824808	9.80173655e-05	2.85528644e-05	0	29.1	0	0	3
644	59034	0	3.78979311	-0.000495679001	-0.000578084468	-0.000837634432	-0.000263824808	9.80173655e-05	2.85528644e-05	0	29.1	0	0	3
645	59036	0	3.79567788	-0.000477920214	-0.000576413245	-0.000837634432	-0.000263824808	9.80173655e-05	2.85528644e-05	0	29.1	0	0	3
646	59039	0	3.80156266	-0.000467062335	-0.000574818289	-0.000837634432	-0.000263824808	9.79159041e-05	2.85528644e-05	0	29.1	0	0	3
647	59041	0	3.80744743	-0.000464214335	-0.000573398727	-0.000837634432	-0.000263824808	9.74095971e-05	2.85528644e-05	0	29.3	0	0	3
648	59044	0	3.8133322	-0.000466988801	-0.000572229348	-0.000837634432	-0.000263824808	9.65119569e-05	2.85528644e-05	0	29.5	0	0	3
649	59046	0	3.81921697	-0.000474738109	-0.000571346005	-0.000837634432	-0.000263824808	9.52535172e-05	2.85528644e-05	0	29.9	0	0	3
650	59049	0	3.82510174	-0.000487460415	-0.000570743174	-0.000837634432	-0.000263824808	9.37285128e-05	2.85528644e-05	0	30.4	0	0	3
651	59052	0	3.83098651	-0.000504988971	-0.000570423202	-0.000837634432	-0.000263824808	9.20243328e-05	2.85528644e-05	0	31	0	0	3
652	59054	0	3.83687129	-0.000524447974	-0.000570329062	-0.000837634432	-0.000263824808	9.02432977e-05	2.85528644e-05	0	31.6	0	0	3
653	59057	0	3.84275606	-0.000545308224	-0.000570397429	-0.000837634432	-0.000263824808	8.84352818e-05	2.85528644e-05	0	32.2	0	0	3
654	59059	0	3.84864083	-0.00056613171	-0.000570594206	-0.000837634432	-0.000263824808	8.66447754e-05	2.85528644e-05	0	32.9	0	0	3
655	59062	0	3.8545256	-0.00058789976	-0.000570901478	-0.000837634432	-0.000263824808	8.48625508e-05	2.85528644e-05	0	33.6	0	0	3
656	59064	0	3.86041037	-0.000607682916	-0.000571277309	-0.000837634432	-0.000263824808	8.30498466e-05	2.85528644e-05	0	34.3	0	0	3
657	59067	0	3.86629515	-0.000624619585	-0.000571699456	-0.000837634432	-0.000263824808	8.11902713e-05	2.85528644e-05	0	35.1	0	0	3
658	59069	0	3.87217992	-0.000641884654	-0.00057218999	-0.000837634432	-0.000263824808	7.92875815e-05	2.85528644e-05	0	36	0	0	3
659	59072	0	3.87806469	-0.00065756541	-0.00057275545	-0.000837634432	-0.000263824808	7.73278657e-05	2.85528644e-05	0	36.9	0	0	3
660	59075	0	3.88394946	-0.000674038495	-0.000573454311	-0.000837634432	-0.000263824808	7.53189606e-05	2.85528644e-05	0	37.9	0	0	3
661	59077	0	3.88983423	-0.000690393998	-0.000574370332	-0.000837634432	-0.000263824808	7.32415905e-05	2.85528644e-05	0	38.9	0	0	3
662	59080	0	3.89571901	-0.000705778388	-0.000575565313	-0.000837634432	-0.000263824808	7.11487627e-05	2.85528644e-05	0	40.1	0	0	3
663	59082	0	3.90160378	-0.000719975954	-0.000577080414	-0.000837634432	-0.000263824808	6.90620349e-05	2.85528644e-05	0	41.3	0	0	3
664	59085	0	3.90748855	-0.000732666474	-0.000578975315	-0.000837634432	-0.000263824808	6.7048055e-05	2.85528644e-05	0	42.5	0	0	3
665	59088	0	3.91337332	-0.00074175317	-0.000581246676	-0.000837634432	-0.000263824808	6.51569698e-05	2.85528644e-05	0	43.8	0	0	3
666	59090	0	3.91925809	-0.000747862804	-0.000583898739	-0.000837634432	-0.000263824808	6.33745283e-05	2.85528644e-05	0	45	0	0	3
667	59093	0	3.92514287	-0.000750648535	-0.000586931297	-0.000837634432	-0.000263824808	6.16823462e-05	2.85528644e-05	0	46.2	0	0	3
668	59095	0	3.93102764	-0.000751067179	-0.000590332742	-0.000837634432	-0.000263824808	6.21887097e-05	2.85528644e-05	0	45.9	0	0	3
669	59098	0	3.93691241	-0.000746492657	-0.000594046709	-0.000837634432	-0.000263824808	6.59026767e-05	2.85528644e-05	0	43.3	0	0	3
670	59100	0	3.94279718	-0.000737528283	-0.000598052704	-0.000837634432	-0.000263824808	6.99086717e-05	2.85528644e-05	0	40.8	0	0	3
671	59103	0	3.94868195	-0.000725696791	-0.000602304108	-0.000837634432	-0.000263824808	7.41600758e-05	2.85528644e-05	0	38.5	0	0	3
672	59105	0	3.95456673	-0.000708902442	-0.000606713581	-0.000837634432	-0.000263824808	7.85695491e-05	2.85528644e-05	0	36.3	0	0	3
673	59108	0	3.9604515	-0.000688440546	-0.000611158964	-0.000837634432	-0.000263824808	8.30149321e-05	2.85528644e-05	0	34.3	0	0	3
674	59111	0	3.96633627	-0.000662621372	-0.000615549109	-0.000837634432	-0.000263824808	8.74050763e-05	2.85528644e-05	0	32.6	0	0	3
675	59113	0	3.97222104	-0.000635129103	-0.000619802632	-0.000837634432	-0.000263824808	9.16585993e-05	2.85528644e-05	0	31.1	0	0	3
676	59116	0	3.97810581	-0.000606077264	-0.000623806073	-0.000837634432	-0.000263824808	9.56620403e-05	2.85528644e-05	0	29.8	0	0	3
677	59118	0	3.98399058	-0.000573271235	-0.000627446619	-0.000837634432	-0.000270285507	9.93025865e-05	2.85528644e-05	0	28.7	0	0	3
678	59121	0	3.98987536	-0.000544501986	-0.000630672695	-0.000837634432	-0.000282381665	0.000102528663	2.85528644e-05	0	27.8	0	0	3
679	59124	0	3.99576013	-0.000516976121	-0.00063343263	-0.000837634432	-0.000296366674	0.000105288597	2.85528644e-05	0	27.1	0	0	3
680	59127	0	4.0016449	-0.000493196831	-0.000635748279	-0.000837634432	-0.000313271747	0.000107604246	2.85528644e-05	0	26.5	0	0	3
