Iteration	CPUTime	PhysTime	Travels	Value	AvValue	MinValue	MaxValue	Delta	Criteria	Progress	CriteriaType	CriteriaVarType	CriteriaPercentage
1	14	0	0.00588477191	0.000287435667	0.000287435667	0.000287435667	0.000287435667	0	0	0	0	0	0	3
2	18	0	0.0117695438	0.000322990078	0.000305212872	0.000287435667	0.000322990078	1.77772056e-05	0	0	0	0	0	3
3	20	0	0.0176543157	0.000323181199	0.000311202315	0.000287435667	0.000323181199	2.3766648e-05	0	0	0	0	0	3
4	23	0	0.0235390876	0.000339703304	0.000318327562	0.000287435667	0.000339703304	3.08918953e-05	0	0	0	0	0	3
5	26	0	0.0294238596	0.000346345984	0.000323931246	0.000287435667	0.000346345984	3.64955797e-05	0	0	0	0	0	3
6	28	0	0.0353086315	0.000372482234	0.000332023078	0.000287435667	0.000372482234	4.45874109e-05	0	0	0	0	0	3
7	30	0	0.0411934034	0.000395826965	0.000341137919	0.000287435667	0.000395826965	5.37022521e-05	0	0	0	0	0	3
8	33	0	0.0470781753	0.000425411157	0.000351672073	0.000287435667	0.000425411157	6.42364068e-05	0	0	0	0	0	3
9	35	0	0.0529629472	0.000456707214	0.000363342645	0.000287435667	0.000456707214	7.5906978e-05	0	0	0	0	0	3
10	37	0	0.0588477191	0.000486969305	0.000375705311	0.000287435667	0.000486969305	8.8269644e-05	0	0	0	0	0	3
11	39	0	0.064732491	0.000540801379	0.000390714044	0.000287435667	0.000540801379	0.000103278378	0	0	0	0	0	3
12	41	0	0.0706172629	0.000594947225	0.000407733476	0.000287435667	0.000594947225	0.000120297809	0	0	0	0	0	3
13	44	0	0.0765020349	0.000654304121	0.000426700449	0.000287435667	0.000654304121	0.000139264782	0	0	0	0	0	3
14	46	0	0.0823868068	0.000713869581	0.000447212529	0.000287435667	0.000713869581	0.000159776863	0	0	0	0	0	3
15	48	0	0.0882715787	0.000777665535	0.00046924273	0.000287435667	0.000777665535	0.000181807063	0	0	0	0	0	3
16	50	0	0.0941563506	0.00087378712	0.000494526754	0.000287435667	0.00087378712	0.000207091088	0	0	0	0	0	3
17	52	0	0.100041123	0.00097557314	0.0005228236	0.000287435667	0.00097557314	0.000235387934	0	0	0	0	0	3
18	55	0	0.105925894	0.00107342283	0.000553412447	0.000287435667	0.00107342283	0.00026597678	0	0	0	0	0	3
19	57	0	0.111810666	0.00118005944	0.000586393867	0.000287435667	0.00118005944	0.000298958201	0	0	0	0	0	3
20	59	0	0.117695438	0.00127762708	0.000620955528	0.000287435667	0.00127762708	0.000333519862	0	0	0	0	0	3
21	62	0	0.12358021	0.00144367017	0.000660132416	0.000287435667	0.00144367017	0.000372696749	0	0	0	0	0	3
22	64	0	0.129464982	0.0015928917	0.000702530565	0.000287435667	0.0015928917	0.000415094898	0	0	0	0	0	3
23	66	0	0.135349754	0.00176395851	0.000748679606	0.000287435667	0.00176395851	0.00046124394	0	0	0	0	0	3
24	69	0	0.141234526	0.00191973247	0.000797473475	0.000287435667	0.00191973247	0.000510037809	0	0	0	0	0	3
25	71	0	0.147119298	0.00209190519	0.000849250744	0.000287435667	0.00209190519	0.000561815077	0	0	0	0	0	3
26	73	0	0.15300407	0.0023521764	0.000907055577	0.000287435667	0.0023521764	0.00061961991	0	0	0	0	0	3
27	76	0	0.158888842	0.00262757624	0.000970778564	0.000287435667	0.00262757624	0.000683342898	0	0	0	0	0	3
28	78	0	0.164773614	0.00290527162	0.0010398676	0.000287435667	0.00290527162	0.000752431935	0	0	0	0	0	3
29	80	0	0.170658385	0.00319874852	0.00111431177	0.000287435667	0.00319874852	0.000826876105	0	0	0	0	0	3
30	82	0	0.176543157	0.00350883791	0.00119412931	0.000287435667	0.00350883791	0.000906693643	0	0	0	0	0	3
31	85	0	0.182427929	0.00398216403	0.00128406591	0.000287435667	0.00398216403	0.000996630247	0	0	0	0	0	3
32	87	0	0.188312701	0.0044465622	0.00138289392	0.000287435667	0.0044465622	0.00109545826	0	0	0	0	0	3
33	89	0	0.194197473	0.00490121747	0.00148950979	0.000287435667	0.00490121747	0.00120207412	0	0	0	0	0	3
34	92	0	0.200082245	0.00533186881	0.00160252035	0.000287435667	0.00533186881	0.00131508468	0	0	0	0	0	3
35	94	0	0.205967017	0.00571126975	0.00171991319	0.000287435667	0.00571126975	0.00143247752	0	0	0	0	0	3
36	96	0	0.211851789	0.00618712051	0.00184400228	0.000287435667	0.00618712051	0.00155656661	0	0	0	0	0	3
37	99	0	0.217736561	0.00656750898	0.00197166462	0.000287435667	0.00656750898	0.00168422896	0	0	0	0	0	3
38	101	0	0.223621333	0.00687571198	0.0021007185	0.000287435667	0.00687571198	0.00181328283	0	0	0	0	0	3
39	104	0	0.229506105	0.00714338238	0.00223001757	0.000287435667	0.00714338238	0.00194258191	0	0	0	0	0	3
40	106	0	0.235390876	0.00735988795	0.00235826433	0.000287435667	0.00735988795	0.00207082867	0	0	0	0	0	3
41	109	0	0.241275648	0.00762548288	0.00248673308	0.000287435667	0.00762548288	0.00219929741	0	0	0	0	0	3
42	111	0	0.24716042	0.00781678401	0.00261363905	0.000287435667	0.00781678401	0.00232620339	0	0	0	0	0	3
43	114	0	0.253045192	0.00794295254	0.00273757658	0.000287435667	0.00794295254	0.00245014091	0	0	0	0	0	3
44	116	0	0.258929964	0.00803178017	0.00285789938	0.000287435667	0.00803178017	0.00257046372	0	0	0	0	0	3
45	119	0	0.264814736	0.00809505713	0.00297428067	0.000287435667	0.00809505713	0.002686845	0	0	0	0	0	3
46	121	0	0.270699508	0.00814757307	0.00308674355	0.000287435667	0.00814757307	0.00279930788	0	0	0	0	0	3
47	124	0	0.27658428	0.00819032015	0.00319533028	0.000287435667	0.00819032015	0.00290789462	0	0	0	0	0	3
48	127	0	0.282469052	0.00822569787	0.00330012961	0.000287435667	0.00822569787	0.00301269394	0	0	0	0	0	3
49	129	0	0.288353824	0.00824835318	0.00340111376	0.000287435667	0.00824835318	0.0031136781	0	0	0	0	0	3
50	132	0	0.294238596	0.00826646405	0.00349842077	0.000287435667	0.00826646405	0.0032109851	0	0	0	0	0	3
51	134	0	0.300123368	0.008274224	0.00359206397	0.000287435667	0.008274224	0.0033046283	0	0	0	0	0	3
52	136	0	0.306008139	0.00827706806	0.0036821602	0.000287435667	0.00827706806	0.00339472453	0	0	0	0	0	3
53	139	0	0.311892911	0.00829222365	0.00376914253	0.000287435667	0.00829222365	0.00348170686	0	0	0	0	0	3
54	141	0	0.317777683	0.00831267376	0.003853282	0.000287435667	0.00831267376	0.00356584633	0	0	0	0	0	3
55	144	0	0.323662455	0.00831936139	0.00393448344	0.000287435667	0.00831936139	0.00364704777	0	0	0	0	0	3
56	146	0	0.329547227	0.00832508024	0.00401288695	0.000287435667	0.00832508024	0.00372545129	0	0	0	0	0	3
57	148	0	0.335431999	0.00833298592	0.00408867816	0.000287435667	0.00833298592	0.0038012425	0	0	0	0	0	3
58	151	0	0.341316771	0.00834327659	0.00416203331	0.000287435667	0.00834327659	0.00387459764	0	0	0	0	0	3
59	153	0	0.347201543	0.00835144326	0.00423304026	0.000287435667	0.00835144326	0.00394560459	0	0	0	0	0	3
60	156	0	0.353086315	0.00835354654	0.00430171536	0.000287435667	0.00835354654	0.0040142797	0	0	0	0	0	3
61	159	0	0.358971087	0.00835975409	0.00436824059	0.000287435667	0.00835975409	0.00408080492	0	0	0	0	0	3
62	161	0	0.364855859	0.00836832034	0.004432758	0.000287435667	0.00836832034	0.00414532234	0	0	0	0	0	3
63	164	0	0.37074063	0.00837657155	0.00449535822	0.000287435667	0.00837657155	0.00420792255	0	0	0	0	0	3
64	166	0	0.376625402	0.00838368417	0.00455611331	0.000287435667	0.00838368417	0.00426867765	0	0	0	0	0	3
65	169	0	0.382510174	0.00838473564	0.00461501519	0.000287435667	0.00838473564	0.00432757953	0	0	0	0	0	3
66	172	0	0.388394946	0.00839068358	0.00467222229	0.000287435667	0.00839068358	0.00438478662	0	0	0	0	0	3
67	174	0	0.394279718	0.00839766925	0.00472782598	0.000287435667	0.00839766925	0.00444039031	0	0	0	0	0	3
68	177	0	0.40016449	0.00840151736	0.00478185085	0.000287435667	0.00840151736	0.00449441518	0	0	0	0	0	3
69	179	0	0.406049262	0.0084087282	0.00483441429	0.000287435667	0.0084087282	0.00454697862	0	0	0	0	0	3
70	181	0	0.411934034	0.00841891603	0.00488562146	0.000287435667	0.00841891603	0.00459818579	0	0	0	0	0	3
71	184	0	0.417818806	0.00842696492	0.00493549953	0.000287435667	0.00842696492	0.00464806387	0	0	0	0	0	3
72	187	0	0.423703578	0.00844350377	0.00498422181	0.000287435667	0.00844350377	0.00469678615	0	0	0	0	0	3
73	189	0	0.42958835	0.00846751759	0.0050319382	0.000287435667	0.00846751759	0.00474450253	0	0	0	0	0	3
74	192	0	0.435473122	0.00848193958	0.00507855984	0.000287435667	0.00848193958	0.00479112417	0	0	0	0	0	3
75	194	0	0.441357893	0.00848729062	0.00512400958	0.000287435667	0.00848729062	0.00483657391	0	0	0	0	0	3
76	197	0	0.447242665	0.00849707962	0.00516839208	0.000287435667	0.00849707962	0.00488095641	0	0	0	0	0	3
77	199	0	0.453127437	0.00850719675	0.00521175318	0.000287435667	0.00850719675	0.00492431751	0	0	0	0	0	3
78	202	0	0.459012209	0.00852247407	0.00525419832	0.000287435667	0.00852247407	0.00496676265	0	0	0	0	0	3
79	204	0	0.464896981	0.00852403402	0.00529558864	0.000287435667	0.00852403402	0.00500815298	0	0	0	0	0	3
80	207	0	0.470781753	0.0085219258	0.00533591786	0.000287435667	0.00852403402	0.00504848219	0	0	0	0	0	3
81	209	0	0.476666525	0.00852212406	0.00537525374	0.000287435667	0.00852403402	0.00508781807	0	0	0	0	0	3
82	211	0	0.482551297	0.00853020082	0.0054137287	0.000287435667	0.00853020082	0.00512629304	0	0	0	0	0	3
83	214	0	0.488436069	0.00853949244	0.00545138851	0.000287435667	0.00853949244	0.00516395284	0	0	0	0	0	3
84	216	0	0.494320841	0.00855050737	0.00548828278	0.000287435667	0.00855050737	0.00520084711	0	0	0	0	0	3
85	219	0	0.500205613	0.00855851528	0.00552440316	0.000287435667	0.00855851528	0.00523696749	0	0	0	0	0	3
86	221	0	0.506090384	0.0085669927	0.00562180971	0.000322990078	0.0085669927	0.00531659684	0	0	0	0	0	3
87	224	0	0.511975156	0.0085772507	0.00571891866	0.000323181199	0.0085772507	0.00540771635	0	0	0	0	0	3
88	226	0	0.517859928	0.00857890003	0.00581604477	0.000339703304	0.00857890003	0.0054977172	0	0	0	0	0	3
89	229	0	0.5237447	0.00858005539	0.00591299009	0.000346345984	0.00858005539	0.00558905884	0	0	0	0	0	3
90	231	0	0.529629472	0.00858392939	0.00600990283	0.000372482234	0.00858392939	0.00567787975	0	0	0	0	0	3
91	234	0	0.535514244	0.00859242961	0.00610660809	0.000395826965	0.00859242961	0.00576547018	0	0	0	0	0	3
92	236	0	0.541399016	0.00859257794	0.00620304046	0.000425411157	0.00859257794	0.00585136839	0	0	0	0	0	3
93	239	0	0.547283788	0.00859346392	0.0062991352	0.000456707214	0.00859346392	0.00593579255	0	0	0	0	0	3
94	241	0	0.55316856	0.00859744729	0.00639490861	0.000486969305	0.00859744729	0.0060192033	0	0	0	0	0	3
95	244	0	0.559053332	0.00860316342	0.00649039325	0.000540801379	0.00860316342	0.0060996792	0	0	0	0	0	3
96	246	0	0.564938104	0.00860958471	0.00658532011	0.000594947225	0.00860958471	0.00617758663	0	0	0	0	0	3
97	249	0	0.570822876	0.00860881084	0.00667960086	0.000654304121	0.00860958471	0.00625290041	0	0	0	0	0	3
98	251	0	0.576707647	0.00861003013	0.00677319763	0.000713869581	0.00861003013	0.00632598511	0	0	0	0	0	3
99	254	0	0.582592419	0.00860272883	0.00686600774	0.000777665535	0.00861003013	0.00639676501	0	0	0	0	0	3
100	257	0	0.588477191	0.00859848724	0.00695801741	0.00087378712	0.00861003013	0.00646349066	0	0	0	0	0	3
101	264	0	0.594361963	0.00859531777	0.00704885895	0.00097557314	0.00861003013	0.00652603535	0	0	0	0	0	3
102	266	0	0.600246735	0.00858860054	0.00713842398	0.00107342283	0.00861003013	0.00658501153	0	0	0	0	0	3
103	268	0	0.606131507	0.008582858	0.00722677027	0.00118005944	0.00861003013	0.0066403764	0	0	0	0	0	3
104	271	0	0.612016279	0.00858027482	0.00731383163	0.00127762708	0.00861003013	0.0066928761	0	0	0	0	0	3
105	273	0	0.617901051	0.00858158677	0.00739976057	0.00144367017	0.00861003013	0.00673962815	0	0	0	0	0	3
106	275	0	0.623785823	0.00858762919	0.00748380714	0.0015928917	0.00861003013	0.00678127658	0	0	0	0	0	3
107	278	0	0.629670595	0.00859175723	0.00756614674	0.00176395851	0.00861003013	0.00681746713	0	0	0	0	0	3
108	280	0	0.635555367	0.00859066266	0.0076464609	0.00191973247	0.00861003013	0.00669029766	0	0	0	0	0	3
109	283	0	0.641440138	0.00858406489	0.00772486482	0.00209190519	0.00861003013	0.00651812494	0	0	0	0	0	3
110	285	0	0.64732491	0.00857514416	0.00780113821	0.0023521764	0.00861003013	0.00625785373	0	0	0	0	0	3
111	287	0	0.653209682	0.00856650288	0.00787424794	0.00262757624	0.00861003013	0.00598245389	0	0	0	0	0	3
112	290	0	0.659094454	0.00856017074	0.00794404317	0.00290527162	0.00861003013	0.00570475851	0	0	0	0	0	3
113	292	0	0.664979226	0.00855783775	0.00801054395	0.00319874852	0.00861003013	0.00541128161	0	0	0	0	0	3
114	295	0	0.670863998	0.00855885203	0.00807360399	0.00350883791	0.00861003013	0.00510119222	0	0	0	0	0	3
115	297	0	0.67674877	0.00855510918	0.00813297188	0.00398216403	0.00861003013	0.0046278661	0	0	0	0	0	3
116	300	0	0.682633542	0.0085546961	0.00818676638	0.0044465622	0.00861003013	0.00416346793	0	0	0	0	0	3
117	302	0	0.688518314	0.00855884474	0.00823514617	0.00490121747	0.00861003013	0.00370881266	0	0	0	0	0	3
118	305	0	0.694403086	0.00856149624	0.00827820828	0.00533186881	0.00861003013	0.00327816132	0	0	0	0	0	3
119	307	0	0.700287858	0.00857655228	0.00831638102	0.00571126975	0.00861003013	0.00289876038	0	0	0	0	0	3
120	310	0	0.706172629	0.00858643648	0.00835020651	0.00618712051	0.00861003013	0.00242290962	0	0	0	0	0	3
121	312	0	0.712057401	0.00859030483	0.00837847927	0.00656750898	0.00861003013	0.00204252115	0	0	0	0	0	3
122	315	0	0.717942173	0.00858675016	0.00840223505	0.00687571198	0.00861003013	0.00173431815	0	0	0	0	0	3
123	317	0	0.723826945	0.00858626731	0.00842235923	0.00714338238	0.00861003013	0.00146664775	0	0	0	0	0	3
124	320	0	0.729711717	0.00859644815	0.00843945412	0.00735988795	0.00861003013	0.00125014218	0	0	0	0	0	3
125	322	0	0.735596489	0.00860201071	0.00845406733	0.00762548288	0.00861003013	0.000984547255	0	0	0	0	0	3
126	325	0	0.741481261	0.00859930092	0.00846552401	0.00781678401	0.00861003013	0.000793246116	0	0	0	0	0	3
127	327	0	0.747366033	0.00859883712	0.00847472464	0.00794295254	0.00861003013	0.00066707759	0	0	0	0	0	3
128	329	0	0.753250805	0.0086073043	0.00848254054	0.00803178017	0.00861003013	0.000578249963	0	0	0	0	0	3
129	332	0	0.759135577	0.00861179162	0.00848936421	0.00809505713	0.00861179162	0.000516734482	0	0	0	0	0	3
130	334	0	0.765020349	0.00860928593	0.00849541396	0.00814757307	0.00861179162	0.00046421855	0	0	0	0	0	3
131	337	0	0.770905121	0.00860710396	0.0085008202	0.00819032015	0.00861179162	0.000421471472	0	0	0	0	0	3
132	339	0	0.776789892	0.00861350386	0.00850579883	0.00822569787	0.00861350386	0.000387805987	0	0	0	0	0	3
133	341	0	0.782674664	0.00861629923	0.00851039414	0.00824835318	0.00861629923	0.000367946047	0	0	0	0	0	3
134	343	0	0.788559436	0.00861645068	0.0085147247	0.00826646405	0.00861645068	0.00034998663	0	0	0	0	0	3
135	346	0	0.794444208	0.00861479285	0.00851882269	0.008274224	0.00861645068	0.000342226678	0	0	0	0	0	3
136	348	0	0.80032898	0.00860620466	0.00852272834	0.00827706806	0.00861645068	0.000339382619	0	0	0	0	0	3
137	350	0	0.806213752	0.00859326182	0.00852644827	0.00829222365	0.00861645068	0.000324227026	0	0	0	0	0	3
138	352	0	0.812098524	0.00859517284	0.00853001238	0.00831267376	0.00861645068	0.00030377692	0	0	0	0	0	3
139	355	0	0.817983296	0.00859695338	0.00853335684	0.00831936139	0.00861645068	0.000297089289	0	0	0	0	0	3
140	357	0	0.823868068	0.00859233554	0.0085365683	0.00832508024	0.00861645068	0.000291370439	0	0	0	0	0	3
141	359	0	0.82975284	0.00858987482	0.00853968354	0.00833298592	0.00861645068	0.000283464753	0	0	0	0	0	3
142	361	0	0.835637612	0.00858197939	0.00854261287	0.00834327659	0.00861645068	0.000273174084	0	0	0	0	0	3
143	364	0	0.841522383	0.00858247541	0.00854542697	0.00835144326	0.00861645068	0.000265007416	0	0	0	0	0	3
144	366	0	0.847407155	0.00858278367	0.00854814863	0.00835354654	0.00861645068	0.000262904134	0	0	0	0	0	3
145	369	0	0.853291927	0.00858540826	0.00855087641	0.00835975409	0.00861645068	0.000256696583	0	0	0	0	0	3
146	371	0	0.859176699	0.00858031455	0.00855347124	0.00836832034	0.00861645068	0.000248130341	0	0	0	0	0	3
147	374	0	0.865061471	0.00857421996	0.00855589359	0.00837657155	0.00861645068	0.000239879129	0	0	0	0	0	3
148	377	0	0.870946243	0.00856275333	0.00855808396	0.00838368417	0.00861645068	0.000232766505	0	0	0	0	0	3
149	379	0	0.876831015	0.00854769959	0.00856001356	0.00838473564	0.00861645068	0.000231715039	0	0	0	0	0	3
150	382	0	0.882715787	0.00853696348	0.00856180447	0.00839068358	0.00861645068	0.000225767099	0	0	0	0	0	3
151	384	0	0.888600559	0.00852333517	0.00856336508	0.00839766925	0.00861645068	0.000218781429	0	0	0	0	0	3
152	387	0	0.894485331	0.00851428672	0.00856473705	0.00840151736	0.00861645068	0.000214933322	0	0	0	0	0	3
153	389	0	0.900370103	0.00851109276	0.00856602617	0.0084087282	0.00861645068	0.000207722481	0	0	0	0	0	3
154	392	0	0.906254875	0.00850784513	0.00856719225	0.00841891603	0.00861645068	0.00019753465	0	0	0	0	0	3
155	394	0	0.912139646	0.00850266437	0.00856817753	0.00842696492	0.00861645068	0.000189485758	0	0	0	0	0	3
156	397	0	0.918024418	0.00849415737	0.00856896803	0.00844350377	0.00861645068	0.000172946904	0	0	0	0	0	3
157	399	0	0.92390919	0.00849222998	0.00856954128	0.00846751759	0.00861645068	0.000148933089	0	0	0	0	0	3
158	402	0	0.929793962	0.00849653918	0.00856988271	0.00848193958	0.00861645068	0.000134511097	0	0	0	0	0	3
159	405	0	0.935678734	0.008498767	0.00857008068	0.00848729062	0.00861645068	0.000129160053	0	0	0	0	0	3
160	407	0	0.941563506	0.00850016686	0.00857023216	0.00849222998	0.00861645068	0.000124220696	0	0	0	0	0	3
161	410	0	0.947448278	0.00849898521	0.00857025458	0.00849222998	0.00861645068	0.000124220696	0	0	0	0	0	3
162	412	0	0.95333305	0.00849636017	0.00857012709	0.00849222998	0.00861645068	0.000124220696	0	0	0	0	0	3
163	414	0	0.959217822	0.00850052151	0.00856986883	0.00849222998	0.00861645068	0.000124220696	0	0	0	0	0	3
164	417	0	0.965102594	0.00851277752	0.0085697364	0.00849222998	0.00861645068	0.000124220696	0	0	0	0	0	3
165	419	0	0.970987366	0.00851868137	0.00856969823	0.00849222998	0.00861645068	0.000124220696	0	0	0	0	0	3
166	421	0	0.976872137	0.00852877217	0.00856977644	0.00849222998	0.00861645068	0.000124220696	0	0	0	0	0	3
167	424	0	0.982756909	0.00854403184	0.00856993916	0.00849222998	0.00861645068	0.000124220696	0	0	0	0	0	3
168	426	0	0.988641681	0.00855202033	0.00857008654	0.00849222998	0.00861645068	0.000124220696	0	0	0	0	0	3
169	428	0	0.994526453	0.00856267949	0.00857022975	0.00849222998	0.00861645068	0.000124220696	0	0	0	0	0	3
170	431	0	1.00041123	0.0085723501	0.00857039251	0.00849222998	0.00861645068	0.000124220696	0.000248798084	0	100	0	0	3
171	433	0	1.006296	0.0085790587	0.00857053446	0.00849222998	0.00861645068	0.000124220696	0.000248798084	0	100	0	0	3
172	436	0	1.01218077	0.0085864456	0.00857064264	0.00849222998	0.00861645068	0.000124220696	0.000248798084	0	100	0	0	3
173	438	0	1.01806554	0.00859965884	0.00857088686	0.00849222998	0.00861645068	0.000124220696	0.000248798084	0	100	0	0	3
174	440	0	1.02395031	0.00860897933	0.00857122714	0.00849222998	0.00861645068	0.000124220696	0.000248798084	0	100	0	0	3
175	443	0	1.02983508	0.00860546228	0.00857148047	0.00849222998	0.00861645068	0.000124220696	0.000248798084	0	100	0	0	3
176	445	0	1.03571986	0.00860930667	0.00857167902	0.00849222998	0.00861645068	0.000124220696	0.000248798084	0	100	0	0	3
177	448	0	1.04160463	0.00861003715	0.00857188442	0.00849222998	0.00861645068	0.000124220696	0.000248798084	0	100	0	0	3
178	450	0	1.0474894	0.00861086997	0.0085720892	0.00849222998	0.00861645068	0.000124220696	0.000248798084	0	100	0	0	3
179	453	0	1.05337417	0.0086105696	0.00857224358	0.00849222998	0.00861645068	0.000124220696	0.000248798084	0	100	0	0	3
180	455	0	1.05925894	0.00860492394	0.00857226429	0.00849222998	0.00861645068	0.000124220696	0.000248798084	0	100	0	0	3
181	458	0	1.06514372	0.00860330988	0.00857219047	0.00849222998	0.00861645068	0.000124220696	0.000248798084	0	100	0	0	3
182	460	0	1.07102849	0.00860435971	0.0085721381	0.00849222998	0.00861645068	0.000124220696	0.000248798084	0	100	0	0	3
183	463	0	1.07691326	0.00861315546	0.00857217487	0.00849222998	0.00861645068	0.000124220696	0.000248798084	0	100	0	0	3
184	465	0	1.08279803	0.00861459342	0.00857231446	0.00849222998	0.00861645068	0.000124220696	0.000248798084	0	100	0	0	3
185	468	0	1.0886828	0.00861582274	0.0085725184	0.00849222998	0.00861645068	0.000124220696	0.000248798084	0	100	0	0	3
186	471	0	1.09456758	0.00861890642	0.00857279592	0.00849222998	0.00861890642	0.000126676438	0.000248798084	0	100	0	0	3
187	473	0	1.10045235	0.00862014381	0.00857316701	0.00849222998	0.00862014381	0.000127913832	0.000248798084	0	100	0	0	3
188	475	0	1.10633712	0.00862042395	0.00857360897	0.00849222998	0.00862042395	0.00012819397	0.000248798084	0	100	0	0	3
189	478	0	1.11222189	0.00861817107	0.0085740548	0.00849222998	0.00862042395	0.00012819397	0.000248798084	0	100	0	0	3
190	480	0	1.11810666	0.00861531093	0.00857445156	0.00849222998	0.00862042395	0.00012819397	0.000248798084	0	100	0	0	3
191	482	0	1.12399144	0.00861227077	0.00857474146	0.00849222998	0.00862042395	0.00012819397	0.000248798084	0	100	0	0	3
192	484	0	1.12987621	0.00861162862	0.00857497524	0.00849222998	0.00862042395	0.00012819397	0.000248798084	0	100	0	0	3
193	486	0	1.13576098	0.00861336889	0.00857524237	0.00849222998	0.00862042395	0.00012819397	0.000248798084	0	100	0	0	3
194	489	0	1.14164575	0.00860890343	0.00857553459	0.00849222998	0.00862042395	0.00012819397	0.000248798084	0	100	0	0	3
195	491	0	1.14753052	0.00860631573	0.00857590132	0.00849222998	0.00862042395	0.00012819397	0.000248798084	0	100	0	0	3
196	493	0	1.15341529	0.0086004149	0.00857630028	0.00849222998	0.00862042395	0.00012819397	0.000248798084	0	100	0	0	3
197	495	0	1.15930007	0.00859214693	0.00857667647	0.00849222998	0.00862042395	0.00012819397	0.000248798084	0	100	0	0	3
198	497	0	1.16518484	0.00858532383	0.00857699984	0.00849222998	0.00862042395	0.00012819397	0.000248798084	0	100	0	0	3
199	500	0	1.17106961	0.00858165628	0.00857726812	0.00849222998	0.00862042395	0.00012819397	0.000248798084	0	100	0	0	3
200	502	0	1.17695438	0.00857639071	0.00857751849	0.00849222998	0.00862042395	0.00012819397	0.000248798084	0	100	0	0	3
201	509	0	1.18283915	0.00857390192	0.00857774444	0.00849222998	0.00862042395	0.00012819397	0.000248798084	0	100	0	0	3
202	511	0	1.18872393	0.0085707518	0.00857788453	0.00849222998	0.00862042395	0.00012819397	0.000248798084	0	100	0	0	3
203	513	0	1.1946087	0.00857141419	0.00857800121	0.00849222998	0.00862042395	0.00012819397	0.000248798084	0	100	0	0	3
204	515	0	1.20049347	0.00856902886	0.0085779127	0.00849222998	0.00862042395	0.00012819397	0.000248798084	0	100	0	0	3
205	517	0	1.20637824	0.00856511991	0.00857766192	0.00849222998	0.00862042395	0.00012819397	0.000248798084	0	100	0	0	3
206	520	0	1.21226301	0.00856159181	0.00857732412	0.00849222998	0.00862042395	0.00012819397	0.000248798084	0	100	0	0	3
207	522	0	1.21814779	0.00856156557	0.00857702783	0.00849222998	0.00862042395	0.00012819397	0.000248798084	0	100	0	0	3
208	524	0	1.22403256	0.008569076	0.00857682558	0.00849222998	0.00862042395	0.00012819397	0.000248798084	0	100	0	0	3
209	526	0	1.22991733	0.00857622663	0.00857658768	0.00849222998	0.00862042395	0.000123933879	0.000248798084	0	100	0	0	3
210	528	0	1.2358021	0.00858204157	0.00857635274	0.00849222998	0.00862042395	0.000112477196	0.000248798084	0	100	0	0	3
211	530	0	1.24168687	0.00859139105	0.00857625969	0.00849222998	0.00862042395	0.000103276571	0.000248798084	0	100	0	0	3
212	533	0	1.24757165	0.00859602611	0.00857622662	0.00849222998	0.00862042395	9.54606682e-05	0.000248798084	0	100	0	0	3
213	535	0	1.25345642	0.00859457699	0.00857607688	0.00849222998	0.00862042395	8.86370041e-05	0.000248798084	0	100	0	0	3
214	537	0	1.25934119	0.0086007346	0.0085759468	0.00849222998	0.00862042395	8.25872535e-05	0.000248798084	0	100	0	0	3
215	539	0	1.26522596	0.0086039463	0.00857588398	0.00849222998	0.00862042395	7.71810078e-05	0.000248798084	0	100	0	0	3
216	541	0	1.27111073	0.00860887264	0.00857590479	0.00849222998	0.00862042395	7.22023759e-05	0.000248798084	0	100	0	0	3
217	544	0	1.2769955	0.00860868749	0.00857584813	0.00849222998	0.00862042395	6.76070657e-05	0.000248798084	0	100	0	0	3
218	546	0	1.28288028	0.00861467375	0.008575829	0.00849222998	0.00862042395	6.3276507e-05	0.000248798084	0	100	0	0	3
219	549	0	1.28876505	0.00862341334	0.00857591092	0.00849222998	0.00862341334	5.91785211e-05	0.000248798084	0	100	0	0	3
220	551	0	1.29464982	0.00862146131	0.00857598937	0.00849222998	0.00862341334	5.52728662e-05	0.000248798084	0	100	0	0	3
221	554	0	1.30053459	0.0086129828	0.00857606911	0.00849222998	0.00862341334	5.15529396e-05	0.000248798084	0	100	0	0	3
222	556	0	1.30641936	0.00861122316	0.00857628042	0.00849222998	0.00862341334	4.79888315e-05	0.000248798084	0	100	0	0	3
223	559	0	1.31230414	0.00861396101	0.00857650146	0.00849222998	0.00862341334	4.46443653e-05	0.000248798084	0	100	0	0	3
224	561	0	1.31818891	0.00861194208	0.0085766778	0.00849222998	0.00862341334	4.14329047e-05	0.000248798084	0	100	0	0	3
225	564	0	1.32407368	0.00861516172	0.00857694634	0.00849222998	0.00862341334	3.83176744e-05	0.000248798084	0	100	0	0	3
226	566	0	1.32995845	0.00861759278	0.00857727243	0.00849222998	0.00862341334	3.53883395e-05	0.000248798084	0	100	0	0	3
227	569	0	1.33584322	0.00861905479	0.00857770861	0.00849222998	0.00862341334	3.25742358e-05	0.000248798084	0	100	0	0	3
228	571	0	1.341728	0.00861554169	0.00857809763	0.00849222998	0.00862341334	2.99490043e-05	0.000248798084	0	100	0	0	3
229	574	0	1.34761277	0.00862586508	0.00857860447	0.00849222998	0.00862586508	2.77280594e-05	0.000248798084	0	100	0	0	3
230	576	0	1.35349754	0.00862706659	0.00857909457	0.00849222998	0.00862706659	2.56233286e-05	0.000248798084	0	100	0	0	3
231	579	0	1.35938231	0.00863565213	0.0085797456	0.00849222998	0.00863565213	2.38520105e-05	0.000248798084	0	100	0	0	3
232	581	0	1.36526708	0.0086436136	0.00858056199	0.00849222998	0.0086436136	2.24780323e-05	0.000248798084	0	100	0	0	3
233	584	0	1.37115186	0.00864280643	0.0085815038	0.00849222998	0.0086436136	2.14902403e-05	0.000248798084	0	100	0	0	3
234	586	0	1.37703663	0.00863774124	0.00858256311	0.00849222998	0.0086436136	2.0758638e-05	0.000248798084	0	100	0	0	3
235	588	0	1.3829214	0.00863604406	0.00858372876	0.00849222998	0.0086436136	2.03636849e-05	0.000248798084	0	100	0	0	3
236	591	0	1.38880617	0.00863684886	0.00858506422	0.00849222998	0.0086436136	2.03271698e-05	0.000248798084	0	100	0	0	3
237	593	0	1.39469094	0.00864699778	0.00858662552	0.00849222998	0.00864699778	2.0599354e-05	0.000248798084	0	100	0	0	3
238	595	0	1.40057572	0.00865100674	0.00858827157	0.00849222998	0.00865100674	2.10793191e-05	0.000248798084	0	100	0	0	3
239	598	0	1.40646049	0.00864819183	0.00858992271	0.00849222998	0.00865100674	2.17451821e-05	0.000248798084	0	100	0	0	3
240	600	0	1.41234526	0.00864517494	0.0085915993	0.00849222998	0.00865100674	2.26312777e-05	0.000248798084	0	100	0	0	3
241	602	0	1.41823003	0.0086488445	0.00859341915	0.00849222998	0.00865100674	2.38778767e-05	0.000248798084	0	100	0	0	3
242	604	0	1.4241148	0.00865417175	0.00859532435	0.00849636017	0.00865417175	2.56261238e-05	0.000248798084	0	100	0	0	3
243	607	0	1.42999957	0.00866074313	0.00859725616	0.00849636017	0.00866074313	2.75579349e-05	0.000248798084	0	100	0	0	3
244	609	0	1.43588435	0.00865263408	0.00859906636	0.00849636017	0.00866074313	2.93681358e-05	0.000248798084	0	100	0	0	3
245	611	0	1.44176912	0.00864520725	0.00860077272	0.00849636017	0.00866074313	3.10744934e-05	0.000248798084	0	100	0	0	3
246	614	0	1.44765389	0.00864266931	0.00860246312	0.00849636017	0.00866074313	3.27648945e-05	0.000248798084	0	100	0	0	3
247	616	0	1.45353866	0.0086395744	0.00860414799	0.00850052151	0.00866074313	3.44497678e-05	0.000248798084	0	100	0	0	3
248	619	0	1.45942343	0.0086308136	0.00860568084	0.00851277752	0.00866074313	3.5982616e-05	0.000248798084	0	100	0	0	3
249	621	0	1.46530821	0.00862338637	0.00860698212	0.00851868137	0.00866074313	3.72838965e-05	0.000248798084	0	100	0	0	3
250	624	0	1.47119298	0.00861517626	0.00860811736	0.00852877217	0.00866074313	3.83409174e-05	0.000248798084	0	100	0	0	3
251	626	0	1.47707775	0.00861450526	0.00860912598	0.00854403184	0.00866074313	3.91868241e-05	0.000248798084	0	100	0	0	3
252	629	0	1.48296252	0.00860892995	0.00860988949	0.00855202033	0.00866074313	3.98029444e-05	0.000248798084	0	100	0	0	3
253	631	0	1.48884729	0.00860113292	0.00861046728	0.00856156557	0.00866074313	4.02375382e-05	0.000248798084	0	100	0	0	3
254	633	0	1.49473207	0.00859399833	0.00861083574	0.00856156557	0.00866074313	4.04432327e-05	0.000248798084	0	100	0	0	3
255	636	0	1.50061684	0.00858773294	0.00861101671	0.00856156557	0.00866074313	4.04822543e-05	0.000248798084	0	100	0	0	3
256	638	0	1.50650161	0.00858215831	0.00861105318	0.00856156557	0.00866074313	4.04105451e-05	0.000248798084	0	100	0	0	3
257	641	0	1.51238638	0.00858030372	0.00861098092	0.00856156557	0.00866074313	4.01663239e-05	0.000248798084	0	100	0	0	3
258	643	0	1.51827115	0.00858338974	0.00861078952	0.00856156557	0.00866074313	3.98260423e-05	0.000248798084	0	100	0	0	3
259	645	0	1.52415593	0.00858784751	0.00861054091	0.00856156557	0.00866074313	3.95727142e-05	0.000248798084	0	100	0	0	3
260	648	0	1.5300407	0.0085829431	0.00861027598	0.00856156557	0.00866074313	3.93741605e-05	0.000248798084	0	100	0	0	3
261	650	0	1.53592547	0.0085800932	0.00860993229	0.00856156557	0.00866074313	3.91687581e-05	0.000248798084	0	100	0	0	3
262	653	0	1.54181024	0.00858156673	0.00860959735	0.00856156557	0.00866074313	3.8963981e-05	0.000248798084	0	100	0	0	3
263	655	0	1.54769501	0.00858699505	0.00860931647	0.00856156557	0.00866074313	3.89150767e-05	0.000248798084	0	100	0	0	3
264	657	0	1.55357978	0.00858679206	0.00860903673	0.00856156557	0.00866074313	3.89150767e-05	0.000248798084	0	100	0	0	3
265	660	0	1.55946456	0.00857748571	0.00860871393	0.00856156557	0.00866074313	3.89150767e-05	0.000248798084	0	100	0	0	3
266	4264	0	1.56534933	0.00857745886	0.0086084098	0.00856156557	0.00866074313	3.89150767e-05	0.000248798084	0	100	0	0	3
267	4266	0	1.5712341	0.00858158269	0.00860814183	0.00856156557	0.00866074313	3.88783082e-05	0.000248798084	0	100	0	0	3
268	4268	0	1.57711887	0.00858043587	0.0086077569	0.00856156557	0.00866074313	3.87387247e-05	0.000248798084	0	100	0	0	3
269	4271	0	1.58300364	0.00858283598	0.00860738328	0.00856156557	0.00866074313	3.85347776e-05	0.000248798084	0	100	0	0	3
270	4274	0	1.58888842	0.0085788675	0.00860694851	0.00856156557	0.00866074313	3.8257264e-05	0.000248798084	0	100	0	0	3
271	4277	0	1.59477319	0.00857399918	0.00860642019	0.00856156557	0.00866074313	3.78861667e-05	0.000248798084	0	100	0	0	3
272	58057	0	1.60065796	0.0085696769	0.00860582646	0.00856156557	0.00866074313	3.74442144e-05	0.000248798084	0	100	0	0	3
273	58061	0	1.60654273	0.00856944197	0.00860522668	0.00856156557	0.00866074313	3.69983761e-05	0.000248798084	0	100	0	0	3
274	58065	0	1.6124275	0.00856841601	0.00860464132	0.00856156557	0.00866074313	3.66016212e-05	0.000248798084	0	100	0	0	3
275	58069	0	1.61831228	0.00857054844	0.0086041147	0.00856156557	0.00866074313	3.63117203e-05	0.000248798084	0	100	0	0	3
276	58072	0	1.62419705	0.00856872322	0.00860360238	0.00856156557	0.00866074313	3.60779391e-05	0.000248798084	0	100	0	0	3
277	58076	0	1.63008182	0.00856778641	0.00860308659	0.00856156557	0.00866074313	3.5810807e-05	0.000248798084	0	100	0	0	3
278	58080	0	1.63596659	0.00856369143	0.00860250215	0.00856156557	0.00866074313	3.55185888e-05	0.000248798084	0	100	0	0	3
279	58083	0	1.64185136	0.00856217488	0.0086019524	0.00856156557	0.00866074313	3.52241782e-05	0.000248798084	0	100	0	0	3
280	58086	0	1.64773614	0.00856300393	0.00860144285	0.00856156557	0.00866074313	3.52241782e-05	0.000248798084	0	100	0	0	3
281	58089	0	1.65362091	0.00856520098	0.00860102857	0.00856156557	0.00866074313	3.52241782e-05	0.000248798084	0	100	0	0	3
282	58092	0	1.65950568	0.00857080908	0.00860077754	0.00856156557	0.00866074313	3.52241782e-05	0.000248798084	0	100	0	0	3
283	58095	0	1.66539045	0.00857630809	0.00860067147	0.00856156557	0.00866074313	3.52241782e-05	0.000248798084	0	100	0	0	3
284	58098	0	1.67127522	0.0085756171	0.00860060042	0.00856156557	0.00866074313	3.52241782e-05	0.000248798084	0	100	0	0	3
285	58101	0	1.67716	0.00857776378	0.00860061657	0.00856156557	0.00866074313	3.52241782e-05	0.000248798084	0	100	0	0	3
286	58104	0	1.68304477	0.00858424514	0.00860073826	0.00856156557	0.00866074313	3.52241782e-05	0.000248798084	0	100	0	0	3
287	58107	0	1.68892954	0.00858490447	0.00860090476	0.00856156557	0.00866074313	3.52241782e-05	0.000248798084	0	100	0	0	3
288	58110	0	1.69481431	0.00858744235	0.00860109333	0.00856156557	0.00866074313	3.52241782e-05	0.000248798084	0	100	0	0	3
289	58113	0	1.70069908	0.00858955904	0.00860133486	0.00856156557	0.00866074313	3.52241782e-05	0.000248798084	0	100	0	0	3
290	58116	0	1.70658385	0.00859780653	0.00860171941	0.00856156557	0.00866074313	3.52241782e-05	0.000248798084	0	100	0	0	3
291	58118	0	1.71246863	0.00860934451	0.0086022812	0.00856156557	0.00866074313	3.52241782e-05	0.000248798084	0	100	0	0	3
292	58121	0	1.7183534	0.00861377102	0.00860289538	0.00856217488	0.00866074313	3.52241782e-05	0.000248798084	0	100	0	0	3
293	58123	0	1.72423817	0.00861408306	0.00860342488	0.00856217488	0.00866074313	3.52241782e-05	0.000248798084	0	100	0	0	3
294	58126	0	1.73012294	0.00861842841	0.00860392137	0.00856217488	0.00866074313	3.52241782e-05	0.000248798084	0	100	0	0	3
295	58129	0	1.73600771	0.00861722367	0.00860433528	0.00856217488	0.00866074313	3.52241782e-05	0.000248798084	0	100	0	0	3
296	58132	0	1.74189249	0.00861771464	0.00860464497	0.00856217488	0.00866074313	3.52241782e-05	0.000248798084	0	100	0	0	3
297	58134	0	1.74777726	0.00861831337	0.00860490717	0.00856217488	0.00866074313	3.52241782e-05	0.000248798084	0	100	0	0	3
298	58137	0	1.75366203	0.00861476627	0.00860514469	0.00856217488	0.00866074313	3.52241782e-05	0.000248798084	0	100	0	0	3
299	58140	0	1.7595468	0.0086068844	0.00860521704	0.00856217488	0.00866074313	3.52241782e-05	0.000248798084	0	100	0	0	3
300	58142	0	1.76543157	0.00860493164	0.00860522863	0.00856217488	0.00866074313	3.52241782e-05	0.000248798084	0	100	0	0	3
301	58149	0	1.77131635	0.00860979439	0.00860523948	0.00856217488	0.00866074313	3.52241782e-05	0.000248798084	0	100	0	0	3
302	58151	0	1.77720112	0.00861709064	0.00860533834	0.00856217488	0.00866074313	3.52241782e-05	0.000248798084	0	100	0	0	3
303	58154	0	1.78308589	0.00861444631	0.00860533566	0.00856217488	0.00866074313	3.51422645e-05	0.000248798084	0	100	0	0	3
304	58157	0	1.78897066	0.00861372762	0.00860522171	0.00856217488	0.00866074313	3.5063812e-05	0.000248798084	0	100	0	0	3
305	58159	0	1.79485543	0.00861555344	0.00860515221	0.00856217488	0.00866074313	3.49840691e-05	0.000248798084	0	100	0	0	3
306	58162	0	1.80074021	0.00861991805	0.0086052338	0.00856217488	0.00866074313	3.47727593e-05	0.000248798084	0	100	0	0	3
307	58164	0	1.80662498	0.00862393548	0.00860538336	0.00856217488	0.00866074313	3.4551722e-05	0.000248798084	0	100	0	0	3
308	58167	0	1.81250975	0.00862616181	0.00860552689	0.00856217488	0.00866074313	3.43753844e-05	0.000248798084	0	100	0	0	3
309	58169	0	1.81839452	0.00863335199	0.00860577878	0.00856217488	0.00866074313	3.41068411e-05	0.000248798084	0	100	0	0	3
310	58172	0	1.82427929	0.00863990873	0.00860606992	0.00856217488	0.00866074313	3.37807474e-05	0.000248798084	0	100	0	0	3
311	58174	0	1.83016406	0.00863877301	0.0086063191	0.00856217488	0.00866074313	3.33445661e-05	0.000248798084	0	100	0	0	3
312	58177	0	1.83604884	0.00864064423	0.00860657309	0.00856217488	0.00866074313	3.29555511e-05	0.000248798084	0	100	0	0	3
313	58179	0	1.84193361	0.00862801531	0.00860671984	0.00856217488	0.00866074313	3.2448711e-05	0.000248798084	0	100	0	0	3
314	58182	0	1.84781838	0.00861523588	0.00860659479	0.00856217488	0.00866074313	3.1958613e-05	0.000248798084	0	100	0	0	3
315	58184	0	1.85370315	0.00860389401	0.00860632217	0.00856217488	0.00866074313	3.13075826e-05	0.000248798084	0	100	0	0	3
316	58187	0	1.85958792	0.00859638541	0.00860586021	0.00856217488	0.00866074313	3.04911869e-05	0.000248798084	0	100	0	0	3
317	58189	0	1.8654727	0.00859383992	0.00860527464	0.00856217488	0.00866074313	2.95493857e-05	0.000248798084	0	100	0	0	3
318	58192	0	1.87135747	0.00859223857	0.00860467972	0.00856217488	0.00866074313	2.84900722e-05	0.000248798084	0	100	0	0	3
319	58195	0	1.87724224	0.00858566626	0.00860406707	0.00856217488	0.00866074313	2.73244183e-05	0.000248798084	0	100	0	0	3
320	58198	0	1.88312701	0.0085837625	0.008603452	0.00856217488	0.00866074313	2.59889632e-05	0.000248798084	0	100	0	0	3
321	58200	0	1.88901178	0.00858681155	0.00860286332	0.00856217488	0.00866074313	2.44276566e-05	0.000248798084	0	100	0	0	3
322	58203	0	1.89489656	0.00858971932	0.00860218946	0.00856217488	0.00866074313	2.27816098e-05	0.000248798084	0	100	0	0	3
323	58206	0	1.90078133	0.00859047165	0.00860147728	0.00856217488	0.00866074313	2.11304723e-05	0.000248798084	0	100	0	0	3
324	58208	0	1.9066661	0.00859025235	0.00860079564	0.00856217488	0.00866074313	1.94538773e-05	0.000248798084	0	100	0	0	3
325	58211	0	1.91255087	0.00859058935	0.00860015346	0.00856217488	0.00866074313	1.76340287e-05	0.000248798084	0	100	0	0	3
326	58214	0	1.91843564	0.00859496823	0.00859951962	0.00856217488	0.00866074313	1.57288314e-05	0.000248798084	0	100	0	0	3
327	58216	0	1.92432042	0.00859173215	0.00859878503	0.00856217488	0.00866074313	1.37970203e-05	0.000248798084	0	100	0	0	3
328	58219	0	1.93020519	0.00859300222	0.00859798808	0.00856217488	0.00865263408	1.30650986e-05	0.000248798084	0	100	0	0	3
329	58221	0	1.93608996	0.00859815004	0.00859734709	0.00856217488	0.00864520725	1.37060872e-05	0.000248798084	0	100	0	0	3
330	58224	0	1.94197473	0.00860177966	0.00859683618	0.00856217488	0.00864266931	1.42170001e-05	0.000248798084	0	100	0	0	3
331	58226	0	1.9478595	0.00860649395	0.00859641059	0.00856217488	0.00864064423	1.46425925e-05	0.000248798084	0	100	0	0	3
332	58229	0	1.95374427	0.00861081807	0.00859607228	0.00856217488	0.00864064423	1.49809022e-05	0.000248798084	0	100	0	0	3
333	58231	0	1.95962905	0.00861153715	0.0085958455	0.00856217488	0.00864064423	1.5207684e-05	0.000248798084	0	100	0	0	3
334	58233	0	1.96551382	0.00860983745	0.0085956861	0.00856217488	0.00864064423	1.5367083e-05	0.000248798084	0	100	0	0	3
335	58236	0	1.97139859	0.00860952183	0.00859561958	0.00856217488	0.00864064423	1.54336057e-05	0.000248798084	0	100	0	0	3
336	58238	0	1.97728336	0.00860801554	0.00859554323	0.00856217488	0.00864064423	1.55099554e-05	0.000248798084	0	100	0	0	3
337	58241	0	1.98316813	0.00859871596	0.00859542306	0.00856217488	0.00864064423	1.563012e-05	0.000248798084	0	100	0	0	3
338	58243	0	1.98905291	0.00859596817	0.0085953623	0.00856217488	0.00864064423	1.56908817e-05	0.000248798084	0	100	0	0	3
339	58246	0	1.99493768	0.00859459322	0.0085953693	0.00856217488	0.00864064423	1.56908817e-05	0.000248798084	0	100	0	0	3
340	58248	0	2.00082245	0.00859629138	0.00859546999	0.00856217488	0.00864064423	1.56908817e-05	0.000248798084	0	100	0	0	3
341	58251	0	2.00670722	0.00859948667	0.00859567385	0.00856217488	0.00864064423	1.56186243e-05	0.000248798084	0	100	0	0	3
342	58253	0	2.01259199	0.00859460052	0.00859584205	0.00856217488	0.00864064423	1.54272232e-05	0.000248798084	0	100	0	0	3
343	58256	0	2.01847677	0.0085857063	0.0085958693	0.00856217488	0.00864064423	1.51786136e-05	0.000248798084	0	100	0	0	3
344	58259	0	2.02436154	0.00858039847	0.00859578166	0.00856217488	0.00864064423	1.49136821e-05	0.000248798084	0	100	0	0	3
345	58262	0	2.03024631	0.00857449907	0.00859568232	0.00856217488	0.00864064423	1.45699942e-05	0.000248798084	0	100	0	0	3
346	58264	0	2.03613108	0.00856692587	0.00859552741	0.00856217488	0.00864064423	1.42350481e-05	0.000248798084	0	100	0	0	3
347	58267	0	2.04201585	0.0085629679	0.0085953086	0.00856217488	0.00864064423	1.40078631e-05	0.000248798084	0	100	0	0	3
348	58270	0	2.04790063	0.00856019416	0.0085949933	0.00856019416	0.00864064423	1.4043432e-05	0.000248798084	0	100	0	0	3
349	58273	0	2.0537854	0.0085600782	0.00859467902	0.0085600782	0.00864064423	1.40349101e-05	0.000248798084	0	100	0	0	3
350	58275	0	2.05967017	0.00856547014	0.00859453766	0.0085600782	0.00864064423	1.38721401e-05	0.000248798084	0	100	0	0	3
351	58278	0	2.06555494	0.00857200456	0.00859447349	0.0085600782	0.00864064423	1.36683432e-05	0.000248798084	0	100	0	0	3
352	58280	0	2.07143971	0.0085802533	0.00859445785	0.0085600782	0.00864064423	1.32990469e-05	0.000248798084	0	100	0	0	3
353	58283	0	2.07732449	0.00858714798	0.00859453682	0.0085600782	0.00864064423	1.29254299e-05	0.000248798084	0	100	0	0	3
354	58285	0	2.08320926	0.00858730824	0.00859458943	0.0085600782	0.00864064423	1.24906623e-05	0.000248798084	0	100	0	0	3
355	58288	0	2.08909403	0.00858352001	0.00859464417	0.0085600782	0.00864064423	1.22619888e-05	0.000248798084	0	100	0	0	3
356	58290	0	2.0949788	0.00857733628	0.00859468343	0.0085600782	0.00864064423	1.22619888e-05	0.000248798084	0	100	0	0	3
357	58293	0	2.10086357	0.00857936257	0.00859479737	0.0085600782	0.00864064423	1.22619888e-05	0.000248798084	0	100	0	0	3
358	58295	0	2.10674834	0.00858492732	0.00859497956	0.0085600782	0.00864064423	1.22619888e-05	0.000248798084	0	100	0	0	3
359	58298	0	2.11263312	0.00859651587	0.00859531014	0.0085600782	0.00864064423	1.22619888e-05	0.000248798084	0	100	0	0	3
360	58300	0	2.11851789	0.00859994707	0.00859565601	0.0085600782	0.00864064423	1.22619888e-05	0.000248798084	0	100	0	0	3
361	58303	0	2.12440266	0.00860467685	0.00859607899	0.0085600782	0.00864064423	1.22619888e-05	0.000248798084	0	100	0	0	3
362	58306	0	2.13028743	0.00861012494	0.00859657709	0.0085600782	0.00864064423	1.22619888e-05	0.000248798084	0	100	0	0	3
363	58308	0	2.1361722	0.00862079853	0.00859724894	0.0085600782	0.00864064423	1.22619888e-05	0.000248798084	0	100	0	0	3
364	58311	0	2.14205698	0.00862396018	0.00859797583	0.0085600782	0.00864064423	1.22619888e-05	0.000248798084	0	100	0	0	3
365	58314	0	2.14794175	0.00862273422	0.00859867854	0.0085600782	0.00864064423	1.22619888e-05	0.000248798084	0	100	0	0	3
366	58316	0	2.15382652	0.0086258242	0.00859939175	0.0085600782	0.00864064423	1.22619888e-05	0.000248798084	0	100	0	0	3
367	58319	0	2.15971129	0.0086338349	0.00860013323	0.0085600782	0.00864064423	1.22619888e-05	0.000248798084	0	100	0	0	3
368	58321	0	2.16559606	0.00863978264	0.00860087999	0.0085600782	0.00864064423	1.22619888e-05	0.000248798084	0	100	0	0	3
369	58324	0	2.17148084	0.00864644746	0.00860171329	0.0085600782	0.00864644746	1.22619888e-05	0.000248798084	0	100	0	0	3
370	58327	0	2.17736561	0.0086442814	0.00860249585	0.0085600782	0.00864644746	1.22619888e-05	0.000248798084	0	100	0	0	3
371	58329	0	2.18325038	0.00864240774	0.00860318011	0.0085600782	0.00864644746	1.22619888e-05	0.000248798084	0	100	0	0	3
372	58332	0	2.18913515	0.00863944442	0.00860382176	0.0085600782	0.00864644746	1.22619888e-05	0.000248798084	0	100	0	0	3
373	58335	0	2.19501992	0.00863211868	0.00860434736	0.0085600782	0.00864644746	1.22619888e-05	0.000248798084	0	100	0	0	3
374	58337	0	2.2009047	0.00863462009	0.00860487749	0.0085600782	0.00864644746	1.22619888e-05	0.000248798084	0	100	0	0	3
375	58340	0	2.20678947	0.00863673139	0.00860533543	0.0085600782	0.00864644746	1.22619888e-05	0.000248798084	0	100	0	0	3
376	58342	0	2.21267424	0.00863068554	0.00860558651	0.0085600782	0.00864644746	1.22619888e-05	0.000248798084	0	100	0	0	3
377	58344	0	2.21855901	0.00863049898	0.0086057833	0.0085600782	0.00864644746	1.22619888e-05	0.000248798084	0	100	0	0	3
378	58347	0	2.22444378	0.00863181913	0.00860599196	0.0085600782	0.00864644746	1.22619888e-05	0.000248798084	0	100	0	0	3
379	58349	0	2.23032855	0.0086296531	0.00860612402	0.0085600782	0.00864644746	1.22619888e-05	0.000248798084	0	100	0	0	3
380	58352	0	2.23621333	0.00862138193	0.00860617294	0.0085600782	0.00864644746	1.22619888e-05	0.000248798084	0	100	0	0	3
381	58354	0	2.2420981	0.00860565638	0.00860603108	0.0085600782	0.00864644746	1.22619888e-05	0.000248798084	0	100	0	0	3
382	58357	0	2.24798287	0.00859474219	0.00860575377	0.0085600782	0.00864644746	1.22619888e-05	0.000248798084	0	100	0	0	3
383	58359	0	2.25386764	0.00858658314	0.0086054222	0.0085600782	0.00864644746	1.22619888e-05	0.000248798084	0	100	0	0	3
384	58362	0	2.25975241	0.00857764475	0.00860507821	0.0085600782	0.00864644746	1.22619888e-05	0.000248798084	0	100	0	0	3
385	58365	0	2.26563719	0.00857269045	0.0086046989	0.0085600782	0.00864644746	1.22619888e-05	0.000248798084	0	100	0	0	3
386	58368	0	2.27152196	0.00857509876	0.00860429072	0.0085600782	0.00864644746	1.22619888e-05	0.000248798084	0	100	0	0	3
387	58371	0	2.27740673	0.00857458807	0.00860379069	0.0085600782	0.00864644746	1.22619888e-05	0.000248798084	0	100	0	0	3
388	58373	0	2.2832915	0.00856831626	0.00860324798	0.0085600782	0.00864644746	1.22619888e-05	0.000248798084	0	100	0	0	3
389	58376	0	2.28917627	0.00856306939	0.008602652	0.0085600782	0.00864644746	1.22619888e-05	0.000248798084	0	100	0	0	3
390	58379	0	2.29506105	0.00856614472	0.00860207072	0.0085600782	0.00864644746	1.22619888e-05	0.000248798084	0	100	0	0	3
391	58381	0	2.30094582	0.00856653859	0.00860144273	0.0085600782	0.00864644746	1.22619888e-05	0.000248798084	0	100	0	0	3
392	58384	0	2.30683059	0.00856221886	0.00860071665	0.0085600782	0.00864644746	1.22619888e-05	0.000248798084	0	100	0	0	3
393	58387	0	2.31271536	0.00856533001	0.00860000098	0.0085600782	0.00864644746	1.22619888e-05	0.000248798084	0	100	0	0	3
394	58390	0	2.31860013	0.0085643542	0.00859918924	0.0085600782	0.00864644746	1.22619888e-05	0.000248798084	0	100	0	0	3
395	58392	0	2.32448491	0.00856656849	0.00859832642	0.0085600782	0.00864644746	1.22619888e-05	0.000248798084	0	100	0	0	3
396	58395	0	2.33036968	0.00856896629	0.00859750516	0.0085600782	0.00864644746	1.22619888e-05	0.000248798084	0	100	0	0	3
397	58397	0	2.33625445	0.00857427238	0.00859672432	0.0085600782	0.00864644746	1.22619888e-05	0.000248798084	0	100	0	0	3
398	58400	0	2.34213922	0.00858327418	0.00859619795	0.0085600782	0.00864644746	1.21369394e-05	0.000248798084	0	100	0	0	3
399	58402	0	2.34802399	0.00859182091	0.00859592248	0.0085600782	0.00864644746	1.18643208e-05	0.000248798084	0	100	0	0	3
400	58405	0	2.35390876	0.00859704325	0.00859584188	0.0085600782	0.00864644746	1.17150906e-05	0.000248798084	0	100	0	0	3
401	58412	0	2.35979354	0.00859729126	0.00859585254	0.0085600782	0.00864644746	1.17150906e-05	0.000248798084	0	100	0	0	3
402	58415	0	2.36567831	0.00859667619	0.00859588591	0.0085600782	0.00864644746	1.17150906e-05	0.000248798084	0	100	0	0	3
403	58418	0	2.37156308	0.00860007397	0.00859597809	0.0085600782	0.00864644746	1.17150906e-05	0.000248798084	0	100	0	0	3
404	58420	0	2.37744785	0.00859878212	0.00859613239	0.0085600782	0.00864644746	1.17150906e-05	0.000248798084	0	100	0	0	3
405	58423	0	2.38333262	0.00860160687	0.00859634233	0.0085600782	0.00864644746	1.17150906e-05	0.000248798084	0	100	0	0	3
406	58426	0	2.3892174	0.00860928067	0.00859660667	0.0085600782	0.00864644746	1.17150906e-05	0.000248798084	0	100	0	0	3
407	58428	0	2.39510217	0.00861999884	0.0085969629	0.0085600782	0.00864644746	1.17150906e-05	0.000248798084	0	100	0	0	3
408	58431	0	2.40098694	0.00861833133	0.00859729066	0.0085600782	0.00864644746	1.17150906e-05	0.000248798084	0	100	0	0	3
409	58433	0	2.40687171	0.00861842606	0.00859762212	0.0085600782	0.00864644746	1.17150906e-05	0.000248798084	0	100	0	0	3
410	58436	0	2.41275648	0.00862103614	0.00859798031	0.0085600782	0.00864644746	1.17150906e-05	0.000248798084	0	100	0	0	3
411	58438	0	2.41864126	0.00862477802	0.00859833102	0.0085600782	0.00864644746	1.17150906e-05	0.000248798084	0	100	0	0	3
412	58441	0	2.42452603	0.00862353778	0.0085987052	0.0085600782	0.00864644746	1.17150906e-05	0.000248798084	0	100	0	0	3
413	58443	0	2.4304108	0.00862693602	0.00859910442	0.0085600782	0.00864644746	1.17150906e-05	0.000248798084	0	100	0	0	3
414	58446	0	2.43629557	0.00863298145	0.0085995142	0.0085600782	0.00864644746	1.17150906e-05	0.000248798084	0	100	0	0	3
415	58448	0	2.44218034	0.00864116375	0.00859997754	0.0085600782	0.00864644746	1.17150906e-05	0.000248798084	0	100	0	0	3
416	58450	0	2.44806512	0.00863515597	0.00860031475	0.0085600782	0.00864644746	1.17150906e-05	0.000248798084	0	100	0	0	3
417	58453	0	2.45394989	0.0086333589	0.00860057993	0.0085600782	0.00864644746	1.17150906e-05	0.000248798084	0	100	0	0	3
418	58455	0	2.45983466	0.00863254442	0.00860082708	0.0085600782	0.00864644746	1.17150906e-05	0.000248798084	0	100	0	0	3
419	58457	0	2.46571943	0.00863899757	0.00860117014	0.0085600782	0.00864644746	1.17150906e-05	0.000248798084	0	100	0	0	3
420	58460	0	2.4716042	0.00864076245	0.00860153767	0.0085600782	0.00864644746	1.17150906e-05	0.000248798084	0	100	0	0	3
421	58463	0	2.47748898	0.00863988334	0.00860191259	0.0085600782	0.00864644746	1.17150906e-05	0.000248798084	0	100	0	0	3
422	58465	0	2.48337375	0.00863384954	0.00860232592	0.0085600782	0.00864644746	1.17150906e-05	0.000248798084	0	100	0	0	3
423	58467	0	2.48925852	0.00863207257	0.00860275068	0.0085600782	0.00864644746	1.17150906e-05	0.000248798084	0	100	0	0	3
424	58470	0	2.49514329	0.00862976237	0.00860316444	0.0085600782	0.00864644746	1.17150906e-05	0.000248798084	0	100	0	0	3
425	58473	0	2.50102806	0.00862938419	0.00860355376	0.0085600782	0.00864644746	1.17150906e-05	0.000248798084	0	100	0	0	3
426	58475	0	2.50691283	0.00862701076	0.00860387758	0.0085600782	0.00864644746	1.17150906e-05	0.000248798084	0	100	0	0	3
427	58478	0	2.51279761	0.00862012634	0.00860417788	0.0085600782	0.00864644746	1.17150906e-05	0.000248798084	0	100	0	0	3
428	58480	0	2.51868238	0.00861152584	0.00860448164	0.0085600782	0.00864644746	1.17150906e-05	0.000248798084	0	100	0	0	3
429	58483	0	2.52456715	0.00861424452	0.00860487983	0.0085600782	0.00864644746	1.17150906e-05	0.000248798084	0	100	0	0	3
430	58485	0	2.53045192	0.00861212936	0.00860532254	0.0085600782	0.00864644746	1.17150906e-05	0.000248798084	0	100	0	0	3
431	58488	0	2.53633669	0.00860993127	0.00860582848	0.0085600782	0.00864644746	1.17150906e-05	0.000248798084	0	100	0	0	3
432	58490	0	2.54222147	0.0086029727	0.00860629913	0.0085600782	0.00864644746	1.18412782e-05	0.000248798084	0	100	0	0	3
433	58493	0	2.54810624	0.0085940388	0.0086066973	0.0085600782	0.00864644746	1.22394504e-05	0.000248798084	0	100	0	0	3
434	58495	0	2.55399101	0.00858550566	0.00860699645	0.00856221886	0.00864644746	1.2538597e-05	0.000248798084	0	100	0	0	3
435	58498	0	2.55987578	0.00857968997	0.00860716374	0.00856221886	0.00864644746	1.27058891e-05	0.000248798084	0	100	0	0	3
436	58500	0	2.56576055	0.00858023876	0.00860726061	0.00856221886	0.00864644746	1.28027621e-05	0.000248798084	0	100	0	0	3
437	58503	0	2.57164533	0.00858122659	0.00860727206	0.00856221886	0.00864644746	1.27352467e-05	0.000248798084	0	100	0	0	3
438	58505	0	2.5775301	0.00857517587	0.00860713121	0.00856221886	0.00864644746	1.26826319e-05	0.000248798084	0	100	0	0	3
439	58508	0	2.58341487	0.00857453017	0.00860698088	0.00856221886	0.00864644746	1.26278965e-05	0.000248798084	0	100	0	0	3
440	58510	0	2.58929964	0.00857907734	0.00860692862	0.00856221886	0.00864644746	1.25886366e-05	0.000248798084	0	100	0	0	3
441	58513	0	2.59518441	0.0085846941	0.00860701518	0.00856221886	0.00864644746	1.24746876e-05	0.000248798084	0	100	0	0	3
442	58516	0	2.60106919	0.00858296488	0.00860705756	0.00856221886	0.00864644746	1.2292507e-05	0.000248798084	0	100	0	0	3
443	58518	0	2.60695396	0.00858373895	0.00860704358	0.00856221886	0.00864644746	1.19619204e-05	0.000248798084	0	100	0	0	3
444	58521	0	2.61283873	0.00859462058	0.00860702128	0.00856221886	0.00864644746	1.16160541e-05	0.000248798084	0	100	0	0	3
445	58523	0	2.6187235	0.00860380792	0.0086070667	0.00856221886	0.00864644746	1.14301798e-05	0.000248798084	0	100	0	0	3
446	58526	0	2.62460827	0.00860140191	0.00860702817	0.00856221886	0.00864644746	1.14301798e-05	0.000248798084	0	100	0	0	3
447	58529	0	2.63049304	0.00860788137	0.00860700178	0.00856221886	0.00864644746	1.14301798e-05	0.000248798084	0	100	0	0	3
448	58531	0	2.63637782	0.00861689284	0.00860695583	0.00856221886	0.00864644746	1.14301798e-05	0.000248798084	0	100	0	0	3
449	58534	0	2.64226259	0.00861740892	0.00860687876	0.00856221886	0.00864644746	1.14301798e-05	0.000248798084	0	100	0	0	3
450	58536	0	2.64814736	0.00861986754	0.00860684503	0.00856221886	0.00864644746	1.14301798e-05	0.000248798084	0	100	0	0	3
451	58539	0	2.65403213	0.00862927221	0.0086068856	0.00856221886	0.00864644746	1.14301798e-05	0.000248798084	0	100	0	0	3
452	58542	0	2.6599169	0.00863560827	0.00860690646	0.00856221886	0.00864644746	1.14301798e-05	0.000248798084	0	100	0	0	3
453	58544	0	2.66580168	0.00863725455	0.00860687672	0.00856221886	0.00864644746	1.14301798e-05	0.000248798084	0	100	0	0	3
454	58547	0	2.67168645	0.0086276996	0.00860665615	0.00856221886	0.0086442814	1.14301798e-05	0.000248798084	0	100	0	0	3
455	58549	0	2.67757122	0.00862480455	0.00860642701	0.00856221886	0.00864240774	1.14301798e-05	0.000248798084	0	100	0	0	3
456	58552	0	2.68345599	0.00863226909	0.00860630774	0.00856221886	0.00864116375	1.14301798e-05	0.000248798084	0	100	0	0	3
457	58554	0	2.68934076	0.00863514753	0.00860625718	0.00856221886	0.00864116375	1.14301798e-05	0.000248798084	0	100	0	0	3
458	58557	0	2.69522554	0.00863276112	0.00860626474	0.00856221886	0.00864116375	1.14301798e-05	0.000248798084	0	100	0	0	3
459	58559	0	2.70111031	0.00862457541	0.00860614657	0.00856221886	0.00864116375	1.14301798e-05	0.000248798084	0	100	0	0	3
460	58562	0	2.70699508	0.0086255948	0.00860601555	0.00856221886	0.00864116375	1.14301798e-05	0.000248798084	0	100	0	0	3
461	58564	0	2.71287985	0.00863480925	0.00860606407	0.00856221886	0.00864116375	1.14301798e-05	0.000248798084	0	100	0	0	3
462	58566	0	2.71876462	0.00863985753	0.00860617417	0.00856221886	0.00864116375	1.14301798e-05	0.000248798084	0	100	0	0	3
463	58569	0	2.7246494	0.00864106351	0.00860628292	0.00856221886	0.00864116375	1.14301798e-05	0.000248798084	0	100	0	0	3
464	58571	0	2.73053417	0.00863707085	0.00860637019	0.00856221886	0.00864116375	1.14301798e-05	0.000248798084	0	100	0	0	3
465	58574	0	2.73641894	0.00863378142	0.00860651607	0.00856221886	0.00864116375	1.14301798e-05	0.000248798084	0	100	0	0	3
466	58576	0	2.74230371	0.00863407333	0.00860685038	0.00856221886	0.00864116375	1.14301798e-05	0.000248798084	0	100	0	0	3
467	58579	0	2.74818848	0.00864143623	0.00860739973	0.00856221886	0.00864143623	1.15578435e-05	0.000248798084	0	100	0	0	3
468	58581	0	2.75407326	0.00863911952	0.0086080178	0.00856221886	0.00864143623	1.21759185e-05	0.000248798084	0	100	0	0	3
469	58584	0	2.75995803	0.00863470206	0.00860868906	0.00856221886	0.00864143623	1.28471811e-05	0.000248798084	0	100	0	0	3
470	58587	0	2.7658428	0.00862566476	0.00860931229	0.00856221886	0.00864143623	1.34704082e-05	0.000248798084	0	100	0	0	3
471	58589	0	2.77172757	0.00862826026	0.00860993772	0.00856221886	0.00864143623	1.40958376e-05	0.000248798084	0	100	0	0	3
472	58592	0	2.77761234	0.00863176624	0.0086106104	0.00856221886	0.00864143623	1.47685219e-05	0.000248798084	0	100	0	0	3
473	58594	0	2.78349711	0.00863403229	0.00861138353	0.00856221886	0.00864143623	1.55416517e-05	0.000248798084	0	100	0	0	3
474	58596	0	2.78938189	0.00863696337	0.00861225288	0.00856221886	0.00864143623	1.64109926e-05	0.000248798084	0	100	0	0	3
475	58599	0	2.79526666	0.00864711402	0.00861320546	0.00856221886	0.00864711402	1.73635726e-05	0.000248798084	0	100	0	0	3
476	58601	0	2.80115143	0.00865408678	0.00861423543	0.00856221886	0.00865408678	1.83935513e-05	0.000248798084	0	100	0	0	3
477	58603	0	2.8070362	0.00865867983	0.00861537027	0.0085643542	0.00865867983	1.95283862e-05	0.000248798084	0	100	0	0	3
478	58606	0	2.81292097	0.00865904785	0.00861647283	0.0085643542	0.00865904785	2.0630949e-05	0.000248798084	0	100	0	0	3
479	58608	0	2.81880575	0.00866081653	0.00861760768	0.00856656849	0.00866081653	2.17657999e-05	0.000248798084	0	100	0	0	3
480	58611	0	2.82469052	0.00866536205	0.00861876996	0.00856896629	0.00866536205	2.29280771e-05	0.000248798084	0	100	0	0	3
481	58613	0	2.83057529	0.00866177537	0.00861986183	0.00857427238	0.00866536205	2.40199485e-05	0.000248798084	0	100	0	0	3
482	58616	0	2.83646006	0.0086525711	0.00862078299	0.00857453017	0.00866536205	2.49411099e-05	0.000248798084	0	100	0	0	3
483	58618	0	2.84234483	0.00864111272	0.00862146345	0.00857453017	0.00866536205	2.56215633e-05	0.000248798084	0	100	0	0	3
484	58620	0	2.84822961	0.00863911551	0.00862201985	0.00857453017	0.00866536205	2.61779703e-05	0.000248798084	0	100	0	0	3
485	58623	0	2.85411438	0.00863984645	0.00862252342	0.00857453017	0.00866536205	2.66708802e-05	0.000248798084	0	100	0	0	3
486	58625	0	2.85999915	0.00863471771	0.00862296373	0.00857453017	0.00866536205	2.70778235e-05	0.000248798084	0	100	0	0	3
487	58628	0	2.86588392	0.00863370825	0.0086233994	0.00857453017	0.00866536205	2.74213137e-05	0.000248798084	0	100	0	0	3
488	58631	0	2.87176869	0.00862407809	0.0086236818	0.00857453017	0.00866536205	2.75494109e-05	0.000248798084	0	100	0	0	3
489	58633	0	2.87765347	0.008611229	0.00862382824	0.00857453017	0.00866536205	2.74859111e-05	0.000248798084	0	100	0	0	3
490	58636	0	2.88353824	0.00859384295	0.0086237369	0.00857453017	0.00866536205	2.72215685e-05	0.000248798084	0	100	0	0	3
491	58638	0	2.88942301	0.00858899753	0.00862349827	0.00857453017	0.00866536205	2.68653388e-05	0.000248798084	0	100	0	0	3
492	58641	0	2.89530778	0.00858624883	0.00862310121	0.00857453017	0.00866536205	2.65375779e-05	0.000248798084	0	100	0	0	3
493	58643	0	2.90119255	0.00857888292	0.00862263711	0.00857453017	0.00866536205	2.62061225e-05	0.000248798084	0	100	0	0	3
494	58646	0	2.90707732	0.00857186058	0.00862208928	0.00857186058	0.00866536205	2.58479249e-05	0.000248798084	0	100	0	0	3
495	58649	0	2.9129621	0.00856502032	0.00862143028	0.00856502032	0.00866536205	2.54972215e-05	0.000248798084	0	100	0	0	3
496	58651	0	2.91884687	0.00855453039	0.00862060383	0.00855453039	0.00866536205	2.51230376e-05	0.000248798084	0	100	0	0	3
497	58654	0	2.92473164	0.00853913771	0.00861961089	0.00853913771	0.00866536205	2.47238164e-05	0.000248798084	0	100	0	0	3
498	58656	0	2.93061641	0.00854062412	0.00861859546	0.00853913771	0.00866536205	2.43140351e-05	0.000248798084	0	100	0	0	3
499	58659	0	2.93650118	0.00854675067	0.00861758098	0.00853913771	0.00866536205	2.38506929e-05	0.000248798084	0	100	0	0	3
500	58661	0	2.94238596	0.00855185986	0.00861653034	0.00853913771	0.00866536205	2.35134926e-05	0.000248798084	0	100	0	0	3
501	58668	0	2.94827073	0.00856794564	0.00861573963	0.00853913771	0.00866536205	2.32483064e-05	0.000248798084	0	100	0	0	3
502	58671	0	2.9541555	0.00858554378	0.0086151771	0.00853913771	0.00866536205	2.30011621e-05	0.000248798084	0	100	0	0	3
503	58673	0	2.96004027	0.00859551286	0.00861474144	0.00853913771	0.00866536205	2.26581019e-05	0.000248798084	0	100	0	0	3
504	58676	0	2.96592504	0.00860238769	0.00861431073	0.00853913771	0.00866536205	2.22905652e-05	0.000248798084	0	100	0	0	3
505	58678	0	2.97180982	0.00861160659	0.00861396772	0.00853913771	0.00866536205	2.19156499e-05	0.000248798084	0	100	0	0	3
506	58680	0	2.97769459	0.00862131567	0.00861374928	0.00853913771	0.00866536205	2.15023138e-05	0.000248798084	0	100	0	0	3
507	58683	0	2.98357936	0.00862997656	0.00861370371	0.00853913771	0.00866536205	2.10775561e-05	0.000248798084	0	100	0	0	3
508	58685	0	2.98946413	0.00863632013	0.00861375369	0.00853913771	0.00866536205	2.06638015e-05	0.000248798084	0	100	0	0	3
509	58688	0	2.9953489	0.0086487487	0.00861397705	0.00853913771	0.00866536205	2.02744744e-05	0.000248798084	0	100	0	0	3
510	58690	0	3.00123368	0.00865606283	0.00861429092	0.00853913771	0.00866536205	1.99506616e-05	0.000248798084	0	100	0	0	3
511	58693	0	3.00711845	0.00865898357	0.00861466707	0.00853913771	0.00866536205	1.96503578e-05	0.000248798084	0	100	0	0	3
512	58695	0	3.01300322	0.00866045606	0.00861514154	0.00853913771	0.00866536205	1.93465986e-05	0.000248798084	0	100	0	0	3
513	58698	0	3.01888799	0.00866168237	0.00861573162	0.00853913771	0.00866536205	1.89484097e-05	0.000248798084	0	100	0	0	3
514	58700	0	3.02477276	0.00866665313	0.00861634819	0.00853913771	0.00866665313	1.85057004e-05	0.000248798084	0	100	0	0	3
515	58703	0	3.03065753	0.00866439086	0.00861696303	0.00853913771	0.00866665313	1.79997545e-05	0.000248798084	0	100	0	0	3
516	58705	0	3.03654231	0.00865412013	0.0086174829	0.00853913771	0.00866665313	1.78126866e-05	0.000248798084	0	100	0	0	3
517	58708	0	3.04242708	0.00864136235	0.00861793454	0.00853913771	0.00866665313	1.78126866e-05	0.000248798084	0	100	0	0	3
518	58711	0	3.04831185	0.00862602059	0.0086183108	0.00853913771	0.00866665313	1.78126866e-05	0.000248798084	0	100	0	0	3
519	58713	0	3.05419662	0.00861533656	0.00861866175	0.00853913771	0.00866665313	1.78126866e-05	0.000248798084	0	100	0	0	3
520	58716	0	3.06008139	0.00860322889	0.00861893868	0.00853913771	0.00866665313	1.78126866e-05	0.000248798084	0	100	0	0	3
521	58718	0	3.06596617	0.00859631512	0.00861912781	0.00853913771	0.00866665313	1.78126866e-05	0.000248798084	0	100	0	0	3
522	58721	0	3.07185094	0.00858416115	0.00861916234	0.00853913771	0.00866665313	1.78126866e-05	0.000248798084	0	100	0	0	3
523	58723	0	3.07773571	0.00858088513	0.0086192295	0.00853913771	0.00866665313	1.78126866e-05	0.000248798084	0	100	0	0	3
524	58726	0	3.08362048	0.00857842795	0.00861927536	0.00853913771	0.00866665313	1.78126866e-05	0.000248798084	0	100	0	0	3
525	58729	0	3.08950525	0.00857914627	0.00861927617	0.00853913771	0.00866665313	1.78126866e-05	0.000248798084	0	100	0	0	3
526	58731	0	3.09539003	0.00857660963	0.00861918106	0.00853913771	0.00866665313	1.78126866e-05	0.000248798084	0	100	0	0	3
527	58734	0	3.1012748	0.00858252346	0.00861917587	0.00853913771	0.00866665313	1.78126866e-05	0.000248798084	0	100	0	0	3
528	58736	0	3.10715957	0.00859421999	0.00861929917	0.00853913771	0.00866665313	1.78126866e-05	0.000248798084	0	100	0	0	3
529	58739	0	3.11304434	0.00861046416	0.00861948557	0.00853913771	0.00866665313	1.78126866e-05	0.000248798084	0	100	0	0	3
530	58742	0	3.11892911	0.00861767383	0.0086196487	0.00853913771	0.00866665313	1.78126866e-05	0.000248798084	0	100	0	0	3
531	58744	0	3.12481389	0.00863159745	0.00862000394	0.00853913771	0.00866665313	1.78126866e-05	0.000248798084	0	100	0	0	3
532	58747	0	3.13069866	0.00864309531	0.00862041822	0.00853913771	0.00866665313	1.78126866e-05	0.000248798084	0	100	0	0	3
533	58750	0	3.13658343	0.00865285314	0.00862084128	0.00853913771	0.00866665313	1.78126866e-05	0.000248798084	0	100	0	0	3
534	58752	0	3.1424682	0.00865597731	0.00862129503	0.00853913771	0.00866665313	1.78126866e-05	0.000248798084	0	100	0	0	3
535	58755	0	3.14835297	0.00865948587	0.00862176112	0.00853913771	0.00866665313	1.78126866e-05	0.000248798084	0	100	0	0	3
536	58757	0	3.15423775	0.00866435209	0.00862217383	0.00853913771	0.00866665313	1.78126866e-05	0.000248798084	0	100	0	0	3
537	58760	0	3.16012252	0.00867756103	0.00862266739	0.00853913771	0.00867756103	1.78126866e-05	0.000248798084	0	100	0	0	3
538	58762	0	3.16600729	0.00868336435	0.00862320986	0.00853913771	0.00868336435	1.78126866e-05	0.000248798084	0	100	0	0	3
539	58765	0	3.17189206	0.00868435441	0.00862387639	0.00853913771	0.00868435441	1.78608354e-05	0.000248798084	0	100	0	0	3
540	58768	0	3.17777683	0.00867750954	0.00862449645	0.00853913771	0.00868435441	1.84808941e-05	0.000248798084	0	100	0	0	3
541	58770	0	3.1836616	0.00867261585	0.00862497111	0.00853913771	0.00868435441	1.89555619e-05	0.000248798084	0	100	0	0	3
542	58772	0	3.18954638	0.00867340103	0.00862542115	0.00853913771	0.00868435441	1.94056031e-05	0.000248798084	0	100	0	0	3
543	58775	0	3.19543115	0.0086746065	0.00862591345	0.00853913771	0.00868435441	1.98979017e-05	0.000248798084	0	100	0	0	3
544	58777	0	3.20131592	0.00867636636	0.00862652276	0.00853913771	0.00868435441	2.05072069e-05	0.000248798084	0	100	0	0	3
545	58780	0	3.20720069	0.00866819126	0.00862702389	0.00853913771	0.00868435441	2.09598275e-05	0.000248798084	0	100	0	0	3
546	58782	0	3.21308546	0.0086567322	0.00862728181	0.00853913771	0.00868435441	2.11076439e-05	0.000248798084	0	100	0	0	3
547	58785	0	3.21897024	0.00865654078	0.00862747808	0.00853913771	0.00868435441	2.119516e-05	0.000248798084	0	100	0	0	3
548	58788	0	3.22485501	0.00865181031	0.00862760452	0.00853913771	0.00868435441	2.12343253e-05	0.000248798084	0	100	0	0	3
549	58790	0	3.23073978	0.00865434055	0.00862780769	0.00853913771	0.00868435441	2.12916219e-05	0.000248798084	0	100	0	0	3
550	58792	0	3.23662455	0.0086543587	0.00862804977	0.00853913771	0.00868435441	2.11993905e-05	0.000248798084	0	100	0	0	3
551	58795	0	3.24250932	0.00865255036	0.00862826715	0.00853913771	0.00868435441	2.08674256e-05	0.000248798084	0	100	0	0	3
552	58797	0	3.2483941	0.00864861242	0.00862835158	0.00853913771	0.00868435441	2.03337764e-05	0.000248798084	0	100	0	0	3
553	58800	0	3.25427887	0.00864615653	0.00862843437	0.00853913771	0.00868435441	1.97453023e-05	0.000248798084	0	100	0	0	3
554	58802	0	3.26016364	0.00864232975	0.0086285241	0.00853913771	0.00868435441	1.92118126e-05	0.000248798084	0	100	0	0	3
555	58805	0	3.26604841	0.0086385709	0.00862867594	0.00853913771	0.00868435441	1.87382201e-05	0.000248798084	0	100	0	0	3
556	58807	0	3.27193318	0.00863449467	0.00862874929	0.00853913771	0.00868435441	1.81388818e-05	0.000248798084	0	100	0	0	3
557	58810	0	3.27781796	0.00863343649	0.00862876894	0.00853913771	0.00868435441	1.7385402e-05	0.000248798084	0	100	0	0	3
558	58812	0	3.28370273	0.00863447846	0.00862877419	0.00853913771	0.00868435441	1.65213101e-05	0.000248798084	0	100	0	0	3
559	58815	0	3.2895875	0.00862453829	0.00862862801	0.00853913771	0.00868435441	1.55687301e-05	0.000248798084	0	100	0	0	3
560	58817	0	3.29547227	0.00861713848	0.00862827535	0.00853913771	0.00868435441	1.50704709e-05	0.000248798084	0	100	0	0	3
561	58820	0	3.30135704	0.00861262802	0.0086277876	0.00853913771	0.00868435441	1.50704709e-05	0.000248798084	0	100	0	0	3
562	58822	0	3.30724181	0.00860616563	0.00862716979	0.00853913771	0.00868435441	1.50704709e-05	0.000248798084	0	100	0	0	3
563	58825	0	3.31312659	0.00860682564	0.00862655541	0.00853913771	0.00868435441	1.50704709e-05	0.000248798084	0	100	0	0	3
564	58828	0	3.31901136	0.00860540131	0.00862590347	0.00853913771	0.00868435441	1.50704709e-05	0.000248798084	0	100	0	0	3
565	58830	0	3.32489613	0.00860700235	0.00862521688	0.00853913771	0.00868435441	1.50704709e-05	0.000248798084	0	100	0	0	3
566	58833	0	3.3307809	0.00860645518	0.00862456606	0.00853913771	0.00868435441	1.50704709e-05	0.000248798084	0	100	0	0	3
567	58835	0	3.33666567	0.00861000938	0.00862406533	0.00853913771	0.00868435441	1.50704709e-05	0.000248798084	0	100	0	0	3
568	58838	0	3.34255045	0.00860962339	0.00862369487	0.00853913771	0.00868435441	1.50704709e-05	0.000248798084	0	100	0	0	3
569	58840	0	3.34843522	0.00861823425	0.00862344921	0.00853913771	0.00868435441	1.50704709e-05	0.000248798084	0	100	0	0	3
570	58843	0	3.35431999	0.00862012099	0.00862321714	0.00853913771	0.00868435441	1.50704709e-05	0.000248798084	0	100	0	0	3
571	58846	0	3.36020476	0.00862157609	0.00862306254	0.00853913771	0.00868435441	1.50704709e-05	0.000248798084	0	100	0	0	3
572	58848	0	3.36608953	0.00861714443	0.00862286767	0.00853913771	0.00868435441	1.50704709e-05	0.000248798084	0	100	0	0	3
573	58851	0	3.37197431	0.00861061343	0.00862270926	0.00853913771	0.00868435441	1.50704709e-05	0.000248798084	0	100	0	0	3
574	58853	0	3.37785908	0.0086064598	0.00862265315	0.00853913771	0.00868435441	1.50704709e-05	0.000248798084	0	100	0	0	3
575	58856	0	3.38374385	0.00860383785	0.00862277074	0.00853913771	0.00868435441	1.50704709e-05	0.000248798084	0	100	0	0	3
576	58858	0	3.38962862	0.00859959872	0.00862289546	0.00853913771	0.00868435441	1.50704709e-05	0.000248798084	0	100	0	0	3
577	58861	0	3.39551339	0.00860202436	0.00862308105	0.00853913771	0.00868435441	1.50704709e-05	0.000248798084	0	100	0	0	3
578	58864	0	3.40139817	0.008599165	0.00862331966	0.00853913771	0.00868435441	1.50704709e-05	0.000248798084	0	100	0	0	3
579	58866	0	3.40728294	0.00859371762	0.00862357681	0.00853913771	0.00868435441	1.50704709e-05	0.000248798084	0	100	0	0	3
580	58869	0	3.41316771	0.00859357632	0.00862391276	0.00853913771	0.00868435441	1.50704709e-05	0.000248798084	0	100	0	0	3
581	58871	0	3.41905248	0.00859108352	0.0086243428	0.00853913771	0.00868435441	1.50704709e-05	0.000248798084	0	100	0	0	3
582	58874	0	3.42493725	0.00857572243	0.0086247732	0.00854062412	0.00868435441	1.50704709e-05	0.000248798084	0	100	0	0	3
583	58877	0	3.43082202	0.00856587814	0.00862507031	0.00854675067	0.00868435441	1.50704709e-05	0.000248798084	0	100	0	0	3
584	58879	0	3.4367068	0.00857327165	0.00862538232	0.00855185986	0.00868435441	1.50704709e-05	0.000248798084	0	100	0	0	3
585	58881	0	3.44259157	0.00858124949	0.00862572808	0.00856587814	0.00868435441	1.50704709e-05	0.000248798084	0	100	0	0	3
586	58884	0	3.44847634	0.00857869845	0.00862585459	0.00856587814	0.00868435441	1.50704709e-05	0.000248798084	0	100	0	0	3
587	58886	0	3.45436111	0.00857185799	0.00862569358	0.00856587814	0.00868435441	1.50704709e-05	0.000248798084	0	100	0	0	3
588	58889	0	3.46024588	0.00857008487	0.00862539442	0.00856587814	0.00868435441	1.50704709e-05	0.000248798084	0	100	0	0	3
589	58891	0	3.46613066	0.00857673689	0.00862509265	0.00856587814	0.00868435441	1.50704709e-05	0.000248798084	0	100	0	0	3
590	58893	0	3.47201543	0.00858291161	0.00862475506	0.00856587814	0.00868435441	1.50704709e-05	0.000248798084	0	100	0	0	3
591	58896	0	3.4779002	0.00858818012	0.00862436523	0.00856587814	0.00868435441	1.50704709e-05	0.000248798084	0	100	0	0	3
592	58898	0	3.48378497	0.00859412456	0.00862394344	0.00856587814	0.00868435441	1.50204996e-05	0.000248798084	0	100	0	0	3
593	58901	0	3.48966974	0.00860644201	0.00862359194	0.00856587814	0.00868435441	1.4797131e-05	0.000248798084	0	100	0	0	3
594	58904	0	3.49555452	0.00861498177	0.00862319468	0.00856587814	0.00868435441	1.44832646e-05	0.000248798084	0	100	0	0	3
595	58906	0	3.50143929	0.00862153409	0.00862278846	0.00856587814	0.00868435441	1.41071139e-05	0.000248798084	0	100	0	0	3
596	58909	0	3.50732406	0.00862250426	0.00862235929	0.00856587814	0.00868435441	1.36326466e-05	0.000248798084	0	100	0	0	3
597	58911	0	3.51320883	0.00862767484	0.00862197363	0.00856587814	0.00868435441	1.30425697e-05	0.000248798084	0	100	0	0	3
598	58914	0	3.5190936	0.00863704352	0.00862168376	0.00856587814	0.00868435441	1.24259977e-05	0.000248798084	0	100	0	0	3
599	58916	0	3.52497838	0.00864585281	0.00862143905	0.00856587814	0.00868435441	1.18111566e-05	0.000248798084	0	100	0	0	3
600	58919	0	3.53086315	0.00864860132	0.00862125329	0.00856587814	0.00868435441	1.12912876e-05	0.000248798084	0	100	0	0	3
601	58926	0	3.53674792	0.00864408064	0.00862113518	0.00856587814	0.00868435441	1.08396447e-05	0.000248798084	0	100	0	0	3
602	58928	0	3.54263269	0.00864035025	0.00862112327	0.00856587814	0.00868435441	1.04633883e-05	0.000248798084	0	100	0	0	3
603	58931	0	3.54851746	0.00864270609	0.00862131957	0.00856587814	0.00868435441	1.01124365e-05	0.000248798084	0	100	0	0	3
604	58933	0	3.55440224	0.00864080349	0.00862161918	0.00856587814	0.00868435441	9.8355081e-06	0.000248798084	0	100	0	0	3
605	58936	0	3.56028701	0.00863696608	0.00862201609	0.00856587814	0.00868435441	9.64637445e-06	0.000248798084	0	100	0	0	3
606	58938	0	3.56617178	0.00863297204	0.00862244735	0.00856587814	0.00868435441	9.61185026e-06	0.000248798084	0	100	0	0	3
607	58941	0	3.57205655	0.00863755002	0.00862307545	0.00856587814	0.00868435441	9.59831992e-06	0.000248798084	0	100	0	0	3
608	58943	0	3.57794132	0.00863651661	0.00862372994	0.00856587814	0.00868435441	9.59831992e-06	0.000248798084	0	100	0	0	3
609	58946	0	3.58382609	0.00863070046	0.00862434491	0.00856587814	0.00868435441	9.59831992e-06	0.000248798084	0	100	0	0	3
610	58949	0	3.58971087	0.00862554463	0.00862489077	0.00856587814	0.00868435441	9.59831992e-06	0.000248798084	0	100	0	0	3
611	58951	0	3.59559564	0.00862612555	0.00862547332	0.00856587814	0.00868435441	9.59831992e-06	0.000248798084	0	100	0	0	3
612	58954	0	3.60148041	0.00862267846	0.00862594573	0.00856587814	0.00868435441	9.47501358e-06	0.000248798084	0	100	0	0	3
613	58956	0	3.60736518	0.00862201203	0.00862627269	0.00856587814	0.00868435441	9.28861856e-06	0.000248798084	0	100	0	0	3
614	58959	0	3.61324995	0.0086211216	0.00862639807	0.00856587814	0.00868435441	9.1254902e-06	0.000248798084	0	100	0	0	3
615	58961	0	3.61913473	0.00862303862	0.00862646119	0.00856587814	0.00868435441	8.77024847e-06	0.000248798084	0	100	0	0	3
616	58964	0	3.6250195	0.00861522743	0.0086262686	0.00856587814	0.00868435441	8.3559668e-06	0.000248798084	0	100	0	0	3
617	58966	0	3.63090427	0.00861514582	0.00862593978	0.00856587814	0.00868435441	7.93290452e-06	0.000248798084	0	100	0	0	3
618	58969	0	3.63678904	0.00861385591	0.00862548099	0.00856587814	0.00868435441	7.65091358e-06	0.000248798084	0	100	0	0	3
619	58971	0	3.64267381	0.00862116213	0.0086250714	0.00856587814	0.00868435441	7.65091358e-06	0.000248798084	0	100	0	0	3
620	58974	0	3.64855859	0.00862133821	0.00862462261	0.00856587814	0.00868435441	7.65091358e-06	0.000248798084	0	100	0	0	3
621	58976	0	3.65444336	0.00861377254	0.00862402755	0.00856587814	0.00868435441	7.65091358e-06	0.000248798084	0	100	0	0	3
622	58979	0	3.66032813	0.00861565606	0.00862329926	0.00856587814	0.00868435441	7.65091358e-06	0.000248798084	0	100	0	0	3
623	58981	0	3.6662129	0.00861433516	0.00862248715	0.00856587814	0.00868435441	7.65091358e-06	0.000248798084	0	100	0	0	3
624	58984	0	3.67209767	0.0086110724	0.00862162501	0.00856587814	0.00867750954	7.65091358e-06	0.000248798084	0	100	0	0	3
625	58986	0	3.67798245	0.00860043773	0.00862071828	0.00856587814	0.00867636636	8.05590362e-06	0.000248798084	0	100	0	0	3
626	58988	0	3.68386722	0.00859276914	0.00861977891	0.00856587814	0.00867636636	8.99527663e-06	0.000248798084	0	100	0	0	3
627	58991	0	3.68975199	0.0085872097	0.00861876489	0.00856587814	0.00867636636	1.00092923e-05	0.000248798084	0	100	0	0	3
628	58993	0	3.69563676	0.00858258653	0.00861768231	0.00856587814	0.00867636636	1.10918801e-05	0.000248798084	0	100	0	0	3
629	58995	0	3.70152153	0.00858241036	0.00861657694	0.00856587814	0.00866819126	1.21972448e-05	0.000248798084	0	100	0	0	3
630	58998	0	3.7074063	0.00858369895	0.00861558291	0.00856587814	0.0086567322	1.31912721e-05	0.000248798084	0	100	0	0	3
631	59000	0	3.71329108	0.0085807256	0.00861468872	0.00856587814	0.00865654078	1.40854674e-05	0.000248798084	0	100	0	0	3
632	59003	0	3.71917585	0.00856929379	0.00861366228	0.00856587814	0.0086543587	1.51119026e-05	0.000248798084	0	100	0	0	3
633	59005	0	3.72506062	0.00855696992	0.00861254651	0.00855696992	0.0086543587	1.62276718e-05	0.000248798084	0	100	0	0	3
634	59008	0	3.73094539	0.00854613336	0.00861127349	0.00854613336	0.0086543587	1.75006976e-05	0.000248798084	0	100	0	0	3
635	59011	0	3.73683016	0.0085314562	0.00860982758	0.0085314562	0.00865255036	1.89466094e-05	0.000248798084	0	100	0	0	3
636	59013	0	3.74271494	0.00852306235	0.00860830419	0.00852306235	0.00864861242	2.04699978e-05	0.000248798084	0	100	0	0	3
637	59016	0	3.74859971	0.0085193416	0.00860678335	0.0085193416	0.00864860132	2.1990831e-05	0.000248798084	0	100	0	0	3
638	59018	0	3.75448448	0.00851641241	0.00860525695	0.00851641241	0.00864860132	2.35172324e-05	0.000248798084	0	100	0	0	3
639	59021	0	3.76036925	0.00851256471	0.00860373031	0.00851256471	0.00864860132	2.50438799e-05	0.000248798084	0	100	0	0	3
640	59023	0	3.76625402	0.00850841854	0.0086021991	0.00850841854	0.00864860132	2.65750841e-05	0.000248798084	0	100	0	0	3
641	59026	0	3.7721388	0.0085150976	0.00860079443	0.00850841854	0.00864860132	2.79797556e-05	0.000248798084	0	100	0	0	3
642	59028	0	3.77802357	0.00853147263	0.00859959486	0.00850841854	0.00864860132	2.91793303e-05	0.000248798084	0	100	0	0	3
643	59031	0	3.78390834	0.0085477054	0.008598574	0.00850841854	0.00864860132	3.00540125e-05	0.000248798084	0	100	0	0	3
644	59034	0	3.78979311	0.00855301368	0.00859773253	0.00850841854	0.00864860132	3.05428251e-05	0.000248798084	0	100	0	0	3
645	59036	0	3.79567788	0.00855837572	0.0085970412	0.00850841854	0.00864860132	3.07464015e-05	0.000248798084	0	100	0	0	3
646	59039	0	3.80156266	0.00857199141	0.00859656313	0.00850841854	0.00864860132	3.06066652e-05	0.000248798084	0	100	0	0	3
647	59041	0	3.80744743	0.00859105658	0.00859638537	0.00850841854	0.00864860132	3.01700398e-05	0.000248798084	0	100	0	0	3
648	59044	0	3.8133322	0.0086058706	0.00859637414	0.00850841854	0.00864860132	3.0087053e-05	0.000248798084	0	100	0	0	3
649	59046	0	3.81921697	0.00861569187	0.0085964952	0.00850841854	0.00864860132	3.0087053e-05	0.000248798084	0	100	0	0	3
650	59049	0	3.82510174	0.00862786407	0.00859674063	0.00850841854	0.00864860132	3.0087053e-05	0.000248798084	0	100	0	0	3
651	59052	0	3.83098651	0.00863601243	0.00859708837	0.00850841854	0.00864860132	3.0087053e-05	0.000248798084	0	100	0	0	3
652	59054	0	3.83687129	0.00863659995	0.0085974012	0.00850841854	0.00864860132	3.0087053e-05	0.000248798084	0	100	0	0	3
653	59057	0	3.84275606	0.00864189544	0.00859778087	0.00850841854	0.00864860132	3.0087053e-05	0.000248798084	0	100	0	0	3
654	59059	0	3.84864083	0.00865021078	0.00859815706	0.00850841854	0.00865021078	3.0087053e-05	0.000248798084	0	100	0	0	3
655	59062	0	3.8545256	0.0086531249	0.00859854534	0.00850841854	0.0086531249	3.0087053e-05	0.000248798084	0	100	0	0	3
656	59064	0	3.86041037	0.008646291	0.00859883611	0.00850841854	0.0086531249	3.0087053e-05	0.000248798084	0	100	0	0	3
657	59067	0	3.86629515	0.00864767684	0.00859919531	0.00850841854	0.0086531249	3.0087053e-05	0.000248798084	0	100	0	0	3
658	59069	0	3.87217992	0.00864857956	0.00859964197	0.00850841854	0.0086531249	3.0087053e-05	0.000248798084	0	100	0	0	3
659	59072	0	3.87806469	0.00864240965	0.00860006491	0.00850841854	0.0086531249	3.0087053e-05	0.000248798084	0	100	0	0	3
660	59075	0	3.88394946	0.00863522986	0.00860043423	0.00850841854	0.0086531249	3.0087053e-05	0.000248798084	0	100	0	0	3
661	59077	0	3.88983423	0.00863938764	0.00860090233	0.00850841854	0.0086531249	3.0087053e-05	0.000248798084	0	100	0	0	3
662	59080	0	3.89571901	0.00863897587	0.00860133706	0.00850841854	0.0086531249	3.0087053e-05	0.000248798084	0	100	0	0	3
663	59082	0	3.90160378	0.00862951044	0.00860169406	0.00850841854	0.0086531249	3.0087053e-05	0.000248798084	0	100	0	0	3
664	59085	0	3.90748855	0.00861965964	0.00860199926	0.00850841854	0.0086531249	3.0087053e-05	0.000248798084	0	100	0	0	3
665	59088	0	3.91337332	0.00860812627	0.00860217044	0.00850841854	0.0086531249	3.0087053e-05	0.000248798084	0	100	0	0	3
666	59090	0	3.91925809	0.00860021173	0.00860227783	0.00850841854	0.0086531249	3.0087053e-05	0.000248798084	0	100	0	0	3
667	59093	0	3.92514287	0.00859480299	0.00860250231	0.00850841854	0.0086531249	3.0087053e-05	0.000248798084	0	100	0	0	3
668	59095	0	3.93102764	0.00858945321	0.00860277966	0.00850841854	0.0086531249	3.0087053e-05	0.000248798084	0	100	0	0	3
669	59098	0	3.93691241	0.0085893813	0.00860296919	0.00850841854	0.0086531249	3.0087053e-05	0.000248798084	0	100	0	0	3
670	59100	0	3.94279718	0.00858646626	0.00860303056	0.00850841854	0.0086531249	3.0087053e-05	0.000248798084	0	100	0	0	3
671	59103	0	3.94868195	0.00858472528	0.00860310146	0.00850841854	0.0086531249	3.0087053e-05	0.000248798084	0	100	0	0	3
672	59105	0	3.95456673	0.00858724236	0.00860328246	0.00850841854	0.0086531249	3.0087053e-05	0.000248798084	0	100	0	0	3
673	59108	0	3.9604515	0.0085843798	0.00860345063	0.00850841854	0.0086531249	3.0087053e-05	0.000248798084	0	100	0	0	3
674	59111	0	3.96633627	0.0085867186	0.00860356806	0.00850841854	0.0086531249	3.0087053e-05	0.000248798084	0	100	0	0	3
675	59113	0	3.97222104	0.00859555412	0.0086037168	0.00850841854	0.0086531249	3.0087053e-05	0.000248798084	0	100	0	0	3
676	59116	0	3.97810581	0.00859582741	0.00860380677	0.00850841854	0.0086531249	3.0087053e-05	0.000248798084	0	100	0	0	3
677	59118	0	3.98399058	0.00859093239	0.00860376921	0.00850841854	0.0086531249	3.0087053e-05	0.000248798084	0	100	0	0	3
678	59121	0	3.98987536	0.00859196061	0.00860359884	0.00850841854	0.0086531249	3.0087053e-05	0.000248798084	0	100	0	0	3
679	59124	0	3.99576013	0.00859075213	0.00860331379	0.00850841854	0.0086531249	3.0087053e-05	0.000248798084	0	100	0	0	3
680	59127	0	4.0016449	0.00858940224	0.00860293577	0.00850841854	0.0086531249	3.0087053e-05	0.000248798084	0	100	0	0	3
