Iteration	CPUTime	PhysTime	Travels	Value	AvValue	MinValue	MaxValue	Delta	Criteria	Progress	CriteriaType	CriteriaVarType	CriteriaPercentage
1	14	0	0.00588477191	8.74458983e-05	8.74458983e-05	8.74458983e-05	8.74458983e-05	0	0	0	0	0	0	3
2	18	0	0.0117695438	0.000542982004	0.000315213951	8.74458983e-05	0.000542982004	0.000227768053	0	0	0	0	0	3
3	20	0	0.0176543157	9.49384211e-05	0.000241788774	8.74458983e-05	0.000542982004	0.000227768053	0	0	0	0	0	3
4	23	0	0.0235390876	0.00268903935	0.000853601419	8.74458983e-05	0.00268903935	0.000766155521	0	0	0	0	0	3
5	26	0	0.0294238596	0.00319072058	0.00132102525	8.74458983e-05	0.00319072058	0.00123357935	0	0	0	0	0	3
6	28	0	0.0353086315	0.00327778101	0.00164715121	8.74458983e-05	0.00327778101	0.00155970531	0	0	0	0	0	3
7	30	0	0.0411934034	0.00391123047	0.0019705911	8.74458983e-05	0.00391123047	0.00188314521	0	0	0	0	0	3
8	33	0	0.0470781753	0.00372317193	0.00218966371	8.74458983e-05	0.00391123047	0.00210221781	0	0	0	0	0	3
9	35	0	0.0529629472	0.00425915086	0.00241960672	8.74458983e-05	0.00425915086	0.00233216083	0	0	0	0	0	3
10	37	0	0.0588477191	0.00404647359	0.00258229341	8.74458983e-05	0.00425915086	0.00249484751	0	0	0	0	0	3
11	39	0	0.064732491	0.00413404281	0.00272336154	8.74458983e-05	0.00425915086	0.00263591564	0	0	0	0	0	3
12	41	0	0.0706172629	0.00391926944	0.00282302053	8.74458983e-05	0.00425915086	0.00273557463	0	0	0	0	0	3
13	44	0	0.0765020349	0.00438616628	0.00294326251	8.74458983e-05	0.00438616628	0.00285581661	0	0	0	0	0	3
14	46	0	0.0823868068	0.00425442625	0.00303691706	8.74458983e-05	0.00438616628	0.00294947117	0	0	0	0	0	3
15	48	0	0.0882715787	0.00459192642	0.00314058435	8.74458983e-05	0.00459192642	0.00305313846	0	0	0	0	0	3
16	50	0	0.0941563506	0.00474434168	0.00324081919	8.74458983e-05	0.00474434168	0.00315337329	0	0	0	0	0	3
17	52	0	0.100041123	0.00510066425	0.00335022184	8.74458983e-05	0.00510066425	0.00326277594	0	0	0	0	0	3
18	55	0	0.105925894	0.00504646494	0.00344445757	8.74458983e-05	0.00510066425	0.00335701167	0	0	0	0	0	3
19	57	0	0.111810666	0.00543339702	0.00354913859	8.74458983e-05	0.00543339702	0.00346169269	0	0	0	0	0	3
20	59	0	0.117695438	0.00527034506	0.00363519891	8.74458983e-05	0.00543339702	0.00354775301	0	0	0	0	0	3
21	62	0	0.12358021	0.00687496962	0.00378947371	8.74458983e-05	0.00687496962	0.00370202781	0	0	0	0	0	3
22	64	0	0.129464982	0.00644000661	0.00390995248	8.74458983e-05	0.00687496962	0.00382250658	0	0	0	0	0	3
23	66	0	0.135349754	0.0071509082	0.0040508636	8.74458983e-05	0.0071509082	0.0039634177	0	0	0	0	0	3
24	69	0	0.141234526	0.00672129295	0.00416213148	8.74458983e-05	0.0071509082	0.00407468559	0	0	0	0	0	3
25	71	0	0.147119298	0.00726296065	0.00428616465	8.74458983e-05	0.00726296065	0.00419871875	0	0	0	0	0	3
26	73	0	0.15300407	0.00779926213	0.00442128379	8.74458983e-05	0.00779926213	0.00433383789	0	0	0	0	0	3
27	76	0	0.158888842	0.00820046689	0.00456125353	8.74458983e-05	0.00820046689	0.00447380763	0	0	0	0	0	3
28	78	0	0.164773614	0.0081597862	0.00468977255	8.74458983e-05	0.00820046689	0.00460232666	0	0	0	0	0	3
29	80	0	0.170658385	0.00836733252	0.00481658497	8.74458983e-05	0.00836733252	0.00472913907	0	0	0	0	0	3
30	82	0	0.176543157	0.00846147245	0.00493808122	8.74458983e-05	0.00846147245	0.00485063532	0	0	0	0	0	3
31	85	0	0.182427929	0.0112086426	0.00514035739	8.74458983e-05	0.0112086426	0.00505291149	0	0	0	0	0	3
32	87	0	0.188312701	0.0111953322	0.00532957535	8.74458983e-05	0.0112086426	0.00524212946	0	0	0	0	0	3
33	89	0	0.194197473	0.0113378593	0.00551164456	8.74458983e-05	0.0113378593	0.00542419866	0	0	0	0	0	3
34	92	0	0.200082245	0.0114322067	0.00568577874	8.74458983e-05	0.0114322067	0.00559833285	0	0	0	0	0	3
35	94	0	0.205967017	0.0114783716	0.0058512814	8.74458983e-05	0.0114783716	0.0057638355	0	0	0	0	0	3
36	96	0	0.211851789	0.0128237964	0.00604496237	8.74458983e-05	0.0128237964	0.00595751647	0	0	0	0	0	3
37	99	0	0.217736561	0.0129067158	0.00623041516	8.74458983e-05	0.0129067158	0.00614296927	0	0	0	0	0	3
38	101	0	0.223621333	0.0129169523	0.00640637667	8.74458983e-05	0.0129169523	0.00631893077	0	0	0	0	0	3
39	104	0	0.229506105	0.0130446382	0.0065765885	8.74458983e-05	0.0130446382	0.0064891426	0	0	0	0	0	3
40	106	0	0.235390876	0.0129930579	0.00673700023	8.74458983e-05	0.0130446382	0.00664955434	0	0	0	0	0	3
41	109	0	0.241275648	0.0140294189	0.0069148641	8.74458983e-05	0.0140294189	0.0068274182	0	0	0	0	0	3
42	111	0	0.24716042	0.0140662009	0.00708513403	8.74458983e-05	0.0140662009	0.00699768813	0	0	0	0	0	3
43	114	0	0.253045192	0.0141267489	0.00724889251	8.74458983e-05	0.0141267489	0.00716144662	0	0	0	0	0	3
44	116	0	0.258929964	0.0141543036	0.00740583368	8.74458983e-05	0.0141543036	0.00731838778	0	0	0	0	0	3
45	119	0	0.264814736	0.0141939644	0.00755668103	8.74458983e-05	0.0141939644	0.00746923513	0	0	0	0	0	3
46	121	0	0.270699508	0.0144848774	0.00770729399	8.74458983e-05	0.0144848774	0.00761984809	0	0	0	0	0	3
47	124	0	0.27658428	0.0145612834	0.00785312355	8.74458983e-05	0.0145612834	0.00776567765	0	0	0	0	0	3
48	127	0	0.282469052	0.0146323844	0.00799435815	8.74458983e-05	0.0146323844	0.00790691225	0	0	0	0	0	3
49	129	0	0.288353824	0.0147428807	0.0081320831	8.74458983e-05	0.0147428807	0.0080446372	0	0	0	0	0	3
50	132	0	0.294238596	0.0148094988	0.00826563142	8.74458983e-05	0.0148094988	0.00817818552	0	0	0	0	0	3
51	134	0	0.300123368	0.0149083394	0.00839588059	8.74458983e-05	0.0149083394	0.00830843469	0	0	0	0	0	3
52	136	0	0.306008139	0.0148432377	0.00851986823	8.74458983e-05	0.0149083394	0.00843242233	0	0	0	0	0	3
53	139	0	0.311892911	0.0149196147	0.00864061816	8.74458983e-05	0.0149196147	0.00855317226	0	0	0	0	0	3
54	141	0	0.317777683	0.0149908303	0.00875821468	8.74458983e-05	0.0149908303	0.00867076878	0	0	0	0	0	3
55	144	0	0.323662455	0.0149177854	0.00887020688	8.74458983e-05	0.0149908303	0.00878276098	0	0	0	0	0	3
56	146	0	0.329547227	0.015008555	0.00897982024	8.74458983e-05	0.015008555	0.00889237434	0	0	0	0	0	3
57	148	0	0.335431999	0.0149544374	0.00908463808	8.74458983e-05	0.015008555	0.00899719218	0	0	0	0	0	3
58	151	0	0.341316771	0.0149451017	0.00918568056	8.74458983e-05	0.015008555	0.00909823466	0	0	0	0	0	3
59	153	0	0.347201543	0.0149106302	0.0092827136	8.74458983e-05	0.015008555	0.0091952677	0	0	0	0	0	3
60	156	0	0.353086315	0.0148738366	0.00937589899	8.74458983e-05	0.015008555	0.00928845309	0	0	0	0	0	3
61	159	0	0.358971087	0.0149148501	0.00946670146	8.74458983e-05	0.015008555	0.00937925556	0	0	0	0	0	3
62	161	0	0.364855859	0.0149791358	0.00955561169	8.74458983e-05	0.015008555	0.0094681658	0	0	0	0	0	3
63	164	0	0.37074063	0.0150039603	0.00964209342	8.74458983e-05	0.015008555	0.00955464752	0	0	0	0	0	3
64	166	0	0.376625402	0.0150864112	0.00972716088	8.74458983e-05	0.0150864112	0.00963971498	0	0	0	0	0	3
65	169	0	0.382510174	0.015051915	0.00980908018	8.74458983e-05	0.0150864112	0.00972163428	0	0	0	0	0	3
66	172	0	0.388394946	0.015102257	0.00988927983	8.74458983e-05	0.015102257	0.00980183393	0	0	0	0	0	3
67	174	0	0.394279718	0.0151414935	0.00996767108	8.74458983e-05	0.0151414935	0.00988022518	0	0	0	0	0	3
68	177	0	0.40016449	0.0151160788	0.010043383	8.74458983e-05	0.0151414935	0.00995593706	0	0	0	0	0	3
69	179	0	0.406049262	0.0151237422	0.0101170113	8.74458983e-05	0.0151414935	0.0100295655	0	0	0	0	0	3
70	181	0	0.411934034	0.0151430397	0.0101888118	8.74458983e-05	0.0151430397	0.0101013659	0	0	0	0	0	3
71	184	0	0.417818806	0.0150612974	0.0102574383	8.74458983e-05	0.0151430397	0.0101699924	0	0	0	0	0	3
72	187	0	0.423703578	0.0151057551	0.010324776	8.74458983e-05	0.0151430397	0.0102373301	0	0	0	0	0	3
73	189	0	0.42958835	0.0151965325	0.0103915124	8.74458983e-05	0.0151965325	0.0103040665	0	0	0	0	0	3
74	192	0	0.435473122	0.0152377721	0.0104570024	8.74458983e-05	0.0152377721	0.0103695565	0	0	0	0	0	3
75	194	0	0.441357893	0.0151868609	0.0105200672	8.74458983e-05	0.0152377721	0.0104326213	0	0	0	0	0	3
76	197	0	0.447242665	0.0151321142	0.010580752	8.74458983e-05	0.0152377721	0.0104933061	0	0	0	0	0	3
77	199	0	0.453127437	0.0151420383	0.0106399895	8.74458983e-05	0.0152377721	0.0105525436	0	0	0	0	0	3
78	202	0	0.459012209	0.0152796349	0.0106994722	8.74458983e-05	0.0152796349	0.0106120263	0	0	0	0	0	3
79	204	0	0.464896981	0.0152612389	0.010757216	8.74458983e-05	0.0152796349	0.0106697701	0	0	0	0	0	3
80	207	0	0.470781753	0.0152189467	0.0108129877	8.74458983e-05	0.0152796349	0.0107255418	0	0	0	0	0	3
81	209	0	0.476666525	0.0151054581	0.0108659811	8.74458983e-05	0.0152796349	0.0107785352	0	0	0	0	0	3
82	211	0	0.482551297	0.0151182868	0.0109178385	8.74458983e-05	0.0152796349	0.0108303926	0	0	0	0	0	3
83	214	0	0.488436069	0.0150890109	0.0109680936	8.74458983e-05	0.0152796349	0.0108806477	0	0	0	0	0	3
84	216	0	0.494320841	0.0151190335	0.0110175096	8.74458983e-05	0.0152796349	0.0109300637	0	0	0	0	0	3
85	219	0	0.500205613	0.0151003432	0.0110655429	8.74458983e-05	0.0152796349	0.010978097	0	0	0	0	0	3
86	221	0	0.506090384	0.0150882358	0.0112420228	9.49384211e-05	0.0152796349	0.011000234	0	0	0	0	0	3
87	224	0	0.511975156	0.0151472164	0.0114138373	9.49384211e-05	0.0152796349	0.0111720485	0	0	0	0	0	3
88	226	0	0.517859928	0.0151452409	0.0115908997	0.00268903935	0.0152796349	0.0107372983	0	0	0	0	0	3
89	229	0	0.5237447	0.0150969266	0.0117368748	0.00319072058	0.0152796349	0.0104158496	0	0	0	0	0	3
90	231	0	0.529629472	0.0150668352	0.0118765938	0.00327778101	0.0152796349	0.0102294426	0	0	0	0	0	3
91	234	0	0.535514244	0.0151433903	0.0120161892	0.00372317193	0.0152796349	0.0100455981	0	0	0	0	0	3
92	236	0	0.541399016	0.0150852882	0.0121476487	0.00372317193	0.0152796349	0.00995798502	0	0	0	0	0	3
93	239	0	0.547283788	0.015004312	0.012280368	0.00391926944	0.0152796349	0.0098607613	0	0	0	0	0	3
94	241	0	0.55316856	0.0149734882	0.0124064191	0.00391926944	0.0152796349	0.00982412564	0	0	0	0	0	3
95	244	0	0.559053332	0.014972676	0.0125349626	0.00391926944	0.0152796349	0.00981160107	0	0	0	0	0	3
96	246	0	0.564938104	0.0150688908	0.0126636079	0.00391926944	0.0152796349	0.00984058735	0	0	0	0	0	3
97	249	0	0.570822876	0.0150519165	0.0127945802	0.00425442625	0.0152796349	0.00985131769	0	0	0	0	0	3
98	251	0	0.576707647	0.0151415511	0.0129211141	0.00425442625	0.0152796349	0.00988419707	0	0	0	0	0	3
99	254	0	0.582592419	0.0151170032	0.0130489092	0.00459192642	0.0152796349	0.00990832481	0	0	0	0	0	3
100	257	0	0.588477191	0.0151694979	0.0131733512	0.00474434168	0.0152796349	0.00993253199	0	0	0	0	0	3
101	264	0	0.594361963	0.015089468	0.0132950585	0.00504646494	0.0152796349	0.00994483671	0	0	0	0	0	3
102	266	0	0.600246735	0.0150490947	0.0134120989	0.00504646494	0.0152796349	0.00996764134	0	0	0	0	0	3
103	268	0	0.606131507	0.0149696682	0.0135288425	0.00527034506	0.0152796349	0.00997970388	0	0	0	0	0	3
104	271	0	0.612016279	0.0149137668	0.0136403762	0.00527034506	0.0152796349	0.0100051773	0	0	0	0	0	3
105	273	0	0.617901051	0.0148564577	0.013753154	0.00644000661	0.0152796349	0.00883962833	0	0	0	0	0	3
106	275	0	0.623785823	0.0149610031	0.0138482838	0.00644000661	0.0152796349	0.00883962833	0	0	0	0	0	3
107	278	0	0.629670595	0.0149709791	0.0139486482	0.00672129295	0.0152796349	0.00855834199	0	0	0	0	0	3
108	280	0	0.635555367	0.0150021618	0.0140410159	0.00672129295	0.0152796349	0.00855834199	0	0	0	0	0	3
109	283	0	0.641440138	0.015019192	0.0141386382	0.00726296065	0.0152796349	0.00801667428	0	0	0	0	0	3
110	285	0	0.64732491	0.0149981625	0.0142296406	0.00779926213	0.0152796349	0.0074803728	0	0	0	0	0	3
111	287	0	0.653209682	0.0150375688	0.0143147972	0.0081597862	0.0152796349	0.00711984873	0	0	0	0	0	3
112	290	0	0.659094454	0.0150518469	0.0143954016	0.0081597862	0.0152796349	0.00711984873	0	0	0	0	0	3
113	292	0	0.664979226	0.0150792676	0.0144768073	0.00836733252	0.0152796349	0.00691230241	0	0	0	0	0	3
114	295	0	0.670863998	0.0151124362	0.0145561615	0.00846147245	0.0152796349	0.00681816248	0	0	0	0	0	3
115	297	0	0.67674877	0.0150790363	0.0146340152	0.0111953322	0.0152796349	0.00408430274	0	0	0	0	0	3
116	300	0	0.682633542	0.0149768174	0.0146783466	0.0111953322	0.0152796349	0.00408430274	0	0	0	0	0	3
117	302	0	0.688518314	0.0149875649	0.0147229611	0.0113378593	0.0152796349	0.00394177566	0	0	0	0	0	3
118	305	0	0.694403086	0.0149377204	0.0147653124	0.0114322067	0.0152796349	0.0038474282	0	0	0	0	0	3
119	307	0	0.700287858	0.0150059336	0.0148073563	0.0114783716	0.0152796349	0.00380126334	0	0	0	0	0	3
120	310	0	0.706172629	0.0150520008	0.014849399	0.0128237964	0.0152796349	0.00245583856	0	0	0	0	0	3
121	312	0	0.712057401	0.0150705384	0.0148758312	0.0129067158	0.0152796349	0.00237291916	0	0	0	0	0	3
122	315	0	0.717942173	0.0150694592	0.0149012753	0.0129169523	0.0152796349	0.00236268266	0	0	0	0	0	3
123	317	0	0.723826945	0.0150199226	0.0149260161	0.0129930579	0.0152796349	0.00228657705	0	0	0	0	0	3
124	320	0	0.729711717	0.0150598151	0.0149497241	0.0129930579	0.0152796349	0.00228657705	0	0	0	0	0	3
125	322	0	0.735596489	0.0150576932	0.0149740139	0.0140294189	0.0152796349	0.00125021607	0	0	0	0	0	3
126	325	0	0.741481261	0.0150971662	0.0149865756	0.0140662009	0.0152796349	0.00121343401	0	0	0	0	0	3
127	327	0	0.747366033	0.0150694798	0.0149983789	0.0141267489	0.0152796349	0.00115288599	0	0	0	0	0	3
128	329	0	0.753250805	0.0151226752	0.0150100957	0.0141543036	0.0152796349	0.00112533129	0	0	0	0	0	3
129	332	0	0.759135577	0.0150853517	0.0150210492	0.0141939644	0.0152796349	0.00108567051	0	0	0	0	0	3
130	334	0	0.765020349	0.0150562381	0.0150311936	0.0144848774	0.0152796349	0.000794757538	0	0	0	0	0	3
131	337	0	0.770905121	0.0150235616	0.0150375311	0.0145612834	0.0152796349	0.000718351516	0	0	0	0	0	3
132	339	0	0.776789892	0.0150841712	0.0150436827	0.0146323844	0.0152796349	0.000647250554	0	0	0	0	0	3
133	341	0	0.782674664	0.0150847304	0.0150490044	0.0147428807	0.0152796349	0.00053675427	0	0	0	0	0	3
134	343	0	0.788559436	0.0151457057	0.0150537435	0.0148094988	0.0152796349	0.000470136173	0	0	0	0	0	3
135	346	0	0.794444208	0.0151625451	0.015057897	0.0148432377	0.0152796349	0.000436397233	0	0	0	0	0	3
136	348	0	0.80032898	0.0152148645	0.0150615032	0.0148432377	0.0152796349	0.000436397233	0	0	0	0	0	3
137	350	0	0.806213752	0.0151107494	0.0150646504	0.0148564577	0.0152796349	0.000423177277	0	0	0	0	0	3
138	352	0	0.812098524	0.015181785	0.0150677347	0.0148564577	0.0152796349	0.000423177277	0	0	0	0	0	3
139	355	0	0.817983296	0.015147518	0.0150695781	0.0148564577	0.0152796349	0.000423177277	0	0	0	0	0	3
140	357	0	0.823868068	0.0151474261	0.0150722798	0.0148564577	0.0152796349	0.000423177277	0	0	0	0	0	3
141	359	0	0.82975284	0.0151616102	0.0150740804	0.0148564577	0.0152796349	0.000423177277	0	0	0	0	0	3
142	361	0	0.835637612	0.0150836628	0.0150756007	0.0148564577	0.0152796349	0.000423177277	0	0	0	0	0	3
143	364	0	0.841522383	0.0150313045	0.0150766149	0.0148564577	0.0152796349	0.000423177277	0	0	0	0	0	3
144	366	0	0.847407155	0.015003039	0.015077702	0.0148564577	0.0152796349	0.000423177277	0	0	0	0	0	3
145	369	0	0.853291927	0.0150309064	0.0150795499	0.0148564577	0.0152796349	0.000423177277	0	0	0	0	0	3
146	371	0	0.859176699	0.0151343046	0.0150821317	0.0148564577	0.0152796349	0.000423177277	0	0	0	0	0	3
147	374	0	0.865061471	0.0151590893	0.0150842488	0.0148564577	0.0152796349	0.000423177277	0	0	0	0	0	3
148	377	0	0.870946243	0.0151662959	0.0150861587	0.0148564577	0.0152796349	0.000423177277	0	0	0	0	0	3
149	379	0	0.876831015	0.0151285947	0.0150866549	0.0148564577	0.0152796349	0.000423177277	0	0	0	0	0	3
150	382	0	0.882715787	0.0151664467	0.0150880024	0.0148564577	0.0152796349	0.000423177277	0	0	0	0	0	3
151	384	0	0.888600559	0.0151552852	0.0150886262	0.0148564577	0.0152796349	0.000423177277	0	0	0	0	0	3
152	387	0	0.894485331	0.0151640484	0.0150888916	0.0148564577	0.0152796349	0.000423177277	0	0	0	0	0	3
153	389	0	0.900370103	0.0151685073	0.0150895084	0.0148564577	0.0152796349	0.000423177277	0	0	0	0	0	3
154	392	0	0.906254875	0.0151744486	0.0150901049	0.0148564577	0.0152796349	0.000423177277	0	0	0	0	0	3
155	394	0	0.912139646	0.0151926337	0.0150906884	0.0148564577	0.0152796349	0.000423177277	0	0	0	0	0	3
156	397	0	0.918024418	0.0150451527	0.0150904985	0.0148564577	0.0152796349	0.000423177277	0	0	0	0	0	3
157	399	0	0.92390919	0.0150673502	0.0150900466	0.0148564577	0.0152796349	0.000423177277	0	0	0	0	0	3
158	402	0	0.929793962	0.0151088539	0.0150890151	0.0148564577	0.0152796349	0.000423177277	0	0	0	0	0	3
159	405	0	0.935678734	0.0151689402	0.0150882053	0.0148564577	0.0152796349	0.000423177277	0	0	0	0	0	3
160	407	0	0.941563506	0.015185687	0.0150881915	0.0148564577	0.0152796349	0.000423177277	0	0	0	0	0	3
161	410	0	0.947448278	0.0150963895	0.0150877712	0.0148564577	0.0152796349	0.000423177277	0	0	0	0	0	3
162	412	0	0.95333305	0.0150613364	0.0150868218	0.0148564577	0.0152796349	0.000423177277	0	0	0	0	0	3
163	414	0	0.959217822	0.0150897028	0.0150845873	0.0148564577	0.0152612389	0.000404781237	0	0	0	0	0	3
164	417	0	0.965102594	0.015143686	0.0150832043	0.0148564577	0.0152189467	0.000362489011	0	0	0	0	0	3
165	419	0	0.970987366	0.0150903303	0.0150816912	0.0148564577	0.0152148645	0.000358406855	0	0	0	0	0	3
166	421	0	0.976872137	0.0152408725	0.0150832843	0.0148564577	0.0152408725	0.000384414841	0	0	0	0	0	3
167	424	0	0.982756909	0.0152539973	0.0150848809	0.0148564577	0.0152539973	0.000397539652	0	0	0	0	0	3
168	426	0	0.988641681	0.0152192101	0.0150864127	0.0148564577	0.0152539973	0.000397539652	0	0	0	0	0	3
169	428	0	0.994526453	0.0152493286	0.0150879455	0.0148564577	0.0152539973	0.000397539652	0	0	0	0	0	3
170	431	0	1.00041123	0.0152868902	0.0150901402	0.0148564577	0.0152868902	0.000430432544	0.000455758553	0	100	0	0	3
171	433	0	1.006296	0.0151586313	0.0150909684	0.0148564577	0.0152868902	0.000430432544	0.000455758553	0	100	0	0	3
172	436	0	1.01218077	0.0151865086	0.0150914306	0.0148564577	0.0152868902	0.000430432544	0.000455758553	0	100	0	0	3
173	438	0	1.01806554	0.0151611559	0.0150916179	0.0148564577	0.0152868902	0.000430432544	0.000455758553	0	100	0	0	3
174	440	0	1.02395031	0.0152097962	0.0150929458	0.0148564577	0.0152868902	0.000430432544	0.000455758553	0	100	0	0	3
175	443	0	1.02983508	0.0150380188	0.0150926067	0.0148564577	0.0152868902	0.000430432544	0.000455758553	0	100	0	0	3
176	445	0	1.03571986	0.0151501599	0.0150926864	0.0148564577	0.0152868902	0.000430432544	0.000455758553	0	100	0	0	3
177	448	0	1.04160463	0.0150926233	0.0150927727	0.0148564577	0.0152868902	0.000430432544	0.000455758553	0	100	0	0	3
178	450	0	1.0474894	0.0151542991	0.0150945372	0.0148564577	0.0152868902	0.000430432544	0.000455758553	0	100	0	0	3
179	453	0	1.05337417	0.0151759734	0.0150969194	0.0148564577	0.0152868902	0.000430432544	0.000455758553	0	100	0	0	3
180	455	0	1.05925894	0.0152056048	0.0150996598	0.0148564577	0.0152868902	0.000430432544	0.000455758553	0	100	0	0	3
181	458	0	1.06514372	0.0152233482	0.0151014769	0.0148564577	0.0152868902	0.000430432544	0.000455758553	0	100	0	0	3
182	460	0	1.07102849	0.0152372535	0.0151036573	0.0148564577	0.0152868902	0.000430432544	0.000455758553	0	100	0	0	3
183	463	0	1.07691326	0.0152887005	0.0151053885	0.0148564577	0.0152887005	0.000432242895	0.000455758553	0	100	0	0	3
184	465	0	1.08279803	0.015260741	0.0151070795	0.0148564577	0.0152887005	0.000432242895	0.000455758553	0	100	0	0	3
185	468	0	1.0886828	0.0152619494	0.0151081672	0.0148564577	0.0152887005	0.000432242895	0.000455758553	0	100	0	0	3
186	471	0	1.09456758	0.0152310991	0.0151098335	0.0148564577	0.0152887005	0.000432242895	0.000455758553	0	100	0	0	3
187	473	0	1.10045235	0.0152751069	0.0151124924	0.0148564577	0.0152887005	0.000432242895	0.000455758553	0	100	0	0	3
188	475	0	1.10633712	0.0153183002	0.015116594	0.0148564577	0.0153183002	0.000461842536	0.000455758553	0	98.6	0	0	3
189	478	0	1.11222189	0.0153091799	0.0151212459	0.0148564577	0.0153183002	0.000461842536	0.000455758553	0	98.6	0	0	3
190	480	0	1.11810666	0.0152606738	0.0151260014	0.0149377204	0.0153183002	0.000380579767	0.000455758553	0	100	0	0	3
191	482	0	1.12399144	0.0152352374	0.0151292277	0.0149377204	0.0153183002	0.000380579767	0.000455758553	0	100	0	0	3
192	484	0	1.12987621	0.0151842361	0.0151317366	0.0149377204	0.0153183002	0.000380579767	0.000455758553	0	100	0	0	3
193	486	0	1.13576098	0.0151972436	0.0151340316	0.0149377204	0.0153183002	0.000380579767	0.000455758553	0	100	0	0	3
194	489	0	1.14164575	0.0150955137	0.0151349296	0.0149377204	0.0153183002	0.000380579767	0.000455758553	0	100	0	0	3
195	491	0	1.14753052	0.0150852593	0.0151359542	0.0149377204	0.0153183002	0.000380579767	0.000455758553	0	100	0	0	3
196	493	0	1.15341529	0.0149960583	0.0151354659	0.0149377204	0.0153183002	0.000380579767	0.000455758553	0	100	0	0	3
197	495	0	1.15930007	0.0149947462	0.0151347941	0.0149377204	0.0153183002	0.000380579767	0.000455758553	0	100	0	0	3
198	497	0	1.16518484	0.0149242945	0.0151329709	0.0149242945	0.0153183002	0.000394005696	0.000455758553	0	100	0	0	3
199	500	0	1.17106961	0.0149614515	0.0151311946	0.0149242945	0.0153183002	0.000394005696	0.000455758553	0	100	0	0	3
200	502	0	1.17695438	0.0148894122	0.0151289637	0.0148894122	0.0153183002	0.000428888003	0.000455758553	0	100	0	0	3
201	509	0	1.18283915	0.0149929056	0.015129153	0.0148894122	0.0153183002	0.00041299309	0.000455758553	0	100	0	0	3
202	511	0	1.18872393	0.0150151044	0.015129477	0.0148894122	0.0153183002	0.000370641783	0.000455758553	0	100	0	0	3
203	513	0	1.1946087	0.0150621588	0.015130941	0.0148894122	0.0153183002	0.000328597938	0.000455758553	0	100	0	0	3
204	515	0	1.20049347	0.0151034139	0.0151320878	0.0148894122	0.0153183002	0.000286555242	0.000455758553	0	100	0	0	3
205	517	0	1.20637824	0.015067015	0.0151322644	0.0148894122	0.0153183002	0.000260122983	0.000455758553	0	100	0	0	3
206	520	0	1.21226301	0.0150848952	0.0151324333	0.0148894122	0.0153183002	0.000234678942	0.000455758553	0	100	0	0	3
207	522	0	1.21814779	0.0150953902	0.0151327384	0.0148894122	0.0153183002	0.000209938115	0.000455758553	0	100	0	0	3
208	524	0	1.22403256	0.0150890418	0.0151335516	0.0148894122	0.0153183002	0.000186230151	0.000455758553	0	100	0	0	3
209	526	0	1.22991733	0.0150651369	0.0151336142	0.0148894122	0.0153183002	0.000161940323	0.000455758553	0	100	0	0	3
210	528	0	1.2358021	0.0150766907	0.0151338377	0.0148894122	0.0153183002	0.00014937859	0.000455758553	0	100	0	0	3
211	530	0	1.24168687	0.0151200693	0.0151341071	0.0148894122	0.0153183002	0.000137575309	0.000455758553	0	100	0	0	3
212	533	0	1.24757165	0.0151109853	0.0151345954	0.0148894122	0.0153183002	0.000125858529	0.000455758553	0	100	0	0	3
213	535	0	1.25345642	0.0150446447	0.0151336774	0.0148894122	0.0153183002	0.000114905022	0.000455758553	0	100	0	0	3
214	537	0	1.25934119	0.0151000935	0.0151338509	0.0148894122	0.0153183002	0.000104760626	0.000455758553	0	100	0	0	3
215	539	0	1.26522596	0.0150193628	0.015133417	0.0148894122	0.0153183002	9.84231647e-05	0.000455758553	0	100	0	0	3
216	541	0	1.27111073	0.0150003561	0.015133144	0.0148894122	0.0153183002	9.22715434e-05	0.000455758553	0	100	0	0	3
217	544	0	1.2769955	0.0149650676	0.0151317428	0.0148894122	0.0153183002	8.69498255e-05	0.000455758553	0	100	0	0	3
218	546	0	1.28288028	0.0150408941	0.0151312271	0.0148894122	0.0153183002	8.22107072e-05	0.000455758553	0	100	0	0	3
219	549	0	1.28876505	0.015040154	0.0151299853	0.0148894122	0.0153183002	7.80572206e-05	0.000455758553	0	100	0	0	3
220	551	0	1.29464982	0.015096687	0.0151292105	0.0148894122	0.0153183002	7.44510423e-05	0.000455758553	0	100	0	0	3
221	554	0	1.30053459	0.0151352175	0.0151282735	0.0148894122	0.0153183002	7.13038453e-05	0.000455758553	0	100	0	0	3
222	556	0	1.30641936	0.0151808841	0.0151290986	0.0148894122	0.0153183002	6.82194891e-05	0.000455758553	0	100	0	0	3
223	559	0	1.31230414	0.0152223359	0.0151295757	0.0148894122	0.0153183002	6.63761043e-05	0.000455758553	0	100	0	0	3
224	561	0	1.31818891	0.0151872368	0.0151300429	0.0148894122	0.0153183002	6.36744488e-05	0.000455758553	0	100	0	0	3
225	564	0	1.32407368	0.0152270975	0.0151309802	0.0148894122	0.0153183002	6.18737993e-05	0.000455758553	0	100	0	0	3
226	566	0	1.32995845	0.0152397372	0.0151318994	0.0148894122	0.0153183002	6.03535005e-05	0.000455758553	0	100	0	0	3
227	569	0	1.33584322	0.0151903574	0.0151331546	0.0148894122	0.0153183002	5.93393496e-05	0.000455758553	0	100	0	0	3
228	571	0	1.341728	0.0151466004	0.015134511	0.0148894122	0.0153183002	5.82521873e-05	0.000455758553	0	100	0	0	3
229	574	0	1.34761277	0.0150911874	0.0151355481	0.0148894122	0.0153183002	5.64043074e-05	0.000455758553	0	100	0	0	3
230	576	0	1.35349754	0.0151863593	0.0151373769	0.0148894122	0.0153183002	5.56857437e-05	0.000455758553	0	100	0	0	3
231	579	0	1.35938231	0.0152572765	0.0151388237	0.0148894122	0.0153183002	5.71324716e-05	0.000455758553	0	100	0	0	3
232	581	0	1.36526708	0.0152724824	0.0151401577	0.0148894122	0.0153183002	5.84665078e-05	0.000455758553	0	100	0	0	3
233	584	0	1.37115186	0.0153178147	0.0151419403	0.0148894122	0.0153183002	6.02490827e-05	0.000455758553	0	100	0	0	3
234	586	0	1.37703663	0.0153413562	0.0151444433	0.0148894122	0.0153413562	6.27521592e-05	0.000455758553	0	100	0	0	3
235	588	0	1.3829214	0.0153864072	0.0151470311	0.0148894122	0.0153864072	6.53399307e-05	0.000455758553	0	100	0	0	3
236	591	0	1.38880617	0.0153418074	0.0151492255	0.0148894122	0.0153864072	6.75343101e-05	0.000455758553	0	100	0	0	3
237	593	0	1.39469094	0.0154088155	0.0151521051	0.0148894122	0.0154088155	7.04139224e-05	0.000455758553	0	100	0	0	3
238	595	0	1.40057572	0.0153655245	0.015154423	0.0148894122	0.0154088155	7.27317719e-05	0.000455758553	0	100	0	0	3
239	598	0	1.40646049	0.0153366178	0.0151563308	0.0148894122	0.0154088155	7.46396447e-05	0.000455758553	0	100	0	0	3
240	600	0	1.41234526	0.0153150686	0.0151577712	0.0148894122	0.0154088155	7.60800548e-05	0.000455758553	0	100	0	0	3
241	602	0	1.41823003	0.0152957623	0.0151607196	0.0148894122	0.0154088155	7.9028403e-05	0.000455758553	0	100	0	0	3
242	604	0	1.4241148	0.0152453766	0.015162814	0.0148894122	0.0154088155	8.11228303e-05	0.000455758553	0	100	0	0	3
243	607	0	1.42999957	0.0152268351	0.015164202	0.0148894122	0.0154088155	8.25108449e-05	0.000455758553	0	100	0	0	3
244	609	0	1.43588435	0.0151881894	0.0151644285	0.0148894122	0.0154088155	8.27373067e-05	0.000455758553	0	100	0	0	3
245	611	0	1.44176912	0.015176683	0.0151643226	0.0148894122	0.0154088155	8.27373067e-05	0.000455758553	0	100	0	0	3
246	614	0	1.44765389	0.0151371173	0.0151648017	0.0148894122	0.0154088155	8.31105286e-05	0.000455758553	0	100	0	0	3
247	616	0	1.45353866	0.0150980354	0.0151652335	0.0148894122	0.0154088155	8.3542282e-05	0.000455758553	0	100	0	0	3
248	619	0	1.45942343	0.0150775082	0.01516509	0.0148894122	0.0154088155	8.3542282e-05	0.000455758553	0	100	0	0	3
249	621	0	1.46530821	0.0150906394	0.0151644659	0.0148894122	0.0154088155	8.3542282e-05	0.000455758553	0	100	0	0	3
250	624	0	1.47119298	0.0150519612	0.0151640145	0.0148894122	0.0154088155	8.19491709e-05	0.000455758553	0	100	0	0	3
251	626	0	1.47707775	0.015095079	0.0151622993	0.0148894122	0.0154088155	8.03525771e-05	0.000455758553	0	100	0	0	3
252	629	0	1.48296252	0.0150787331	0.0151602374	0.0148894122	0.0154088155	7.8820822e-05	0.000455758553	0	100	0	0	3
253	631	0	1.48884729	0.0151051651	0.0151588957	0.0148894122	0.0154088155	7.72879382e-05	0.000455758553	0	100	0	0	3
254	633	0	1.49473207	0.0150981935	0.0151571176	0.0148894122	0.0154088155	7.50932671e-05	0.000455758553	0	100	0	0	3
255	636	0	1.50061684	0.0151069374	0.0151550005	0.0148894122	0.0154088155	7.4265085e-05	0.000455758553	0	100	0	0	3
256	638	0	1.50650161	0.0150681666	0.0151539362	0.0148894122	0.0154088155	7.38028231e-05	0.000455758553	0	100	0	0	3
257	641	0	1.51238638	0.0150603603	0.0151524521	0.0148894122	0.0154088155	7.36155879e-05	0.000455758553	0	100	0	0	3
258	643	0	1.51827115	0.0149789094	0.0151503081	0.0148894122	0.0154088155	7.26267273e-05	0.000455758553	0	100	0	0	3
259	645	0	1.52415593	0.014978194	0.0151475833	0.0148894122	0.0154088155	7.26267273e-05	0.000455758553	0	100	0	0	3
260	648	0	1.5300407	0.0150485955	0.0151477078	0.0148894122	0.0154088155	7.25470856e-05	0.000455758553	0	100	0	0	3
261	650	0	1.53592547	0.0150464794	0.015146488	0.0148894122	0.0154088155	7.24607899e-05	0.000455758553	0	100	0	0	3
262	653	0	1.54181024	0.0149936068	0.0151453231	0.0148894122	0.0154088155	7.06962355e-05	0.000455758553	0	100	0	0	3
263	655	0	1.54769501	0.0149725271	0.0151431846	0.0148894122	0.0154088155	6.83140567e-05	0.000455758553	0	100	0	0	3
264	657	0	1.55357978	0.014961268	0.0151406586	0.0148894122	0.0154088155	6.55737173e-05	0.000455758553	0	100	0	0	3
265	660	0	1.55946456	0.0148546951	0.0151365303	0.0148546951	0.0154088155	6.37565717e-05	0.000455758553	0	100	0	0	3
266	4264	0	1.56534933	0.0148572599	0.0151322234	0.0148546951	0.0154088155	6.15761369e-05	0.000455758553	0	100	0	0	3
267	4266	0	1.5712341	0.0148767159	0.0151279818	0.0148546951	0.0154088155	5.98449664e-05	0.000455758553	0	100	0	0	3
268	4268	0	1.57711887	0.0148861664	0.0151232461	0.0148546951	0.0154088155	5.81539329e-05	0.000455758553	0	100	0	0	3
269	4271	0	1.58300364	0.014964726	0.0151197635	0.0148546951	0.0154088155	5.70662671e-05	0.000455758553	0	100	0	0	3
270	4274	0	1.58888842	0.0149861987	0.0151165194	0.0148546951	0.0154088155	5.54000184e-05	0.000455758553	0	100	0	0	3
271	4277	0	1.59477319	0.0149336437	0.0151130199	0.0148546951	0.0154088155	5.27410519e-05	0.000455758553	0	100	0	0	3
272	58057	0	1.60065796	0.0149254496	0.0151089063	0.0148546951	0.0154088155	5.6327161e-05	0.000455758553	0	100	0	0	3
273	58061	0	1.60654273	0.0149708101	0.0151048182	0.0148546951	0.0154088155	6.04152794e-05	0.000455758553	0	100	0	0	3
274	58065	0	1.6124275	0.0149484688	0.0151005745	0.0148546951	0.0154088155	6.465894e-05	0.000455758553	0	100	0	0	3
275	58069	0	1.61831228	0.0149574594	0.0150970073	0.0148546951	0.0154088155	6.82261692e-05	0.000455758553	0	100	0	0	3
276	58072	0	1.62419705	0.0149690729	0.015093876	0.0148546951	0.0154088155	7.13575164e-05	0.000455758553	0	100	0	0	3
277	58076	0	1.63008182	0.0149689843	0.0150913436	0.0148546951	0.0154088155	7.3889891e-05	0.000455758553	0	100	0	0	3
278	58080	0	1.63596659	0.0148564939	0.0150873348	0.0148546951	0.0154088155	7.78987115e-05	0.000455758553	0	100	0	0	3
279	58083	0	1.64185136	0.0148555167	0.0150845113	0.0148546951	0.0154088155	8.07222053e-05	0.000455758553	0	100	0	0	3
280	58086	0	1.64773614	0.0149000012	0.0150823318	0.0148546951	0.0154088155	8.29017121e-05	0.000455758553	0	100	0	0	3
281	58089	0	1.65362091	0.0148694232	0.0150808419	0.0148546951	0.0154088155	8.43915373e-05	0.000455758553	0	100	0	0	3
282	58092	0	1.65950568	0.0148834074	0.0150795321	0.0148546951	0.0154088155	8.57014055e-05	0.000455758553	0	100	0	0	3
283	58095	0	1.66539045	0.0149404909	0.0150797226	0.0148546951	0.0154088155	8.57014055e-05	0.000455758553	0	100	0	0	3
284	58098	0	1.67127522	0.014932662	0.0150793839	0.0148546951	0.0154088155	8.58495606e-05	0.000455758553	0	100	0	0	3
285	58101	0	1.67716	0.0149932295	0.0150806053	0.0148546951	0.0154088155	8.58495606e-05	0.000455758553	0	100	0	0	3
286	58104	0	1.68304477	0.0149930498	0.015080607	0.0148546951	0.0154088155	8.58495606e-05	0.000455758553	0	100	0	0	3
287	58107	0	1.68892954	0.0149485066	0.0150798235	0.0148546951	0.0154088155	8.58495606e-05	0.000455758553	0	100	0	0	3
288	58110	0	1.69481431	0.0149864993	0.0150789334	0.0148546951	0.0154088155	8.63000999e-05	0.000455758553	0	100	0	0	3
289	58113	0	1.70069908	0.0149907516	0.0150776079	0.0148546951	0.0154088155	8.76255386e-05	0.000455758553	0	100	0	0	3
290	58116	0	1.70658385	0.0149851908	0.0150766453	0.0148546951	0.0154088155	8.85881762e-05	0.000455758553	0	100	0	0	3
291	58118	0	1.71246863	0.0150436704	0.0150761603	0.0148546951	0.0154088155	8.90731738e-05	0.000455758553	0	100	0	0	3
292	58121	0	1.7183534	0.0150163024	0.0150752299	0.0148546951	0.0154088155	9.00036189e-05	0.000455758553	0	100	0	0	3
293	58123	0	1.72423817	0.0150207471	0.0150744264	0.0148546951	0.0154088155	9.08070857e-05	0.000455758553	0	100	0	0	3
294	58126	0	1.73012294	0.0150189958	0.0150738835	0.0148546951	0.0154088155	9.1349923e-05	0.000455758553	0	100	0	0	3
295	58129	0	1.73600771	0.0150131176	0.0150731356	0.0148546951	0.0154088155	9.20978421e-05	0.000455758553	0	100	0	0	3
296	58132	0	1.74189249	0.0150963772	0.0150728569	0.0148546951	0.0154088155	9.23765727e-05	0.000455758553	0	100	0	0	3
297	58134	0	1.74777726	0.0151983033	0.0150738842	0.0148546951	0.0154088155	9.23765727e-05	0.000455758553	0	100	0	0	3
298	58137	0	1.75366203	0.0151934428	0.0150756347	0.0148546951	0.0154088155	9.23765727e-05	0.000455758553	0	100	0	0	3
299	58140	0	1.7595468	0.0151495606	0.0150762167	0.0148546951	0.0154088155	9.23765727e-05	0.000455758553	0	100	0	0	3
300	58142	0	1.76543157	0.0151933208	0.0150782633	0.0148546951	0.0154088155	9.23765727e-05	0.000455758553	0	100	0	0	3
301	58149	0	1.77131635	0.0152563468	0.0150812749	0.0148546951	0.0154088155	9.23765727e-05	0.000455758553	0	100	0	0	3
302	58151	0	1.77720112	0.0152964566	0.0150851736	0.0148546951	0.0154088155	9.23765727e-05	0.000455758553	0	100	0	0	3
303	58154	0	1.78308589	0.0152795487	0.0150879813	0.0148546951	0.0154088155	9.23765727e-05	0.000455758553	0	100	0	0	3
304	58157	0	1.78897066	0.0152982263	0.0150910175	0.0148546951	0.0154088155	9.23765727e-05	0.000455758553	0	100	0	0	3
305	58159	0	1.79485543	0.0152897228	0.0150932885	0.0148546951	0.0154088155	9.23765727e-05	0.000455758553	0	100	0	0	3
306	58162	0	1.80074021	0.015254789	0.0150946952	0.0148546951	0.0154088155	9.23765727e-05	0.000455758553	0	100	0	0	3
307	58164	0	1.80662498	0.0151828964	0.0150947189	0.0148546951	0.0154088155	9.23765727e-05	0.000455758553	0	100	0	0	3
308	58167	0	1.81250975	0.0151382328	0.0150937294	0.0148546951	0.0154088155	9.23765727e-05	0.000455758553	0	100	0	0	3
309	58169	0	1.81839452	0.0151062693	0.0150927769	0.0148546951	0.0154088155	9.23765727e-05	0.000455758553	0	100	0	0	3
310	58172	0	1.82427929	0.0151231935	0.0150915545	0.0148546951	0.0154088155	9.23765727e-05	0.000455758553	0	100	0	0	3
311	58174	0	1.83016406	0.0151114417	0.0150900451	0.0148546951	0.0154088155	9.23765727e-05	0.000455758553	0	100	0	0	3
312	58177	0	1.83604884	0.0152052411	0.0150902202	0.0148546951	0.0154088155	9.23765727e-05	0.000455758553	0	100	0	0	3
313	58179	0	1.84193361	0.0151431464	0.0150901796	0.0148546951	0.0154088155	9.23765727e-05	0.000455758553	0	100	0	0	3
314	58182	0	1.84781838	0.0151372965	0.015090722	0.0148546951	0.0154088155	9.23765727e-05	0.000455758553	0	100	0	0	3
315	58184	0	1.85370315	0.0150851301	0.0150895311	0.0148546951	0.0154088155	9.23765727e-05	0.000455758553	0	100	0	0	3
316	58187	0	1.85958792	0.0150854682	0.0150875098	0.0148546951	0.0154088155	9.23765727e-05	0.000455758553	0	100	0	0	3
317	58189	0	1.8654727	0.0150689012	0.0150851147	0.0148546951	0.0154088155	9.23765727e-05	0.000455758553	0	100	0	0	3
318	58192	0	1.87135747	0.015131783	0.0150829261	0.0148546951	0.0154088155	9.23765727e-05	0.000455758553	0	100	0	0	3
319	58195	0	1.87724224	0.0150707974	0.0150797431	0.0148546951	0.0154088155	9.23765727e-05	0.000455758553	0	100	0	0	3
320	58198	0	1.88312701	0.0150868523	0.0150762189	0.0148546951	0.0154088155	9.23765727e-05	0.000455758553	0	100	0	0	3
321	58200	0	1.88901178	0.0150591294	0.0150728933	0.0148546951	0.0154088155	9.23765727e-05	0.000455758553	0	100	0	0	3
322	58203	0	1.89489656	0.015131354	0.015069629	0.0148546951	0.0153655245	9.56044276e-05	0.000455758553	0	100	0	0	3
323	58206	0	1.90078133	0.0151140932	0.015066671	0.0148546951	0.0153366178	9.85624426e-05	0.000455758553	0	100	0	0	3
324	58208	0	1.9066661	0.0151375341	0.0150643289	0.0148546951	0.0153150686	0.000100904604	0.000455758553	0	100	0	0	3
325	58211	0	1.91255087	0.0151095104	0.0150619105	0.0148546951	0.0152982263	0.000103322936	0.000455758553	0	100	0	0	3
326	58214	0	1.91843564	0.0152317675	0.0150611577	0.0148546951	0.0152982263	0.000104075815	0.000455758553	0	100	0	0	3
327	58216	0	1.92432042	0.0150927891	0.0150593625	0.0148546951	0.0152982263	0.000105870962	0.000455758553	0	100	0	0	3
328	58219	0	1.93020519	0.015141186	0.0150583549	0.0148546951	0.0152982263	0.000106878599	0.000455758553	0	100	0	0	3
329	58221	0	1.93608996	0.0151357675	0.0150577381	0.0148546951	0.0152982263	0.000107495327	0.000455758553	0	100	0	0	3
330	58224	0	1.94197473	0.0151318479	0.0150572107	0.0148546951	0.0152982263	0.000108022799	0.000455758553	0	100	0	0	3
331	58226	0	1.9478595	0.0151095599	0.0150568865	0.0148546951	0.0152982263	0.000108347004	0.000455758553	0	100	0	0	3
332	58229	0	1.95374427	0.0151431493	0.0150574172	0.0148546951	0.0152982263	0.000108203538	0.000455758553	0	100	0	0	3
333	58231	0	1.95962905	0.0150639223	0.0150572574	0.0148546951	0.0152982263	0.00010757946	0.000455758553	0	100	0	0	3
334	58233	0	1.96551382	0.0150515317	0.0150567973	0.0148546951	0.0152982263	0.000107217232	0.000455758553	0	100	0	0	3
335	58236	0	1.97139859	0.0150240911	0.0150564694	0.0148546951	0.0152982263	0.000105829898	0.000455758553	0	100	0	0	3
336	58238	0	1.97728336	0.015035475	0.0150557682	0.0148546951	0.0152982263	0.00010446919	0.000455758553	0	100	0	0	3
337	58241	0	1.98316813	0.0149183722	0.0150538816	0.0148546951	0.0152982263	0.000105014083	0.000455758553	0	100	0	0	3
338	58243	0	1.98905291	0.0149475029	0.0150520267	0.0148546951	0.0152982263	0.000105090872	0.000455758553	0	100	0	0	3
339	58246	0	1.99493768	0.0148768714	0.0150494229	0.0148546951	0.0152982263	0.00010557757	0.000455758553	0	100	0	0	3
340	58248	0	2.00082245	0.014931733	0.0150473617	0.0148546951	0.0152982263	0.000106574507	0.000455758553	0	100	0	0	3
341	58251	0	2.00670722	0.0149675004	0.0150461774	0.0148546951	0.0152982263	0.000106274717	0.000455758553	0	100	0	0	3
342	58253	0	2.01259199	0.0150135837	0.0150456271	0.0148546951	0.0152982263	0.000104680953	0.000455758553	0	100	0	0	3
343	58256	0	2.01847677	0.0151044791	0.0150471044	0.0148546951	0.0152982263	0.000102080653	0.000455758553	0	100	0	0	3
344	58259	0	2.02436154	0.0150795035	0.0150482963	0.0148546951	0.0152982263	0.000102080653	0.000455758553	0	100	0	0	3
345	58262	0	2.03024631	0.0151107461	0.0150490275	0.0148546951	0.0152982263	0.000100860883	0.000455758553	0	100	0	0	3
346	58264	0	2.03613108	0.0150489942	0.015049057	0.0148546951	0.0152982263	9.96959831e-05	0.000455758553	0	100	0	0	3
347	58267	0	2.04201585	0.0149834334	0.0150489374	0.0148546951	0.0152982263	9.75574887e-05	0.000455758553	0	100	0	0	3
348	58270	0	2.04790063	0.0149495721	0.0150486673	0.0148546951	0.0152982263	9.50315424e-05	0.000455758553	0	100	0	0	3
349	58273	0	2.0537854	0.0148955346	0.015047894	0.0148546951	0.0152982263	9.09031929e-05	0.000455758553	0	100	0	0	3
350	58275	0	2.05967017	0.0148844163	0.0150482436	0.0148555167	0.0152982263	8.65962716e-05	0.000455758553	0	100	0	0	3
351	58278	0	2.06555494	0.0149154774	0.0150489285	0.0148555167	0.0152982263	8.23546529e-05	0.000455758553	0	100	0	0	3
352	58280	0	2.07143971	0.0149291904	0.0150495459	0.0148555167	0.0152982263	7.76189567e-05	0.000455758553	0	100	0	0	3
353	58283	0	2.07732449	0.0149833477	0.0150506892	0.0148555167	0.0152982263	7.41364276e-05	0.000455758553	0	100	0	0	3
354	58285	0	2.08320926	0.0150006014	0.0150511113	0.0148555167	0.0152982263	7.08923014e-05	0.000455758553	0	100	0	0	3
355	58288	0	2.08909403	0.0148825198	0.0150498915	0.0148555167	0.0152982263	6.73928262e-05	0.000455758553	0	100	0	0	3
356	58290	0	2.0949788	0.0149783425	0.0150504174	0.0148555167	0.0152982263	6.32792105e-05	0.000455758553	0	100	0	0	3
357	58293	0	2.10086357	0.0150132536	0.0150514504	0.0148555167	0.0152982263	5.9191092e-05	0.000455758553	0	100	0	0	3
358	58295	0	2.10674834	0.0149812645	0.0150515733	0.0148555167	0.0152982263	5.49474314e-05	0.000455758553	0	100	0	0	3
359	58298	0	2.11263312	0.0150768888	0.0150530842	0.0148555167	0.0152982263	5.13802023e-05	0.000455758553	0	100	0	0	3
360	58300	0	2.11851789	0.0149881756	0.0150534455	0.0148555167	0.0152982263	4.90917669e-05	0.000455758553	0	100	0	0	3
361	58303	0	2.12440266	0.0150758314	0.0150547015	0.0148555167	0.0152982263	4.90917669e-05	0.000455758553	0	100	0	0	3
362	58306	0	2.13028743	0.0150947252	0.0150561808	0.0148555167	0.0152982263	4.90917669e-05	0.000455758553	0	100	0	0	3
363	58308	0	2.1361722	0.0151922486	0.0150601309	0.0148555167	0.0152982263	4.90917669e-05	0.000455758553	0	100	0	0	3
364	58311	0	2.14205698	0.0151813409	0.0150639641	0.0148694232	0.0152982263	4.90917669e-05	0.000455758553	0	100	0	0	3
365	58314	0	2.14794175	0.0151588572	0.0150670095	0.0148694232	0.0152982263	4.90917669e-05	0.000455758553	0	100	0	0	3
366	58316	0	2.15382652	0.0151624705	0.0150704571	0.0148768714	0.0152982263	4.90917669e-05	0.000455758553	0	100	0	0	3
367	58319	0	2.15971129	0.0151933409	0.0150741034	0.0148768714	0.0152982263	4.90917669e-05	0.000455758553	0	100	0	0	3
368	58321	0	2.16559606	0.0152373445	0.0150775958	0.0148768714	0.0152982263	4.90917669e-05	0.000455758553	0	100	0	0	3
369	58324	0	2.17148084	0.0153154138	0.0150820987	0.0148768714	0.0153154138	4.90917669e-05	0.000455758553	0	100	0	0	3
370	58327	0	2.17736561	0.0152988081	0.0150856938	0.0148768714	0.0153154138	4.90917669e-05	0.000455758553	0	100	0	0	3
371	58329	0	2.18325038	0.015138392	0.0150874037	0.0148768714	0.0153154138	4.90917669e-05	0.000455758553	0	100	0	0	3
372	58332	0	2.18913515	0.0152537207	0.0150909944	0.0148768714	0.0153154138	4.90917669e-05	0.000455758553	0	100	0	0	3
373	58335	0	2.19501992	0.0151358954	0.015092752	0.0148768714	0.0153154138	4.90917669e-05	0.000455758553	0	100	0	0	3
374	58337	0	2.2009047	0.0151086142	0.0150941386	0.0148768714	0.0153154138	4.90917669e-05	0.000455758553	0	100	0	0	3
375	58340	0	2.20678947	0.0150409163	0.0150947942	0.0148768714	0.0153154138	4.91671412e-05	0.000455758553	0	100	0	0	3
376	58342	0	2.21267424	0.0150029636	0.0150943153	0.0148768714	0.0153154138	4.91671412e-05	0.000455758553	0	100	0	0	3
377	58344	0	2.21855901	0.014984734	0.0150939439	0.0148768714	0.0153154138	4.91671412e-05	0.000455758553	0	100	0	0	3
378	58347	0	2.22444378	0.0150470357	0.0150942532	0.0148768714	0.0153154138	4.91671412e-05	0.000455758553	0	100	0	0	3
379	58349	0	2.23032855	0.0150835446	0.0150950126	0.0148768714	0.0153154138	4.93855208e-05	0.000455758553	0	100	0	0	3
380	58352	0	2.23621333	0.015105587	0.0150961005	0.0148768714	0.0153154138	5.04733961e-05	0.000455758553	0	100	0	0	3
381	58354	0	2.2420981	0.015045111	0.0150954974	0.0148768714	0.0153154138	5.04733961e-05	0.000455758553	0	100	0	0	3
382	58357	0	2.24798287	0.0150621276	0.0150938953	0.0148768714	0.0153154138	5.04733961e-05	0.000455758553	0	100	0	0	3
383	58359	0	2.25386764	0.0150412047	0.0150921043	0.0148768714	0.0153154138	5.04733961e-05	0.000455758553	0	100	0	0	3
384	58362	0	2.25975241	0.0149886361	0.015090211	0.0148768714	0.0153154138	5.04733961e-05	0.000455758553	0	100	0	0	3
385	58365	0	2.26563719	0.0150168609	0.015088135	0.0148768714	0.0153154138	5.04733961e-05	0.000455758553	0	100	0	0	3
386	58368	0	2.27152196	0.0150100468	0.0150852374	0.0148768714	0.0153154138	5.04733961e-05	0.000455758553	0	100	0	0	3
387	58371	0	2.27740673	0.0150255982	0.0150820508	0.0148768714	0.0153154138	5.04733961e-05	0.000455758553	0	100	0	0	3
388	58373	0	2.2832915	0.0150438175	0.0150792775	0.0148768714	0.0153154138	5.04733961e-05	0.000455758553	0	100	0	0	3
389	58376	0	2.28917627	0.0150880557	0.0150768049	0.0148768714	0.0153154138	5.04733961e-05	0.000455758553	0	100	0	0	3
390	58379	0	2.29506105	0.0150990539	0.0150745618	0.0148768714	0.0153154138	5.04733961e-05	0.000455758553	0	100	0	0	3
391	58381	0	2.30094582	0.0151073149	0.0150728268	0.0148768714	0.0153154138	5.04733961e-05	0.000455758553	0	100	0	0	3
392	58384	0	2.30683059	0.0150546136	0.0150713175	0.0148768714	0.0153154138	5.04733961e-05	0.000455758553	0	100	0	0	3
393	58387	0	2.31271536	0.0149619576	0.0150692437	0.0148768714	0.0153154138	5.04733961e-05	0.000455758553	0	100	0	0	3
394	58390	0	2.31860013	0.014922721	0.0150670843	0.0148768714	0.0153154138	5.04733961e-05	0.000455758553	0	100	0	0	3
395	58392	0	2.32448491	0.0149547248	0.0150651023	0.0148768714	0.0153154138	5.04733961e-05	0.000455758553	0	100	0	0	3
396	58395	0	2.33036968	0.0150278309	0.0150641187	0.0148768714	0.0153154138	5.04733961e-05	0.000455758553	0	100	0	0	3
397	58397	0	2.33625445	0.0150523719	0.0150623202	0.0148768714	0.0153154138	5.04733961e-05	0.000455758553	0	100	0	0	3
398	58400	0	2.34213922	0.0150298347	0.0150609872	0.0148768714	0.0153154138	5.04733961e-05	0.000455758553	0	100	0	0	3
399	58402	0	2.34802399	0.0150351223	0.0150597851	0.0148768714	0.0153154138	5.04733961e-05	0.000455758553	0	100	0	0	3
400	58405	0	2.35390876	0.0150245667	0.0150590726	0.0148768714	0.0153154138	5.04733961e-05	0.000455758553	0	100	0	0	3
401	58412	0	2.35979354	0.0150849893	0.015059067	0.0148768714	0.0153154138	5.04733961e-05	0.000455758553	0	100	0	0	3
402	58415	0	2.36567831	0.0150644816	0.015059015	0.0148768714	0.0153154138	5.04733961e-05	0.000455758553	0	100	0	0	3
403	58418	0	2.37156308	0.0151785512	0.0150595652	0.0148768714	0.0153154138	5.04733961e-05	0.000455758553	0	100	0	0	3
404	58420	0	2.37744785	0.0151156534	0.0150600929	0.0148768714	0.0153154138	5.04733961e-05	0.000455758553	0	100	0	0	3
405	58423	0	2.38333262	0.0151627603	0.0150609859	0.0148768714	0.0153154138	5.04733961e-05	0.000455758553	0	100	0	0	3
406	58426	0	2.3892174	0.0151513502	0.0150620709	0.0148768714	0.0153154138	5.04733961e-05	0.000455758553	0	100	0	0	3
407	58428	0	2.39510217	0.015197655	0.0150628509	0.0148768714	0.0153154138	5.04733961e-05	0.000455758553	0	100	0	0	3
408	58431	0	2.40098694	0.0151128252	0.015062836	0.0148768714	0.0153154138	5.04733961e-05	0.000455758553	0	100	0	0	3
409	58433	0	2.40687171	0.0151439318	0.0150629112	0.0148768714	0.0153154138	5.04733961e-05	0.000455758553	0	100	0	0	3
410	58436	0	2.41275648	0.0151288771	0.0150631391	0.0148768714	0.0153154138	5.04733961e-05	0.000455758553	0	100	0	0	3
411	58438	0	2.41864126	0.015068926	0.0150612233	0.0148768714	0.0153154138	5.04733961e-05	0.000455758553	0	100	0	0	3
412	58441	0	2.42452603	0.0149670781	0.0150597443	0.0148768714	0.0153154138	5.04733961e-05	0.000455758553	0	100	0	0	3
413	58443	0	2.4304108	0.015005505	0.0150581481	0.0148768714	0.0153154138	5.04733961e-05	0.000455758553	0	100	0	0	3
414	58446	0	2.43629557	0.014998637	0.0150565348	0.0148768714	0.0153154138	5.04733961e-05	0.000455758553	0	100	0	0	3
415	58448	0	2.44218034	0.0151337734	0.0150565575	0.0148768714	0.0153154138	5.04733961e-05	0.000455758553	0	100	0	0	3
416	58450	0	2.44806512	0.0150772782	0.0150561777	0.0148768714	0.0153154138	5.04733961e-05	0.000455758553	0	100	0	0	3
417	58453	0	2.45394989	0.0151038947	0.0150557158	0.0148768714	0.0153154138	5.04733961e-05	0.000455758553	0	100	0	0	3
418	58455	0	2.45983466	0.0150898012	0.0150560203	0.0148768714	0.0153154138	5.04733961e-05	0.000455758553	0	100	0	0	3
419	58457	0	2.46571943	0.0151628426	0.0150573298	0.0148768714	0.0153154138	5.04733961e-05	0.000455758553	0	100	0	0	3
420	58460	0	2.4716042	0.0151660142	0.0150589995	0.0148768714	0.0153154138	5.04733961e-05	0.000455758553	0	100	0	0	3
421	58463	0	2.47748898	0.0152182059	0.0150611493	0.0148768714	0.0153154138	5.04733961e-05	0.000455758553	0	100	0	0	3
422	58465	0	2.48337375	0.0151898467	0.0150643431	0.0148768714	0.0153154138	5.04733961e-05	0.000455758553	0	100	0	0	3
423	58467	0	2.48925852	0.0152112455	0.015067446	0.0148768714	0.0153154138	5.04733961e-05	0.000455758553	0	100	0	0	3
424	58470	0	2.49514329	0.0151516504	0.0150706787	0.0148825198	0.0153154138	5.04733961e-05	0.000455758553	0	100	0	0	3
425	58473	0	2.50102806	0.0151483173	0.0150732267	0.0148825198	0.0153154138	5.04733961e-05	0.000455758553	0	100	0	0	3
426	58475	0	2.50691283	0.0150779192	0.0150745258	0.0148825198	0.0153154138	5.04733961e-05	0.000455758553	0	100	0	0	3
427	58478	0	2.51279761	0.015088389	0.0150754058	0.0148825198	0.0153154138	4.89961051e-05	0.000455758553	0	100	0	0	3
428	58480	0	2.51868238	0.0150447862	0.0150747036	0.0148825198	0.0153154138	4.82065385e-05	0.000455758553	0	100	0	0	3
429	58483	0	2.52456715	0.0150585931	0.0150744576	0.0148825198	0.0153154138	4.82065385e-05	0.000455758553	0	100	0	0	3
430	58485	0	2.53045192	0.0149939612	0.0150730836	0.0148825198	0.0153154138	4.82065385e-05	0.000455758553	0	100	0	0	3
431	58488	0	2.53633669	0.0151019444	0.0150737066	0.0148825198	0.0153154138	4.82065385e-05	0.000455758553	0	100	0	0	3
432	58490	0	2.54222147	0.0150749485	0.0150747832	0.0148825198	0.0153154138	4.82065385e-05	0.000455758553	0	100	0	0	3
433	58493	0	2.54810624	0.0151189868	0.0150767763	0.0148825198	0.0153154138	4.82065385e-05	0.000455758553	0	100	0	0	3
434	58495	0	2.55399101	0.01511702	0.015079382	0.0148825198	0.0153154138	4.78568774e-05	0.000455758553	0	100	0	0	3
435	58498	0	2.55987578	0.0150398707	0.0150812109	0.0148825198	0.0153154138	4.71719657e-05	0.000455758553	0	100	0	0	3
436	58500	0	2.56576055	0.0149992207	0.0150821961	0.0148825198	0.0153154138	4.65546189e-05	0.000455758553	0	100	0	0	3
437	58503	0	2.57164533	0.0152058047	0.0150854504	0.0148825198	0.0153154138	4.62089982e-05	0.000455758553	0	100	0	0	3
438	58505	0	2.5775301	0.0151068561	0.0150869034	0.0148825198	0.0153154138	4.62089982e-05	0.000455758553	0	100	0	0	3
439	58508	0	2.58341487	0.0151569948	0.0150887434	0.0148825198	0.0153154138	4.62089982e-05	0.000455758553	0	100	0	0	3
440	58510	0	2.58929964	0.0150946291	0.0150912388	0.014922721	0.0153154138	4.56831296e-05	0.000455758553	0	100	0	0	3
441	58513	0	2.59518441	0.0152207639	0.0150940908	0.014922721	0.0153154138	4.46501405e-05	0.000455758553	0	100	0	0	3
442	58516	0	2.60106919	0.0151797524	0.0150960496	0.014922721	0.0153154138	4.45271479e-05	0.000455758553	0	100	0	0	3
443	58518	0	2.60695396	0.015216668	0.015098819	0.014922721	0.0153154138	4.57348766e-05	0.000455758553	0	100	0	0	3
444	58521	0	2.61283873	0.0152974331	0.0151014137	0.014922721	0.0153154138	4.79681476e-05	0.000455758553	0	100	0	0	3
445	58523	0	2.6187235	0.0153106749	0.0151052078	0.014922721	0.0153154138	5.05062749e-05	0.000455758553	0	100	0	0	3
446	58526	0	2.62460827	0.0152414737	0.0151071565	0.014922721	0.0153154138	5.14406807e-05	0.000455758553	0	100	0	0	3
447	58529	0	2.63049304	0.0151446409	0.0151077438	0.014922721	0.0153154138	5.20279248e-05	0.000455758553	0	100	0	0	3
448	58531	0	2.63637782	0.0150953495	0.0151066038	0.014922721	0.0153154138	5.20279248e-05	0.000455758553	0	100	0	0	3
449	58534	0	2.64226259	0.0152619426	0.015107552	0.014922721	0.0153154138	5.20279248e-05	0.000455758553	0	100	0	0	3
450	58536	0	2.64814736	0.015179097	0.0151077902	0.014922721	0.0153154138	5.20743061e-05	0.000455758553	0	100	0	0	3
451	58539	0	2.65403213	0.0151223247	0.0151073179	0.014922721	0.0153154138	5.20743061e-05	0.000455758553	0	100	0	0	3
452	58542	0	2.6599169	0.0153100073	0.0151086904	0.014922721	0.0153154138	5.29745488e-05	0.000455758553	0	100	0	0	3
453	58544	0	2.66580168	0.0153459423	0.015109968	0.014922721	0.0153459423	5.42521703e-05	0.000455758553	0	100	0	0	3
454	58547	0	2.67168645	0.015269281	0.0151094253	0.014922721	0.0153459423	5.42521703e-05	0.000455758553	0	100	0	0	3
455	58549	0	2.67757122	0.0153030303	0.015109475	0.014922721	0.0153459423	5.42521703e-05	0.000455758553	0	100	0	0	3
456	58552	0	2.68345599	0.0153866307	0.0151123954	0.014922721	0.0153866307	5.66795593e-05	0.000455758553	0	100	0	0	3
457	58554	0	2.68934076	0.0154042316	0.0151141661	0.014922721	0.0154042316	5.84502755e-05	0.000455758553	0	100	0	0	3
458	58557	0	2.69522554	0.0154492529	0.0151178527	0.014922721	0.0154492529	6.21368347e-05	0.000455758553	0	100	0	0	3
459	58559	0	2.70111031	0.0154067938	0.0151213607	0.014922721	0.0154492529	6.56448308e-05	0.000455758553	0	100	0	0	3
460	58562	0	2.70699508	0.0153343974	0.0151248134	0.014922721	0.0154492529	6.90975498e-05	0.000455758553	0	100	0	0	3
461	58564	0	2.71287985	0.0153438928	0.0151288243	0.014922721	0.0154492529	7.31084823e-05	0.000455758553	0	100	0	0	3
462	58566	0	2.71876462	0.0152996323	0.015132529	0.014922721	0.0154492529	7.68131677e-05	0.000455758553	0	100	0	0	3
463	58569	0	2.7246494	0.0152454157	0.0151348629	0.014922721	0.0154492529	7.91470505e-05	0.000455758553	0	100	0	0	3
464	58571	0	2.73053417	0.0150247259	0.0151341709	0.014922721	0.0154492529	7.91470505e-05	0.000455758553	0	100	0	0	3
465	58574	0	2.73641894	0.0151821708	0.0151350719	0.014922721	0.0154492529	7.93560518e-05	0.000455758553	0	100	0	0	3
466	58576	0	2.74230371	0.0152064858	0.0151369704	0.014922721	0.0154492529	8.12545796e-05	0.000455758553	0	100	0	0	3
467	58579	0	2.74818848	0.0151915342	0.0151384929	0.014922721	0.0154492529	8.27770112e-05	0.000455758553	0	100	0	0	3
468	58581	0	2.75407326	0.0152138624	0.0151405241	0.014922721	0.0154492529	8.48082789e-05	0.000455758553	0	100	0	0	3
469	58584	0	2.75995803	0.0155199544	0.0151467749	0.014922721	0.0155199544	9.10590823e-05	0.000455758553	0	100	0	0	3
470	58587	0	2.7658428	0.0154771243	0.0151521898	0.014922721	0.0155199544	9.64739458e-05	0.000455758553	0	100	0	0	3
471	58589	0	2.77172757	0.0155187025	0.015158174	0.014922721	0.0155199544	0.000102458131	0.000455758553	0	100	0	0	3
472	58592	0	2.77761234	0.0154830076	0.0151635553	0.014922721	0.0155199544	0.000107839418	0.000455758553	0	100	0	0	3
473	58594	0	2.78349711	0.0154277339	0.0151680719	0.014922721	0.0155199544	0.000112356081	0.000455758553	0	100	0	0	3
474	58596	0	2.78938189	0.0153569343	0.0151712352	0.014922721	0.0155199544	0.00011551936	0.000455758553	0	100	0	0	3
475	58599	0	2.79526666	0.0153205536	0.0151738411	0.014922721	0.0155199544	0.000118125238	0.000455758553	0	100	0	0	3
476	58601	0	2.80115143	0.0152830641	0.0151759087	0.014922721	0.0155199544	0.000120192876	0.000455758553	0	100	0	0	3
477	58603	0	2.8070362	0.0153222689	0.0151790576	0.014922721	0.0155199544	0.000123341762	0.000455758553	0	100	0	0	3
478	58606	0	2.81292097	0.0153275832	0.0151833591	0.014922721	0.0155199544	0.000127643239	0.000455758553	0	100	0	0	3
479	58608	0	2.81880575	0.0153907013	0.0151888647	0.0149547248	0.0155199544	0.00013314889	0.000455758553	0	100	0	0	3
480	58611	0	2.82469052	0.0154108059	0.0151942304	0.0149670781	0.0155199544	0.00013851455	0.000455758553	0	100	0	0	3
481	58613	0	2.83057529	0.0153508861	0.015198031	0.0149670781	0.0155199544	0.0001423152	0.000455758553	0	100	0	0	3
482	58616	0	2.83646006	0.0155018298	0.0152033188	0.0149670781	0.0155199544	0.000147602939	0.000455758553	0	100	0	0	3
483	58618	0	2.84234483	0.0154502004	0.0152082643	0.0149670781	0.0155199544	0.000152548419	0.000455758553	0	100	0	0	3
484	58620	0	2.84822961	0.0154649695	0.0152133213	0.0149670781	0.0155199544	0.000157605445	0.000455758553	0	100	0	0	3
485	58623	0	2.85411438	0.0154380101	0.0152181853	0.0149670781	0.0155199544	0.000162469485	0.000455758553	0	100	0	0	3
486	58625	0	2.85999915	0.0153689265	0.0152215258	0.0149670781	0.0155199544	0.000165809923	0.000455758553	0	100	0	0	3
487	58628	0	2.86588392	0.0153576658	0.015224975	0.0149670781	0.0155199544	0.000169259149	0.000455758553	0	100	0	0	3
488	58631	0	2.87176869	0.0152501922	0.0152258178	0.0149670781	0.0155199544	0.000170101984	0.000455758553	0	100	0	0	3
489	58633	0	2.87765347	0.0152519193	0.015227421	0.0149670781	0.0155199544	0.000171705114	0.000455758553	0	100	0	0	3
490	58636	0	2.88353824	0.0151492824	0.0152272624	0.0149670781	0.0155199544	0.000171705114	0.000455758553	0	100	0	0	3
491	58638	0	2.88942301	0.0151218473	0.0152269153	0.0149670781	0.0155199544	0.000171705114	0.000455758553	0	100	0	0	3
492	58641	0	2.89530778	0.0151465267	0.0152263138	0.0149670781	0.0155199544	0.000171705114	0.000455758553	0	100	0	0	3
493	58643	0	2.90119255	0.0151794947	0.0152270981	0.0149670781	0.0155199544	0.000171705114	0.000455758553	0	100	0	0	3
494	58646	0	2.90707732	0.0152210997	0.015228006	0.0149670781	0.0155199544	0.000172290152	0.000455758553	0	100	0	0	3
495	58649	0	2.9129621	0.0152843267	0.0152298348	0.0149670781	0.0155199544	0.000174118971	0.000455758553	0	100	0	0	3
496	58651	0	2.91884687	0.0152781882	0.0152322967	0.0149670781	0.0155199544	0.000176580879	0.000455758553	0	100	0	0	3
497	58654	0	2.92473164	0.0152247766	0.0152353285	0.0149939612	0.0155199544	0.000179612626	0.000455758553	0	100	0	0	3
498	58656	0	2.93061641	0.0152256502	0.0152379184	0.0149939612	0.0155199544	0.000182202569	0.000455758553	0	100	0	0	3
499	58659	0	2.93650118	0.0151953136	0.0152402323	0.0149939612	0.0155199544	0.000184516412	0.000455758553	0	100	0	0	3
500	58661	0	2.94238596	0.0150490709	0.0152392358	0.0149939612	0.0155199544	0.000184516412	0.000455758553	0	100	0	0	3
501	58668	0	2.94827073	0.0150616158	0.0152390515	0.0149939612	0.0155199544	0.000184516412	0.000455758553	0	100	0	0	3
502	58671	0	2.9541555	0.0151498776	0.0152395925	0.0149939612	0.0155199544	0.000184211954	0.000455758553	0	100	0	0	3
503	58673	0	2.96004027	0.0152645478	0.0152416483	0.0149939612	0.0155199544	0.000184318467	0.000455758553	0	100	0	0	3
504	58676	0	2.96592504	0.0153318168	0.0152436362	0.0149939612	0.0155199544	0.000184636716	0.000455758553	0	100	0	0	3
505	58678	0	2.97180982	0.0152591686	0.0152447322	0.0149939612	0.0155199544	0.000183582875	0.000455758553	0	100	0	0	3
506	58680	0	2.97769459	0.0154202449	0.0152471091	0.0149939612	0.0155199544	0.000182765987	0.000455758553	0	100	0	0	3
507	58683	0	2.98357936	0.0154504182	0.0152501747	0.0149939612	0.0155199544	0.00018272868	0.000455758553	0	100	0	0	3
508	58685	0	2.98946413	0.0153940428	0.0152523252	0.0149939612	0.0155199544	0.000181646542	0.000455758553	0	100	0	0	3
509	58688	0	2.9953489	0.0154660856	0.0152560245	0.0149939612	0.0155199544	0.000182940838	0.000455758553	0	100	0	0	3
510	58690	0	3.00123368	0.0153695646	0.0152586274	0.0149939612	0.0155199544	0.000185543747	0.000455758553	0	100	0	0	3
511	58693	0	3.00711845	0.0153460321	0.0152617816	0.0149939612	0.0155199544	0.000188698017	0.000455758553	0	100	0	0	3
512	58695	0	3.01300322	0.0152603899	0.0152638052	0.0149939612	0.0155199544	0.000190721556	0.000455758553	0	100	0	0	3
513	58698	0	3.01888799	0.0152419049	0.0152661242	0.0149939612	0.0155199544	0.0001930406	0.000455758553	0	100	0	0	3
514	58700	0	3.02477276	0.0153067614	0.0152690438	0.0149939612	0.0155199544	0.000195960227	0.000455758553	0	100	0	0	3
515	58703	0	3.03065753	0.0152271178	0.0152717869	0.0149992207	0.0155199544	0.000198080303	0.000455758553	0	100	0	0	3
516	58705	0	3.03654231	0.0154130581	0.015275447	0.0149992207	0.0155199544	0.000200663817	0.000455758553	0	100	0	0	3
517	58708	0	3.04242708	0.0154790808	0.0152802015	0.0149992207	0.0155199544	0.000203425202	0.000455758553	0	100	0	0	3
518	58711	0	3.04831185	0.0153721505	0.0152831799	0.0149992207	0.0155199544	0.000203797889	0.000455758553	0	100	0	0	3
519	58713	0	3.05419662	0.0154167882	0.0152867066	0.0149992207	0.0155199544	0.000205495699	0.000455758553	0	100	0	0	3
520	58716	0	3.06008139	0.015378221	0.0152906872	0.0149992207	0.0155199544	0.000208491074	0.000455758553	0	100	0	0	3
521	58718	0	3.06596617	0.0153467366	0.0152947756	0.0150247259	0.0155199544	0.00020932521	0.000455758553	0	100	0	0	3
522	58721	0	3.07185094	0.0153071811	0.0152959683	0.0150247259	0.0155199544	0.000209064834	0.000455758553	0	100	0	0	3
523	58723	0	3.07773571	0.0153143598	0.0152984095	0.0150247259	0.0155199544	0.000209666131	0.000455758553	0	100	0	0	3
524	58726	0	3.08362048	0.015151884	0.0152983494	0.0150247259	0.0155199544	0.000207170728	0.000455758553	0	100	0	0	3
525	58729	0	3.08950525	0.0151811351	0.0152993671	0.0150247259	0.0155199544	0.000205276304	0.000455758553	0	100	0	0	3
526	58731	0	3.09539003	0.0153019512	0.0153003222	0.0150247259	0.0155199544	0.00020427264	0.000455758553	0	100	0	0	3
527	58734	0	3.1012748	0.0153047521	0.0153017928	0.0150247259	0.0155199544	0.000202973772	0.000455758553	0	100	0	0	3
528	58736	0	3.10715957	0.015379676	0.0153037106	0.0150247259	0.0155199544	0.000202296875	0.000455758553	0	100	0	0	3
529	58739	0	3.11304434	0.0153490351	0.0153043176	0.0150247259	0.0155199544	0.000199109849	0.000455758553	0	100	0	0	3
530	58742	0	3.11892911	0.0153465257	0.0153047394	0.0150247259	0.0155199544	0.000198135635	0.000455758553	0	100	0	0	3
531	58744	0	3.12481389	0.0153580433	0.0153061108	0.0150247259	0.0155199544	0.000199507042	0.000455758553	0	100	0	0	3
532	58747	0	3.13069866	0.0154082075	0.0153092116	0.0150247259	0.0155199544	0.000202607826	0.000455758553	0	100	0	0	3
533	58750	0	3.13658343	0.01536321	0.0153123629	0.0150247259	0.0155199544	0.000205045059	0.000455758553	0	100	0	0	3
534	58752	0	3.1424682	0.0153534709	0.0153134397	0.0150247259	0.0155199544	0.000206121862	0.000455758553	0	100	0	0	3
535	58755	0	3.14835297	0.015289928	0.0153147436	0.0150247259	0.0155199544	0.000207425756	0.000455758553	0	100	0	0	3
536	58757	0	3.15423775	0.0153208385	0.0153170791	0.0150247259	0.0155199544	0.000208388667	0.000455758553	0	100	0	0	3
537	58760	0	3.16012252	0.0152919589	0.0153168667	0.0150247259	0.0155199544	0.000207653784	0.000455758553	0	100	0	0	3
538	58762	0	3.16600729	0.0153412963	0.0153168121	0.0150247259	0.0155199544	0.000207653784	0.000455758553	0	100	0	0	3
539	58765	0	3.17189206	0.0151367261	0.0153152526	0.0150247259	0.0155199544	0.000207604111	0.000455758553	0	100	0	0	3
540	58768	0	3.17777683	0.0152729488	0.0153148987	0.0150247259	0.0155199544	0.000204683656	0.000455758553	0	100	0	0	3
541	58770	0	3.1836616	0.0152518966	0.0153133136	0.0150247259	0.0155199544	0.00020291294	0.000455758553	0	100	0	0	3
542	58772	0	3.18954638	0.0153340436	0.0153124879	0.0150247259	0.0155199544	0.000199226381	0.000455758553	0	100	0	0	3
543	58775	0	3.19543115	0.0153743917	0.0153116071	0.0150247259	0.0155199544	0.000195718385	0.000455758553	0	100	0	0	3
544	58777	0	3.20131592	0.0154547932	0.0153121718	0.0150247259	0.0155199544	0.000192265666	0.000455758553	0	100	0	0	3
545	58780	0	3.20720069	0.0153907082	0.0153128343	0.0150247259	0.0155199544	0.000188254733	0.000455758553	0	100	0	0	3
546	58782	0	3.21308546	0.0153464315	0.0153128642	0.0150247259	0.0155199544	0.000184550048	0.000455758553	0	100	0	0	3
547	58785	0	3.21897024	0.0153756165	0.0153137581	0.0150247259	0.0155199544	0.00018290815	0.000455758553	0	100	0	0	3
548	58788	0	3.22485501	0.0153516052	0.0153150074	0.0150247259	0.0155199544	0.00018290815	0.000455758553	0	100	0	0	3
549	58790	0	3.23073978	0.015301659	0.0153182654	0.0150490709	0.0155199544	0.000183193534	0.000455758553	0	100	0	0	3
550	58792	0	3.23662455	0.0152998243	0.0153196496	0.0150490709	0.0155199544	0.000182679164	0.000455758553	0	100	0	0	3
551	58795	0	3.24250932	0.0152784961	0.0153204968	0.0150490709	0.0155199544	0.000182003912	0.000455758553	0	100	0	0	3
552	58797	0	3.2483941	0.0152725561	0.01532145	0.0150490709	0.0155199544	0.000180925843	0.000455758553	0	100	0	0	3
553	58800	0	3.25427887	0.0152240589	0.0153215699	0.0150490709	0.0155199544	0.000174794998	0.000455758553	0	100	0	0	3
554	58802	0	3.26016364	0.0152332705	0.0153181972	0.0150490709	0.0155187025	0.000169380135	0.000455758553	0	100	0	0	3
555	58805	0	3.26604841	0.0150434341	0.0153130949	0.0150434341	0.0155187025	0.00016339595	0.000455758553	0	100	0	0	3
556	58807	0	3.27193318	0.0150656749	0.0153077652	0.0150434341	0.0155018298	0.000158014662	0.000455758553	0	100	0	0	3
557	58810	0	3.27781796	0.0151792199	0.0153041912	0.0150434341	0.0155018298	0.000153497999	0.000455758553	0	100	0	0	3
558	58812	0	3.28370273	0.0152665409	0.0153022948	0.0150434341	0.0155018298	0.000150334721	0.000455758553	0	100	0	0	3
559	58815	0	3.2895875	0.0152847862	0.015301446	0.0150434341	0.0155018298	0.000147728843	0.000455758553	0	100	0	0	3
560	58817	0	3.29547227	0.0153445175	0.015301728	0.0150434341	0.0155018298	0.000145661204	0.000455758553	0	100	0	0	3
561	58820	0	3.30135704	0.0153489707	0.0153025033	0.0150434341	0.0155018298	0.000142512319	0.000455758553	0	100	0	0	3
562	58822	0	3.30724181	0.0153659557	0.0153030173	0.0150434341	0.0155018298	0.000138210841	0.000455758553	0	100	0	0	3
563	58825	0	3.31312659	0.0153831933	0.0153036715	0.0150434341	0.0155018298	0.000132705191	0.000455758553	0	100	0	0	3
564	58828	0	3.31901136	0.0153167024	0.015302801	0.0150434341	0.0155018298	0.00012733953	0.000455758553	0	100	0	0	3
565	58830	0	3.32489613	0.015250991	0.0153009208	0.0150434341	0.0155018298	0.000123538881	0.000455758553	0	100	0	0	3
566	58833	0	3.3307809	0.0152621201	0.0152998765	0.0150434341	0.0155018298	0.000118251141	0.000455758553	0	100	0	0	3
567	58835	0	3.33666567	0.015217538	0.0152965319	0.0150434341	0.0154790808	0.000113305662	0.000455758553	0	100	0	0	3
568	58838	0	3.34255045	0.0151810687	0.0152933656	0.0150434341	0.0154790808	0.000108248636	0.000455758553	0	100	0	0	3
569	58840	0	3.34843522	0.0152181538	0.0152904619	0.0150434341	0.0154790808	0.000103384595	0.000455758553	0	100	0	0	3
570	58843	0	3.35431999	0.0152624564	0.0152883966	0.0150434341	0.0154790808	0.000100044158	0.000455758553	0	100	0	0	3
571	58846	0	3.36020476	0.0153078464	0.015287678	0.0150434341	0.0154790808	9.65949314e-05	0.000455758553	0	100	0	0	3
572	58848	0	3.36608953	0.0153713313	0.0152878387	0.0150434341	0.0154790808	9.57520962e-05	0.000455758553	0	100	0	0	3
573	58851	0	3.37197431	0.0153393051	0.0152888871	0.0150434341	0.0154790808	9.5256133e-05	0.000455758553	0	100	0	0	3
574	58853	0	3.37785908	0.0153718169	0.0152902977	0.0150434341	0.0154790808	9.5256133e-05	0.000455758553	0	100	0	0	3
575	58856	0	3.38374385	0.0153241235	0.0152923546	0.0150434341	0.0154790808	9.5256133e-05	0.000455758553	0	100	0	0	3
576	58858	0	3.38962862	0.0152648806	0.0152940374	0.0150434341	0.0154790808	9.5256133e-05	0.000455758553	0	100	0	0	3
577	58861	0	3.39551339	0.0152182252	0.0152948809	0.0150434341	0.0154790808	9.4471786e-05	0.000455758553	0	100	0	0	3
578	58864	0	3.40139817	0.0151594314	0.0152946449	0.0150434341	0.0154790808	9.35639285e-05	0.000455758553	0	100	0	0	3
579	58866	0	3.40728294	0.0150584604	0.0152927315	0.0150434341	0.0154790808	9.17351092e-05	0.000455758553	0	100	0	0	3
580	58869	0	3.41316771	0.015104931	0.0152906209	0.0150434341	0.0154790808	8.9273202e-05	0.000455758553	0	100	0	0	3
581	58871	0	3.41905248	0.0150389517	0.0152878064	0.0150389517	0.0154790808	8.6241455e-05	0.000455758553	0	100	0	0	3
582	58874	0	3.42493725	0.0150737041	0.0152860291	0.0150389517	0.0154790808	8.36515118e-05	0.000455758553	0	100	0	0	3
583	58877	0	3.43082202	0.0150624496	0.015284109	0.0150389517	0.0154790808	8.25184332e-05	0.000455758553	0	100	0	0	3
584	58879	0	3.4367068	0.0151573017	0.0152836619	0.0150389517	0.0154790808	8.25184332e-05	0.000455758553	0	100	0	0	3
585	58881	0	3.44259157	0.0151678147	0.0152850588	0.0150389517	0.0154790808	8.25184332e-05	0.000455758553	0	100	0	0	3
586	58884	0	3.44847634	0.015156061	0.01528617	0.0150389517	0.0154790808	8.19774575e-05	0.000455758553	0	100	0	0	3
587	58886	0	3.45436111	0.0151980512	0.0152867367	0.0150389517	0.0154790808	7.99216151e-05	0.000455758553	0	100	0	0	3
588	58889	0	3.46024588	0.0151971402	0.0152859437	0.0150389517	0.0154790808	7.79336828e-05	0.000455758553	0	100	0	0	3
589	58891	0	3.46613066	0.0150529853	0.0152826633	0.0150389517	0.0154790808	7.68377493e-05	0.000455758553	0	100	0	0	3
590	58893	0	3.47201543	0.0151925296	0.0152818793	0.0150389517	0.0154790808	7.44608195e-05	0.000455758553	0	100	0	0	3
591	58896	0	3.4779002	0.0151030728	0.0152781479	0.0150389517	0.0154790808	7.13952717e-05	0.000455758553	0	100	0	0	3
592	58898	0	3.48378497	0.0150533811	0.0152734769	0.0150389517	0.0154790808	6.92447156e-05	0.000455758553	0	100	0	0	3
593	58901	0	3.48966974	0.0150538264	0.0152694743	0.0150389517	0.0154790808	6.55454773e-05	0.000455758553	0	100	0	0	3
594	58904	0	3.49555452	0.0150505357	0.0152645855	0.0150389517	0.0154790808	6.29425688e-05	0.000455758553	0	100	0	0	3
595	58906	0	3.50143929	0.0151168531	0.0152616124	0.0150389517	0.0154790808	5.99575198e-05	0.000455758553	0	100	0	0	3
596	58909	0	3.50732406	0.0150799381	0.0152584819	0.0150389517	0.0154790808	6.30880373e-05	0.000455758553	0	100	0	0	3
597	58911	0	3.51320883	0.0151660279	0.0152573718	0.0150389517	0.0154790808	6.41981783e-05	0.000455758553	0	100	0	0	3
598	58914	0	3.5190936	0.0151883935	0.0152567422	0.0150389517	0.0154790808	6.48277244e-05	0.000455758553	0	100	0	0	3
599	58916	0	3.52497838	0.0152056335	0.0152555525	0.0150389517	0.0154790808	6.60174646e-05	0.000455758553	0	100	0	0	3
600	58919	0	3.53086315	0.015219101	0.0152554582	0.0150389517	0.0154790808	6.61117795e-05	0.000455758553	0	100	0	0	3
601	58926	0	3.53674792	0.0152344899	0.0152533573	0.0150389517	0.0154790808	6.82125818e-05	0.000455758553	0	100	0	0	3
602	58928	0	3.54263269	0.0152230489	0.0152503452	0.0150389517	0.0154547932	7.12247223e-05	0.000455758553	0	100	0	0	3
603	58931	0	3.54851746	0.015279802	0.0152492588	0.0150389517	0.0154547932	7.23111757e-05	0.000455758553	0	100	0	0	3
604	58933	0	3.55440224	0.0151864315	0.0152465487	0.0150389517	0.0154547932	7.50212541e-05	0.000455758553	0	100	0	0	3
605	58936	0	3.56028701	0.0150765537	0.0152429996	0.0150389517	0.0154547932	7.85702815e-05	0.000455758553	0	100	0	0	3
606	58938	0	3.56617178	0.0151757623	0.0152409882	0.0150389517	0.0154547932	8.05817437e-05	0.000455758553	0	100	0	0	3
607	58941	0	3.57205655	0.015252853	0.015240349	0.0150389517	0.0154547932	8.12208984e-05	0.000455758553	0	100	0	0	3
608	58943	0	3.57794132	0.0152343088	0.0152394073	0.0150389517	0.0154547932	8.2162675e-05	0.000455758553	0	100	0	0	3
609	58946	0	3.58382609	0.0152718032	0.0152408181	0.0150389517	0.0154547932	8.2162675e-05	0.000455758553	0	100	0	0	3
610	58949	0	3.58971087	0.0152321981	0.0152414188	0.0150389517	0.0154547932	8.2162675e-05	0.000455758553	0	100	0	0	3
611	58951	0	3.59559564	0.0153853288	0.0152423997	0.0150389517	0.0154547932	8.2162675e-05	0.000455758553	0	100	0	0	3
612	58954	0	3.60148041	0.0153436609	0.0152428575	0.0150389517	0.0154547932	8.2162675e-05	0.000455758553	0	100	0	0	3
613	58956	0	3.60736518	0.0154534643	0.0152437256	0.0150389517	0.0154547932	8.2162675e-05	0.000455758553	0	100	0	0	3
614	58959	0	3.61324995	0.0153939722	0.0152442542	0.0150389517	0.0154547932	8.2162675e-05	0.000455758553	0	100	0	0	3
615	58961	0	3.61913473	0.0154094986	0.0152449951	0.0150389517	0.0154547932	8.2162675e-05	0.000455758553	0	100	0	0	3
616	58964	0	3.6250195	0.0153047739	0.0152443684	0.0150389517	0.0154547932	8.2162675e-05	0.000455758553	0	100	0	0	3
617	58966	0	3.63090427	0.015301315	0.0152431108	0.0150389517	0.0154547932	8.2162675e-05	0.000455758553	0	100	0	0	3
618	58969	0	3.63678904	0.0152599792	0.0152418964	0.0150389517	0.0154547932	8.2162675e-05	0.000455758553	0	100	0	0	3
619	58971	0	3.64267381	0.0153164042	0.0152414603	0.0150389517	0.0154547932	8.2162675e-05	0.000455758553	0	100	0	0	3
620	58974	0	3.64855859	0.0153143606	0.0152417477	0.0150389517	0.0154547932	8.2162675e-05	0.000455758553	0	100	0	0	3
621	58976	0	3.65444336	0.0153665124	0.0152422851	0.0150389517	0.0154547932	8.2162675e-05	0.000455758553	0	100	0	0	3
622	58979	0	3.66032813	0.0153994995	0.0152435503	0.0150389517	0.0154547932	8.2162675e-05	0.000455758553	0	100	0	0	3
623	58981	0	3.6662129	0.0154165425	0.0152444355	0.0150389517	0.0154547932	8.2162675e-05	0.000455758553	0	100	0	0	3
624	58984	0	3.67209767	0.0153092904	0.0152464657	0.0150389517	0.0154547932	8.2162675e-05	0.000455758553	0	100	0	0	3
625	58986	0	3.67798245	0.0154533281	0.0152485878	0.0150389517	0.0154547932	8.2162675e-05	0.000455758553	0	100	0	0	3
626	58988	0	3.68386722	0.015348573	0.0152497251	0.0150389517	0.0154547932	8.2162675e-05	0.000455758553	0	100	0	0	3
627	58991	0	3.68975199	0.0153177696	0.0152495337	0.0150389517	0.0154547932	8.2162675e-05	0.000455758553	0	100	0	0	3
628	58993	0	3.69563676	0.0152692528	0.0152482968	0.0150389517	0.0154547932	8.2162675e-05	0.000455758553	0	100	0	0	3
629	58995	0	3.70152153	0.0152534972	0.0152459286	0.0150389517	0.0154534643	8.2162675e-05	0.000455758553	0	100	0	0	3
630	58998	0	3.7074063	0.0151558271	0.0152431653	0.0150389517	0.0154534643	8.2162675e-05	0.000455758553	0	100	0	0	3
631	59000	0	3.71329108	0.0151565266	0.0152409311	0.0150389517	0.0154534643	8.2162675e-05	0.000455758553	0	100	0	0	3
632	59003	0	3.71917585	0.0151190582	0.0152379128	0.0150389517	0.0154534643	8.36571732e-05	0.000455758553	0	100	0	0	3
633	59005	0	3.72506062	0.0151227167	0.01523522	0.0150389517	0.0154534643	8.63499795e-05	0.000455758553	0	100	0	0	3
634	59008	0	3.73094539	0.0151239565	0.0152331293	0.0150389517	0.0154534643	8.84405966e-05	0.000455758553	0	100	0	0	3
635	59011	0	3.73683016	0.0151208432	0.0152310237	0.0150389517	0.0154534643	9.0546257e-05	0.000455758553	0	100	0	0	3
636	59013	0	3.74271494	0.0151863571	0.0152299397	0.0150389517	0.0154534643	9.16302447e-05	0.000455758553	0	100	0	0	3
637	59016	0	3.74859971	0.0151640627	0.0152286633	0.0150389517	0.0154534643	9.29066373e-05	0.000455758553	0	100	0	0	3
638	59018	0	3.75448448	0.0152023808	0.0152284083	0.0150389517	0.0154534643	8.97889219e-05	0.000455758553	0	100	0	0	3
639	59021	0	3.76036925	0.0151765305	0.0152277407	0.0150389517	0.0154534643	8.53542136e-05	0.000455758553	0	100	0	0	3
640	59023	0	3.76625402	0.0151604097	0.0152291169	0.0150389517	0.0154534643	8.00244764e-05	0.000455758553	0	100	0	0	3
641	59026	0	3.7721388	0.0151786811	0.0152304464	0.0150389517	0.0154534643	7.64505031e-05	0.000455758553	0	100	0	0	3
642	59028	0	3.77802357	0.0150683854	0.0152291425	0.0150389517	0.0154534643	7.59308136e-05	0.000455758553	0	100	0	0	3
643	59031	0	3.78390834	0.0152284954	0.0152286949	0.0150389517	0.0154534643	7.59308136e-05	0.000455758553	0	100	0	0	3
644	59034	0	3.78979311	0.0151724729	0.0152273735	0.0150389517	0.0154534643	7.62980058e-05	0.000455758553	0	100	0	0	3
645	59036	0	3.79567788	0.0151690555	0.0152253093	0.0150389517	0.0154534643	7.83622654e-05	0.000455758553	0	100	0	0	3
646	59039	0	3.80156266	0.0151273532	0.015222702	0.0150389517	0.0154534643	8.0969531e-05	0.000455758553	0	100	0	0	3
647	59041	0	3.80744743	0.0151379555	0.0152200197	0.0150389517	0.0154534643	8.36518864e-05	0.000455758553	0	100	0	0	3
648	59044	0	3.8133322	0.0151554137	0.0152173399	0.0150389517	0.0154534643	8.54610705e-05	0.000455758553	0	100	0	0	3
649	59046	0	3.81921697	0.0152173614	0.0152161712	0.0150389517	0.0154534643	8.47496126e-05	0.000455758553	0	100	0	0	3
650	59049	0	3.82510174	0.0152294283	0.0152159175	0.0150389517	0.0154534643	8.39589856e-05	0.000455758553	0	100	0	0	3
651	59052	0	3.83098651	0.0152437078	0.0152157009	0.0150389517	0.0154534643	8.08309919e-05	0.000455758553	0	100	0	0	3
652	59054	0	3.83687129	0.0151844997	0.0152153122	0.0150389517	0.0154534643	7.95687097e-05	0.000455758553	0	100	0	0	3
653	59057	0	3.84275606	0.0151029672	0.0152143934	0.0150389517	0.0154534643	8.04875508e-05	0.000455758553	0	100	0	0	3
654	59059	0	3.84864083	0.01511656	0.0152131981	0.0150389517	0.0154534643	8.16827725e-05	0.000455758553	0	100	0	0	3
655	59062	0	3.8545256	0.0152267908	0.0152127785	0.0150389517	0.0154534643	8.21023676e-05	0.000455758553	0	100	0	0	3
656	59064	0	3.86041037	0.0152045867	0.0152115637	0.0150389517	0.0154534643	8.33171878e-05	0.000455758553	0	100	0	0	3
657	59067	0	3.86629515	0.0152153447	0.0152097286	0.0150389517	0.0154534643	8.51523254e-05	0.000455758553	0	100	0	0	3
658	59069	0	3.87217992	0.0152614498	0.0152088126	0.0150389517	0.0154534643	8.60682704e-05	0.000455758553	0	100	0	0	3
659	59072	0	3.87806469	0.0151727546	0.0152064707	0.0150389517	0.0154534643	8.84101796e-05	0.000455758553	0	100	0	0	3
660	59075	0	3.88394946	0.0151659839	0.0152046103	0.0150389517	0.0154534643	9.02706445e-05	0.000455758553	0	100	0	0	3
661	59077	0	3.88983423	0.0152485209	0.0152044178	0.0150389517	0.0154534643	9.04631113e-05	0.000455758553	0	100	0	0	3
662	59080	0	3.89571901	0.0152925604	0.0152052923	0.0150389517	0.0154534643	9.02270724e-05	0.000455758553	0	100	0	0	3
663	59082	0	3.90160378	0.0152562766	0.0152064317	0.0150389517	0.0154534643	8.83136684e-05	0.000455758553	0	100	0	0	3
664	59085	0	3.90748855	0.0153846734	0.0152102695	0.0150389517	0.0154534643	8.62031309e-05	0.000455758553	0	100	0	0	3
665	59088	0	3.91337332	0.0152381297	0.0152118365	0.0150389517	0.0154534643	8.33885841e-05	0.000455758553	0	100	0	0	3
666	59090	0	3.91925809	0.0153202183	0.0152151455	0.0150505357	0.0154534643	8.23189101e-05	0.000455758553	0	100	0	0	3
667	59093	0	3.92514287	0.0153057378	0.0152178754	0.0150505357	0.0154534643	8.23189101e-05	0.000455758553	0	100	0	0	3
668	59095	0	3.93102764	0.0152890584	0.0152205413	0.0150505357	0.0154534643	8.23189101e-05	0.000455758553	0	100	0	0	3
669	59098	0	3.93691241	0.0152422692	0.015221541	0.0150505357	0.0154534643	8.23189101e-05	0.000455758553	0	100	0	0	3
670	59100	0	3.94279718	0.0152348567	0.0152223297	0.0150505357	0.0154534643	8.23189101e-05	0.000455758553	0	100	0	0	3
671	59103	0	3.94868195	0.015177439	0.0152225812	0.0150505357	0.0154534643	8.23189101e-05	0.000455758553	0	100	0	0	3
672	59105	0	3.95456673	0.0152014957	0.0152226217	0.0150505357	0.0154534643	8.15258795e-05	0.000455758553	0	100	0	0	3
673	59108	0	3.9604515	0.0150709301	0.0152211369	0.0150505357	0.0154534643	7.82455089e-05	0.000455758553	0	100	0	0	3
674	59111	0	3.96633627	0.0151448115	0.0152222172	0.0150505357	0.0154534643	7.74615217e-05	0.000455758553	0	100	0	0	3
675	59113	0	3.97222104	0.0151735865	0.0152219943	0.0150505357	0.0154534643	7.37300849e-05	0.000455758553	0	100	0	0	3
676	59116	0	3.97810581	0.0152035244	0.0152231761	0.0150505357	0.0154534643	6.90590591e-05	0.000455758553	0	100	0	0	3
677	59118	0	3.98399058	0.0152256311	0.0152252026	0.0150505357	0.0154534643	6.50565127e-05	0.000455758553	0	100	0	0	3
678	59121	0	3.98987536	0.0152593719	0.0152276208	0.0150505357	0.0154534643	6.01676903e-05	0.000455758553	0	100	0	0	3
679	59124	0	3.99576013	0.0151946473	0.0152293162	0.0150683854	0.0154534643	5.71946148e-05	0.000455758553	0	100	0	0	3
680	59127	0	4.0016449	0.0151386097	0.0152295722	0.0150683854	0.0154534643	5.40640973e-05	0.000455758553	0	100	0	0	3
