Iteration	CPUTime	PhysTime	Travels	Value	AvValue	MinValue	MaxValue	Delta	Criteria	Progress	CriteriaType	CriteriaVarType	CriteriaPercentage
1	14	0	0.00588477191	19.8756081	19.8756081	19.8756081	19.8756081	0	0	0	0	0	0	3
2	18	0	0.0117695438	16.3961134	18.1358608	16.3961134	19.8756081	1.73974734	0	0	0	0	0	3
3	20	0	0.0176543157	16.8175241	17.6964152	16.3961134	19.8756081	2.17919289	0	0	0	0	0	3
4	23	0	0.0235390876	16.1243008	17.3033866	16.1243008	19.8756081	2.57222149	0	0	0	0	0	3
5	26	0	0.0294238596	16.0139243	17.0454942	16.0139243	19.8756081	2.83011396	0	0	0	0	0	3
6	28	0	0.0353086315	16.0651433	16.8821024	16.0139243	19.8756081	2.99350576	0	0	0	0	0	3
7	30	0	0.0411934034	16.0454045	16.7625741	16.0139243	19.8756081	3.11303403	0	0	0	0	0	3
8	33	0	0.0470781753	16.0323593	16.6712972	16.0139243	19.8756081	3.20431088	0	0	0	0	0	3
9	35	0	0.0529629472	16.0134072	16.5981983	16.0134072	19.8756081	3.27740978	0	0	0	0	0	3
10	37	0	0.0588477191	16.0008592	16.5384644	16.0008592	19.8756081	3.33714369	0	0	0	0	0	3
11	39	0	0.064732491	15.8732257	16.4779882	15.8732257	19.8756081	3.39761994	0	0	0	0	0	3
12	41	0	0.0706172629	15.8514679	16.4257782	15.8514679	19.8756081	3.44982996	0	0	0	0	0	3
13	44	0	0.0765020349	15.8276079	16.3797651	15.8276079	19.8756081	3.49584306	0	0	0	0	0	3
14	46	0	0.0823868068	15.806799	16.3388389	15.806799	19.8756081	3.53676921	0	0	0	0	0	3
15	48	0	0.0882715787	15.7838705	16.301841	15.7838705	19.8756081	3.57376711	0	0	0	0	0	3
16	50	0	0.0941563506	15.5839756	16.2569744	15.5839756	19.8756081	3.61863369	0	0	0	0	0	3
17	52	0	0.100041123	15.5530765	16.2155687	15.5530765	19.8756081	3.66003946	0	0	0	0	0	3
18	55	0	0.105925894	15.5239007	16.1771427	15.5239007	19.8756081	3.69846546	0	0	0	0	0	3
19	57	0	0.111810666	15.4925125	16.1411095	15.4925125	19.8756081	3.73449862	0	0	0	0	0	3
20	59	0	0.117695438	15.4643001	16.107269	15.4643001	19.8756081	3.76833909	0	0	0	0	0	3
21	62	0	0.12358021	15.1293125	16.0606997	15.1293125	19.8756081	3.81490845	0	0	0	0	0	3
22	64	0	0.129464982	15.092396	16.0166859	15.092396	19.8756081	3.85892225	0	0	0	0	0	3
23	66	0	0.135349754	15.0516233	15.9747266	15.0516233	19.8756081	3.90088149	0	0	0	0	0	3
24	69	0	0.141234526	15.0178591	15.9348571	15.0178591	19.8756081	3.94075098	0	0	0	0	0	3
25	71	0	0.147119298	14.9823907	15.8967585	14.9823907	19.8756081	3.97884963	0	0	0	0	0	3
26	73	0	0.15300407	14.5025701	15.8431359	14.5025701	19.8756081	4.03247226	0	0	0	0	0	3
27	76	0	0.158888842	14.4622948	15.7919936	14.4622948	19.8756081	4.08361452	0	0	0	0	0	3
28	78	0	0.164773614	14.4279099	15.7432763	14.4279099	19.8756081	4.1323318	0	0	0	0	0	3
29	80	0	0.170658385	14.3977978	15.6968805	14.3977978	19.8756081	4.17872761	0	0	0	0	0	3
30	82	0	0.176543157	14.3720309	15.6527189	14.3720309	19.8756081	4.22288927	0	0	0	0	0	3
31	85	0	0.182427929	13.61047	15.5868399	13.61047	19.8756081	4.28876826	0	0	0	0	0	3
32	87	0	0.188312701	13.5863822	15.5243256	13.5863822	19.8756081	4.35128256	0	0	0	0	0	3
33	89	0	0.194197473	13.5667251	15.4650043	13.5667251	19.8756081	4.41060379	0	0	0	0	0	3
34	92	0	0.200082245	13.55175	15.4087321	13.55175	19.8756081	4.46687597	0	0	0	0	0	3
35	94	0	0.205967017	13.5390897	15.3553138	13.5390897	19.8756081	4.52029433	0	0	0	0	0	3
36	96	0	0.211851789	12.8771624	15.2864762	12.8771624	19.8756081	4.58913187	0	0	0	0	0	3
37	99	0	0.217736561	12.869925	15.2211641	12.869925	19.8756081	4.65444406	0	0	0	0	0	3
38	101	0	0.223621333	12.8652095	15.1591653	12.8652095	19.8756081	4.71644287	0	0	0	0	0	3
39	104	0	0.229506105	12.8618197	15.100259	12.8618197	19.8756081	4.77534916	0	0	0	0	0	3
40	106	0	0.235390876	12.8595343	15.0442408	12.8595343	19.8756081	4.83136728	0	0	0	0	0	3
41	109	0	0.241275648	12.3435381	14.97837	12.3435381	19.8756081	4.89723808	0	0	0	0	0	3
42	111	0	0.24716042	12.3486906	14.9157586	12.3435381	19.8756081	4.95984949	0	0	0	0	0	3
43	114	0	0.253045192	12.3535407	14.8561722	12.3435381	19.8756081	5.01943595	0	0	0	0	0	3
44	116	0	0.258929964	12.3572774	14.7993791	12.3435381	19.8756081	5.07622902	0	0	0	0	0	3
45	119	0	0.264814736	12.3606004	14.745184	12.3435381	19.8756081	5.1304241	0	0	0	0	0	3
46	121	0	0.270699508	12.0172463	14.685881	12.0172463	19.8756081	5.18972709	0	0	0	0	0	3
47	124	0	0.27658428	12.0217468	14.6291973	12.0172463	19.8756081	5.2464108	0	0	0	0	0	3
48	127	0	0.282469052	12.0253789	14.5749511	12.0172463	19.8756081	5.30065702	0	0	0	0	0	3
49	129	0	0.288353824	12.0276094	14.5229645	12.0172463	19.8756081	5.35264358	0	0	0	0	0	3
50	132	0	0.294238596	12.0291316	14.4730879	12.0172463	19.8756081	5.40252024	0	0	0	0	0	3
51	134	0	0.300123368	11.8590273	14.4218318	11.8590273	19.8756081	5.45377633	0	0	0	0	0	3
52	136	0	0.306008139	11.8613446	14.3725916	11.8590273	19.8756081	5.50301647	0	0	0	0	0	3
53	139	0	0.311892911	11.8637638	14.3252553	11.8590273	19.8756081	5.55035284	0	0	0	0	0	3
54	141	0	0.317777683	11.8660327	14.2797141	11.8590273	19.8756081	5.595894	0	0	0	0	0	3
55	144	0	0.323662455	11.8679129	14.2358632	11.8590273	19.8756081	5.63974494	0	0	0	0	0	3
56	146	0	0.329547227	11.7539272	14.1915429	11.7539272	19.8756081	5.68406522	0	0	0	0	0	3
57	148	0	0.335431999	11.7583814	14.1488559	11.7539272	19.8756081	5.72675226	0	0	0	0	0	3
58	151	0	0.341316771	11.7623829	14.1077098	11.7539272	19.8756081	5.76789835	0	0	0	0	0	3
59	153	0	0.347201543	11.7660821	14.0680212	11.7539272	19.8756081	5.80758695	0	0	0	0	0	3
60	156	0	0.353086315	11.769406	14.0297109	11.7539272	19.8756081	5.84589721	0	0	0	0	0	3
61	159	0	0.358971087	11.6565622	13.9908068	11.6565622	19.8756081	5.88480128	0	0	0	0	0	3
62	161	0	0.364855859	11.6584455	13.9531881	11.6565622	19.8756081	5.92242002	0	0	0	0	0	3
63	164	0	0.37074063	11.6590206	13.9167727	11.6565622	19.8756081	5.95883537	0	0	0	0	0	3
64	166	0	0.376625402	11.6585313	13.8814877	11.6565622	19.8756081	5.9941204	0	0	0	0	0	3
65	169	0	0.382510174	11.6573261	13.8472699	11.6565622	19.8756081	6.02833827	0	0	0	0	0	3
66	172	0	0.388394946	11.6029822	13.8132655	11.6029822	19.8756081	6.06234262	0	0	0	0	0	3
67	174	0	0.394279718	11.6017691	13.7802581	11.6017691	19.8756081	6.09535003	0	0	0	0	0	3
68	177	0	0.40016449	11.6001822	13.7481981	11.6001822	19.8756081	6.12740997	0	0	0	0	0	3
69	179	0	0.406049262	11.5990125	13.7170505	11.5990125	19.8756081	6.15855759	0	0	0	0	0	3
70	181	0	0.411934034	11.5974918	13.6867711	11.5974918	19.8756081	6.188837	0	0	0	0	0	3
71	184	0	0.417818806	11.5951422	13.6573116	11.5951422	19.8756081	6.21829656	0	0	0	0	0	3
72	187	0	0.423703578	11.5952605	13.628672	11.5951422	19.8756081	6.24693616	0	0	0	0	0	3
73	189	0	0.42958835	11.5954601	13.6008197	11.5951422	19.8756081	6.27478838	0	0	0	0	0	3
74	192	0	0.435473122	11.5953768	13.5737192	11.5951422	19.8756081	6.30188896	0	0	0	0	0	3
75	194	0	0.441357893	11.5950065	13.5473363	11.5950065	19.8756081	6.32827179	0	0	0	0	0	3
76	197	0	0.447242665	11.5668147	13.5212768	11.5668147	19.8756081	6.35433129	0	0	0	0	0	3
77	199	0	0.453127437	11.5674411	13.4959023	11.5668147	19.8756081	6.37970578	0	0	0	0	0	3
78	202	0	0.459012209	11.5677091	13.4711819	11.5668147	19.8756081	6.40442621	0	0	0	0	0	3
79	204	0	0.464896981	11.568302	13.4470948	11.5668147	19.8756081	6.42851329	0	0	0	0	0	3
80	207	0	0.470781753	11.5676316	13.4236015	11.5668147	19.8756081	6.45200658	0	0	0	0	0	3
81	209	0	0.476666525	11.5935908	13.4010088	11.5668147	19.8756081	6.47459931	0	0	0	0	0	3
82	211	0	0.482551297	11.5930826	13.3789609	11.5668147	19.8756081	6.49664719	0	0	0	0	0	3
83	214	0	0.488436069	11.5932309	13.3574461	11.5668147	19.8756081	6.51816201	0	0	0	0	0	3
84	216	0	0.494320841	11.5935634	13.3364475	11.5668147	19.8756081	6.53916061	0	0	0	0	0	3
85	219	0	0.500205613	11.5936918	13.3159445	11.5668147	19.8756081	6.55966362	0	0	0	0	0	3
86	221	0	0.506090384	11.6121057	13.2187268	11.5668147	16.8175241	4.91713396	0	0	0	0	0	3
87	224	0	0.511975156	11.6100336	13.16242	11.5668147	16.8175241	4.53399523	0	0	0	0	0	3
88	226	0	0.517859928	11.6077243	13.1011282	11.5668147	16.1243008	4.20225839	0	0	0	0	0	3
89	229	0	0.5237447	11.6054292	13.047965	11.5668147	16.0651433	3.99752912	0	0	0	0	0	3
90	231	0	0.529629472	11.6031813	12.9960739	11.5668147	16.0651433	3.88602841	0	0	0	0	0	3
91	234	0	0.535514244	11.588028	12.943402	11.5668147	16.0454045	3.81917209	0	0	0	0	0	3
92	236	0	0.541399016	11.5874101	12.890955	11.5668147	16.0323593	3.78034223	0	0	0	0	0	3
93	239	0	0.547283788	11.5865746	12.8386517	11.5668147	16.0134072	3.75954668	0	0	0	0	0	3
94	241	0	0.55316856	11.5856577	12.7865605	11.5668147	16.0008592	3.75190394	0	0	0	0	0	3
95	244	0	0.559053332	11.5857835	12.7346184	11.5668147	15.8732257	3.74336976	0	0	0	0	0	3
96	246	0	0.564938104	11.5716301	12.6840114	11.5668147	15.8514679	3.74176674	0	0	0	0	0	3
97	249	0	0.570822876	11.573038	12.6336769	11.5668147	15.8276079	3.74608811	0	0	0	0	0	3
98	251	0	0.576707647	11.5742976	12.583638	11.5668147	15.806799	3.75520091	0	0	0	0	0	3
99	254	0	0.582592419	11.5755512	12.5338586	11.5668147	15.7838705	3.7679824	0	0	0	0	0	3
100	257	0	0.588477191	11.5765489	12.4843607	11.5668147	15.5839756	3.77261371	0	0	0	0	0	3
101	264	0	0.594361963	11.5509685	12.4369136	11.5509685	15.5530765	3.77865509	0	0	0	0	0	3
102	266	0	0.600246735	11.5526892	12.3898502	11.5509685	15.5239007	3.78729247	0	0	0	0	0	3
103	268	0	0.606131507	11.5535456	12.3431401	11.5509685	15.4925125	3.79796936	0	0	0	0	0	3
104	271	0	0.612016279	11.5540383	12.2968051	11.5509685	15.4643001	3.81046388	0	0	0	0	0	3
105	273	0	0.617901051	11.5545914	12.2508086	11.5509685	15.1293125	3.57834401	0	0	0	0	0	3
106	275	0	0.623785823	11.605514	12.2093521	11.5509685	15.092396	3.54142756	0	0	0	0	0	3
107	278	0	0.629670595	11.606798	12.1683451	11.5509685	15.0516233	3.50065477	0	0	0	0	0	3
108	280	0	0.635555367	11.607922	12.127831	11.5509685	15.0178591	3.46689057	0	0	0	0	0	3
109	283	0	0.641440138	11.6090516	12.0877273	11.5509685	14.9823907	3.43142225	0	0	0	0	0	3
110	285	0	0.64732491	11.6091739	12.0480424	11.5509685	14.5025701	2.95160165	0	0	0	0	0	3
111	287	0	0.653209682	11.5950779	12.0138366	11.5509685	14.4622948	2.91132628	0	0	0	0	0	3
112	290	0	0.659094454	11.5952266	11.9801064	11.5509685	14.4279099	2.87694137	0	0	0	0	0	3
113	292	0	0.664979226	11.5954838	11.9467838	11.5509685	14.3977978	2.84682927	0	0	0	0	0	3
114	295	0	0.670863998	11.5957935	11.913819	11.5509685	14.3720309	2.82106245	0	0	0	0	0	3
115	297	0	0.67674877	11.5960284	11.8811602	11.5509685	13.61047	2.05950156	0	0	0	0	0	3
116	300	0	0.682633542	11.5992827	11.8574991	11.5509685	13.5863822	2.03541375	0	0	0	0	0	3
117	302	0	0.688518314	11.5979987	11.8341064	11.5509685	13.5667251	2.01575661	0	0	0	0	0	3
118	305	0	0.694403086	11.5961713	11.8109234	11.5509685	13.55175	2.00078149	0	0	0	0	0	3
119	307	0	0.700287858	11.594392	11.7878957	11.5509685	13.5390897	1.98812119	0	0	0	0	0	3
120	310	0	0.706172629	11.592783	11.7649979	11.5509685	12.8771624	1.32619387	0	0	0	0	0	3
121	312	0	0.712057401	11.594963	11.7499132	11.5509685	12.869925	1.31895655	0	0	0	0	0	3
122	315	0	0.717942173	11.5934623	11.734896	11.5509685	12.8652095	1.31424104	0	0	0	0	0	3
123	317	0	0.723826945	11.5918332	11.7199151	11.5509685	12.8618197	1.31085125	0	0	0	0	0	3
124	320	0	0.729711717	11.591144	11.704966	11.5509685	12.8595343	1.3085658	0	0	0	0	0	3
125	322	0	0.735596489	11.5916718	11.69005	11.5509685	12.3606004	0.809631883	0	0	0	0	0	3
126	325	0	0.741481261	11.5875014	11.6811554	11.5509685	12.3606004	0.809631883	0	0	0	0	0	3
127	327	0	0.747366033	11.587239	11.6721972	11.5509685	12.3606004	0.809631883	0	0	0	0	0	3
128	329	0	0.753250805	11.5866447	11.6631749	11.5509685	12.3606004	0.809631883	0	0	0	0	0	3
129	332	0	0.759135577	11.5862208	11.6541036	11.5509685	12.3606004	0.809631883	0	0	0	0	0	3
130	334	0	0.765020349	11.5844556	11.6449725	11.5509685	12.0291316	0.47816316	0	0	0	0	0	3
131	337	0	0.770905121	11.6122553	11.6402079	11.5509685	12.0291316	0.47816316	0	0	0	0	0	3
132	339	0	0.776789892	11.6108972	11.6353744	11.5509685	12.0291316	0.47816316	0	0	0	0	0	3
133	341	0	0.782674664	11.6108744	11.6304978	11.5509685	12.0291316	0.47816316	0	0	0	0	0	3
134	343	0	0.788559436	11.6114237	11.6256015	11.5509685	12.0291316	0.47816316	0	0	0	0	0	3
135	346	0	0.794444208	11.6123584	11.6206983	11.5509685	11.8679129	0.31694441	0	0	0	0	0	3
136	348	0	0.80032898	11.5918706	11.6175553	11.5509685	11.8679129	0.31694441	0	0	0	0	0	3
137	350	0	0.806213752	11.594334	11.614414	11.5509685	11.8679129	0.31694441	0	0	0	0	0	3
138	352	0	0.812098524	11.5978047	11.6112851	11.5509685	11.8679129	0.31694441	0	0	0	0	0	3
139	355	0	0.817983296	11.6018669	11.6081772	11.5509685	11.8679129	0.31694441	0	0	0	0	0	3
140	357	0	0.823868068	11.6064333	11.605101	11.5509685	11.769406	0.218437543	0	0	0	0	0	3
141	359	0	0.82975284	11.6040722	11.603338	11.5509685	11.769406	0.218437543	0	0	0	0	0	3
142	361	0	0.835637612	11.6072055	11.6015595	11.5509685	11.769406	0.218437543	0	0	0	0	0	3
143	364	0	0.841522383	11.6092107	11.5997574	11.5509685	11.769406	0.218437543	0	0	0	0	0	3
144	366	0	0.847407155	11.6111001	11.5979341	11.5509685	11.769406	0.218437543	0	0	0	0	0	3
145	369	0	0.853291927	11.613079	11.596095	11.5509685	11.6590206	0.108052083	0	0	0	0	0	3
146	371	0	0.859176699	11.5988306	11.5954158	11.5509685	11.6590206	0.108052083	0	0	0	0	0	3
147	374	0	0.865061471	11.6008778	11.5947385	11.5509685	11.6590206	0.108052083	0	0	0	0	0	3
148	377	0	0.870946243	11.6033175	11.5940832	11.5509685	11.6585313	0.107562852	0	0	0	0	0	3
149	379	0	0.876831015	11.6046748	11.5934496	11.5509685	11.6573261	0.10635761	0	0	0	0	0	3
150	382	0	0.882715787	11.6062313	11.5928485	11.5509685	11.613079	0.0621105294	0	0	0	0	0	3
151	384	0	0.888600559	11.5519009	11.5922475	11.5509685	11.613079	0.0621105294	0	0	0	0	0	3
152	387	0	0.894485331	11.5522679	11.5916651	11.5509685	11.613079	0.0621105294	0	0	0	0	0	3
153	389	0	0.900370103	11.5516206	11.5910938	11.5509685	11.613079	0.0621105294	0	0	0	0	0	3
154	392	0	0.906254875	11.5509459	11.5905283	11.5509459	11.613079	0.0621331435	0	0	0	0	0	3
155	394	0	0.912139646	11.5500083	11.5899697	11.5500083	11.613079	0.0630707652	0	0	0	0	0	3
156	397	0	0.918024418	11.5862596	11.5898652	11.5500083	11.613079	0.0630707652	0	0	0	0	0	3
157	399	0	0.92390919	11.5849576	11.589744	11.5500083	11.613079	0.0630707652	0	0	0	0	0	3
158	402	0	0.929793962	11.5838705	11.5896077	11.5500083	11.613079	0.0630707652	0	0	0	0	0	3
159	405	0	0.935678734	11.5827646	11.5894593	11.5500083	11.613079	0.0630707652	0	0	0	0	0	3
160	407	0	0.941563506	11.5813002	11.589298	11.5500083	11.613079	0.0630707652	0	0	0	0	0	3
161	410	0	0.947448278	11.5772016	11.5894202	11.5500083	11.613079	0.0630707652	0	0	0	0	0	3
162	412	0	0.95333305	11.5759746	11.5895206	11.5500083	11.613079	0.0630707652	0	0	0	0	0	3
163	414	0	0.959217822	11.5747674	11.5896037	11.5500083	11.613079	0.0630707652	0	0	0	0	0	3
164	417	0	0.965102594	11.574065	11.5896715	11.5500083	11.613079	0.0630707652	0	0	0	0	0	3
165	419	0	0.970987366	11.5733534	11.5897388	11.5500083	11.613079	0.0630707652	0	0	0	0	0	3
166	421	0	0.976872137	11.5796209	11.5895744	11.5500083	11.613079	0.0630707652	0	0	0	0	0	3
167	424	0	0.982756909	11.5778693	11.5893954	11.5500083	11.613079	0.0630707652	0	0	0	0	0	3
168	426	0	0.988641681	11.5762983	11.5891962	11.5500083	11.613079	0.0630707652	0	0	0	0	0	3
169	428	0	0.994526453	11.5744171	11.588971	11.5500083	11.613079	0.0630707652	0	0	0	0	0	3
170	431	0	1.00041123	11.5726505	11.5887234	11.5500083	11.613079	0.0630707652	0.158025476	0	100	0	0	3
171	433	0	1.006296	11.5854642	11.58841	11.5500083	11.613079	0.0630707652	0.158025476	0	100	0	0	3
172	436	0	1.01218077	11.5961875	11.5882471	11.5500083	11.613079	0.0630707652	0.158025476	0	100	0	0	3
173	438	0	1.01806554	11.5946277	11.588093	11.5500083	11.613079	0.0630707652	0.158025476	0	100	0	0	3
174	440	0	1.02395031	11.6021277	11.5880542	11.5500083	11.613079	0.0630707652	0.158025476	0	100	0	0	3
175	443	0	1.02983508	11.5928949	11.5879332	11.5500083	11.613079	0.0630707652	0.158025476	0	100	0	0	3
176	445	0	1.03571986	11.5884835	11.5879385	11.5500083	11.613079	0.0630707652	0.158025476	0	100	0	0	3
177	448	0	1.04160463	11.6088959	11.5881913	11.5500083	11.613079	0.0630707652	0.158025476	0	100	0	0	3
178	450	0	1.0474894	11.5932413	11.5882697	11.5500083	11.613079	0.0630707652	0.158025476	0	100	0	0	3
179	453	0	1.05337417	11.6115175	11.588574	11.5500083	11.613079	0.0630707652	0.158025476	0	100	0	0	3
180	455	0	1.05925894	11.5871686	11.5885903	11.5500083	11.613079	0.0630707652	0.158025476	0	100	0	0	3
181	458	0	1.06514372	11.5966442	11.5888846	11.5500083	11.613079	0.0630707652	0.158025476	0	100	0	0	3
182	460	0	1.07102849	11.5805693	11.5889732	11.5500083	11.613079	0.0630707652	0.158025476	0	100	0	0	3
183	463	0	1.07691326	11.5894735	11.5891517	11.5500083	11.613079	0.0630707652	0.158025476	0	100	0	0	3
184	465	0	1.08279803	11.5733304	11.5891256	11.5500083	11.613079	0.0630707652	0.158025476	0	100	0	0	3
185	468	0	1.0886828	11.6013589	11.5894175	11.5500083	11.613079	0.0630707652	0.158025476	0	100	0	0	3
186	471	0	1.09456758	11.5789281	11.5897464	11.5500083	11.613079	0.0630707652	0.158025476	0	100	0	0	3
187	473	0	1.10045235	11.597036	11.5902681	11.5500083	11.613079	0.0630707652	0.158025476	0	100	0	0	3
188	475	0	1.10633712	11.5765983	11.5905393	11.5500083	11.613079	0.0630707652	0.158025476	0	100	0	0	3
189	478	0	1.11222189	11.5966613	11.5910408	11.5500083	11.613079	0.0630707652	0.158025476	0	100	0	0	3
190	480	0	1.11810666	11.5793298	11.5913318	11.5500083	11.613079	0.0630707652	0.158025476	0	100	0	0	3
191	482	0	1.12399144	11.5817697	11.5910525	11.5500083	11.613079	0.0630707652	0.158025476	0	100	0	0	3
192	484	0	1.12987621	11.5845019	11.5907902	11.5500083	11.613079	0.0630707652	0.158025476	0	100	0	0	3
193	486	0	1.13576098	11.5975027	11.5906676	11.5500083	11.613079	0.0630707652	0.158025476	0	100	0	0	3
194	489	0	1.14164575	11.5931493	11.5904805	11.5500083	11.613079	0.0630707652	0.158025476	0	100	0	0	3
195	491	0	1.14753052	11.5888176	11.590241	11.5500083	11.613079	0.0630707652	0.158025476	0	100	0	0	3
196	493	0	1.15341529	11.5813395	11.5900794	11.5500083	11.613079	0.0630707652	0.158025476	0	100	0	0	3
197	495	0	1.15930007	11.5650372	11.5897242	11.5500083	11.613079	0.0630707652	0.158025476	0	100	0	0	3
198	497	0	1.16518484	11.5694215	11.5894176	11.5500083	11.613079	0.0630707652	0.158025476	0	100	0	0	3
199	500	0	1.17106961	11.5722847	11.589141	11.5500083	11.613079	0.0630707652	0.158025476	0	100	0	0	3
200	502	0	1.17695438	11.5796033	11.5889478	11.5500083	11.613079	0.0630707652	0.158025476	0	100	0	0	3
201	509	0	1.18283915	11.6062223	11.5890294	11.5500083	11.613079	0.0630707652	0.158025476	0	100	0	0	3
202	511	0	1.18872393	11.6092798	11.5891621	11.5500083	11.613079	0.0630707652	0.158025476	0	100	0	0	3
203	513	0	1.1946087	11.6134227	11.5893651	11.5500083	11.6134227	0.0634144332	0.158025476	0	100	0	0	3
204	515	0	1.20049347	11.6038919	11.5894769	11.5500083	11.6134227	0.0634144332	0.158025476	0	100	0	0	3
205	517	0	1.20637824	11.6012118	11.589576	11.5500083	11.6134227	0.0634144332	0.158025476	0	100	0	0	3
206	520	0	1.21226301	11.5698641	11.5892807	11.5500083	11.6134227	0.0634144332	0.158025476	0	100	0	0	3
207	522	0	1.21814779	11.5895744	11.589235	11.5500083	11.6134227	0.0634144332	0.158025476	0	100	0	0	3
208	524	0	1.22403256	11.5855666	11.5891613	11.5500083	11.6134227	0.0634144332	0.158025476	0	100	0	0	3
209	526	0	1.22991733	11.5906113	11.589155	11.5500083	11.6134227	0.0634144332	0.158025476	0	100	0	0	3
210	528	0	1.2358021	11.5837576	11.5890619	11.5500083	11.6134227	0.0634144332	0.158025476	0	100	0	0	3
211	530	0	1.24168687	11.5764475	11.5889319	11.5500083	11.6134227	0.0634144332	0.158025476	0	100	0	0	3
212	533	0	1.24757165	11.5886144	11.588948	11.5500083	11.6134227	0.0634144332	0.158025476	0	100	0	0	3
213	535	0	1.25345642	11.5805693	11.5888766	11.5500083	11.6134227	0.0634144332	0.158025476	0	100	0	0	3
214	537	0	1.25934119	11.5999638	11.5890382	11.5500083	11.6134227	0.0570393118	0.158025476	0	100	0	0	3
215	539	0	1.26522596	11.5910774	11.5891162	11.5500083	11.6134227	0.0522747116	0.158025476	0	100	0	0	3
216	541	0	1.27111073	11.5994683	11.5889657	11.5500083	11.6134227	0.047441187	0.158025476	0	100	0	0	3
217	544	0	1.2769955	11.6014187	11.5888542	11.5500083	11.6134227	0.0425646642	0.158025476	0	100	0	0	3
218	546	0	1.28288028	11.6055315	11.5887913	11.5500083	11.6134227	0.0376683624	0.158025476	0	100	0	0	3
219	549	0	1.28876505	11.5721318	11.5883291	11.5500083	11.6134227	0.0327651476	0.158025476	0	100	0	0	3
220	551	0	1.29464982	11.5947737	11.5881222	11.5500083	11.6134227	0.0296221274	0.158025476	0	100	0	0	3
221	554	0	1.30053459	11.5915886	11.5881189	11.5500083	11.6134227	0.0264808261	0.158025476	0	100	0	0	3
222	556	0	1.30641936	11.5859161	11.5880199	11.5500083	11.6134227	0.0233518962	0.158025476	0	100	0	0	3
223	559	0	1.31230414	11.5866994	11.5878892	11.5500083	11.6134227	0.0202880344	0.158025476	0	100	0	0	3
224	561	0	1.31818891	11.5916473	11.587769	11.5500083	11.6134227	0.0173320341	0.158025476	0	100	0	0	3
225	564	0	1.32407368	11.5815306	11.587476	11.5500083	11.6134227	0.0158620078	0.158025476	0	100	0	0	3
226	566	0	1.32995845	11.5819235	11.5872154	11.5500083	11.6134227	0.0143440415	0.158025476	0	100	0	0	3
227	569	0	1.33584322	11.5832471	11.5869336	11.5500083	11.6134227	0.0128238789	0.158025476	0	100	0	0	3
228	571	0	1.341728	11.5845006	11.5866429	11.5500083	11.6134227	0.0112912686	0.158025476	0	100	0	0	3
229	574	0	1.34761277	11.5861856	11.5863497	11.5500083	11.6134227	0.00974524011	0.158025476	0	100	0	0	3
230	576	0	1.35349754	11.5901226	11.5860797	11.5500083	11.6134227	0.00933612014	0.158025476	0	100	0	0	3
231	579	0	1.35938231	11.6096862	11.5862074	11.5500083	11.6134227	0.00865885261	0.158025476	0	100	0	0	3
232	581	0	1.36526708	11.6072074	11.5862819	11.5500083	11.6134227	0.00800352238	0.158025476	0	100	0	0	3
233	584	0	1.37115186	11.6067712	11.5863225	11.5500083	11.6134227	0.00736991569	0.158025476	0	100	0	0	3
234	586	0	1.37703663	11.6057096	11.5863347	11.5500083	11.6134227	0.0067688001	0.158025476	0	100	0	0	3
235	588	0	1.3829214	11.6086212	11.5863628	11.5500083	11.6134227	0.00616784363	0.158025476	0	100	0	0	3
236	591	0	1.38880617	11.5954267	11.5868748	11.5500083	11.6134227	0.00558547694	0.158025476	0	100	0	0	3
237	593	0	1.39469094	11.6097487	11.5875511	11.5500083	11.6134227	0.00525213959	0.158025476	0	100	0	0	3
238	595	0	1.40057572	11.5828768	11.5879188	11.5500083	11.6134227	0.00525213959	0.158025476	0	100	0	0	3
239	598	0	1.40646049	11.6003755	11.5885003	11.5500083	11.6134227	0.00525213959	0.158025476	0	100	0	0	3
240	600	0	1.41234526	11.6008818	11.5890988	11.5650372	11.6134227	0.00525213959	0.158025476	0	100	0	0	3
241	602	0	1.41823003	11.5857351	11.5890927	11.5650372	11.6134227	0.00525213959	0.158025476	0	100	0	0	3
242	604	0	1.4241148	11.5799649	11.5890339	11.5650372	11.6134227	0.00525213959	0.158025476	0	100	0	0	3
243	607	0	1.42999957	11.5904258	11.5891111	11.5650372	11.6134227	0.00525213959	0.158025476	0	100	0	0	3
244	609	0	1.43588435	11.5765228	11.5890376	11.5650372	11.6134227	0.00525213959	0.158025476	0	100	0	0	3
245	611	0	1.44176912	11.5923543	11.5891677	11.5650372	11.6134227	0.00525213959	0.158025476	0	100	0	0	3
246	614	0	1.44765389	11.5931449	11.5893552	11.5650372	11.6134227	0.00525213959	0.158025476	0	100	0	0	3
247	616	0	1.45353866	11.6065766	11.5897153	11.5650372	11.6134227	0.00525213959	0.158025476	0	100	0	0	3
248	619	0	1.45942343	11.6024369	11.5900408	11.5650372	11.6134227	0.00525213959	0.158025476	0	100	0	0	3
249	621	0	1.46530821	11.624887	11.5906387	11.5650372	11.624887	0.00525213959	0.158025476	0	100	0	0	3
250	624	0	1.47119298	11.6253697	11.5912507	11.5650372	11.6253697	0.00525213959	0.158025476	0	100	0	0	3
251	626	0	1.47707775	11.6073016	11.5915763	11.5650372	11.6253697	0.00549663497	0.158025476	0	100	0	0	3
252	629	0	1.48296252	11.5949021	11.5917767	11.5650372	11.6253697	0.00569701994	0.158025476	0	100	0	0	3
253	631	0	1.48884729	11.6039909	11.5921025	11.5650372	11.6253697	0.006022816	0.158025476	0	100	0	0	3
254	633	0	1.49473207	11.6014907	11.592421	11.5650372	11.6253697	0.00634132906	0.158025476	0	100	0	0	3
255	636	0	1.50061684	11.5821596	11.5925329	11.5650372	11.6253697	0.00645320072	0.158025476	0	100	0	0	3
256	638	0	1.50650161	11.5902991	11.5925898	11.5650372	11.6253697	0.00651008132	0.158025476	0	100	0	0	3
257	641	0	1.51238638	11.5875241	11.5924878	11.5650372	11.6253697	0.00651008132	0.158025476	0	100	0	0	3
258	643	0	1.51827115	11.5863823	11.5923908	11.5650372	11.6253697	0.00651008132	0.158025476	0	100	0	0	3
259	645	0	1.52415593	11.5770922	11.5920963	11.5650372	11.6253697	0.00651008132	0.158025476	0	100	0	0	3
260	648	0	1.5300407	11.5909373	11.5920733	11.5650372	11.6253697	0.00651008132	0.158025476	0	100	0	0	3
261	650	0	1.53592547	11.5779804	11.5919497	11.5650372	11.6253697	0.00651008132	0.158025476	0	100	0	0	3
262	653	0	1.54181024	11.5908103	11.5917369	11.5650372	11.6253697	0.00651008132	0.158025476	0	100	0	0	3
263	655	0	1.54769501	11.5832606	11.5916195	11.5650372	11.6253697	0.00651008132	0.158025476	0	100	0	0	3
264	657	0	1.55357978	11.5940012	11.5914134	11.5650372	11.6253697	0.00651008132	0.158025476	0	100	0	0	3
265	660	0	1.55946456	11.5661243	11.5911658	11.5650372	11.6253697	0.00651008132	0.158025476	0	100	0	0	3
266	4264	0	1.56534933	11.5915974	11.5911065	11.5650372	11.6253697	0.00651008132	0.158025476	0	100	0	0	3
267	4266	0	1.5712341	11.5707972	11.5909915	11.5650372	11.6253697	0.00651008132	0.158025476	0	100	0	0	3
268	4268	0	1.57711887	11.5873221	11.5909662	11.5650372	11.6253697	0.00651008132	0.158025476	0	100	0	0	3
269	4271	0	1.58300364	11.5828416	11.5910781	11.5650372	11.6253697	0.00651008132	0.158025476	0	100	0	0	3
270	4274	0	1.58888842	11.5883459	11.590925	11.5650372	11.6253697	0.00651008132	0.158025476	0	100	0	0	3
271	4277	0	1.59477319	11.5844807	11.5909903	11.5650372	11.6253697	0.00651008132	0.158025476	0	100	0	0	3
272	58057	0	1.60065796	11.60519	11.5910863	11.5650372	11.6253697	0.00651008132	0.158025476	0	100	0	0	3
273	58061	0	1.60654273	11.5995081	11.5913558	11.5650372	11.6253697	0.00651008132	0.158025476	0	100	0	0	3
274	58065	0	1.6124275	11.6128896	11.5915467	11.5650372	11.6253697	0.00651008132	0.158025476	0	100	0	0	3
275	58069	0	1.61831228	11.602417	11.5918183	11.5650372	11.6253697	0.00651008132	0.158025476	0	100	0	0	3
276	58072	0	1.62419705	11.6096207	11.592146	11.5650372	11.6253697	0.00651008132	0.158025476	0	100	0	0	3
277	58076	0	1.63008182	11.5991956	11.5923188	11.5650372	11.6253697	0.00651008132	0.158025476	0	100	0	0	3
278	58080	0	1.63596659	11.6119753	11.5924891	11.5650372	11.6253697	0.00651008132	0.158025476	0	100	0	0	3
279	58083	0	1.64185136	11.5787748	11.59232	11.5650372	11.6253697	0.00651008132	0.158025476	0	100	0	0	3
280	58086	0	1.64773614	11.6168892	11.5926503	11.5650372	11.6253697	0.00657058059	0.158025476	0	100	0	0	3
281	58089	0	1.65362091	11.5723696	11.5925447	11.5650372	11.6253697	0.00657058059	0.158025476	0	100	0	0	3
282	58092	0	1.65950568	11.6119909	11.5930971	11.5661243	11.6253697	0.00701744861	0.158025476	0	100	0	0	3
283	58095	0	1.66539045	11.5996152	11.5934523	11.5661243	11.6253697	0.00737266804	0.158025476	0	100	0	0	3
284	58098	0	1.67127522	11.5965841	11.5937382	11.5661243	11.6253697	0.00765854315	0.158025476	0	100	0	0	3
285	58101	0	1.67716	11.592233	11.5938868	11.5661243	11.6253697	0.0078071285	0.158025476	0	100	0	0	3
286	58104	0	1.68304477	11.5915544	11.5937142	11.5661243	11.6253697	0.0078071285	0.158025476	0	100	0	0	3
287	58107	0	1.68892954	11.5785614	11.5933528	11.5661243	11.6253697	0.0078071285	0.158025476	0	100	0	0	3
288	58110	0	1.69481431	11.5814121	11.5929762	11.5661243	11.6253697	0.0078071285	0.158025476	0	100	0	0	3
289	58113	0	1.70069908	11.5786663	11.5926795	11.5661243	11.6253697	0.0078071285	0.158025476	0	100	0	0	3
290	58116	0	1.70658385	11.5897376	11.5925445	11.5661243	11.6253697	0.0078071285	0.158025476	0	100	0	0	3
291	58118	0	1.71246863	11.5950239	11.5928405	11.5661243	11.6253697	0.0078071285	0.158025476	0	100	0	0	3
292	58121	0	1.7183534	11.6119116	11.5931033	11.5661243	11.6253697	0.0078071285	0.158025476	0	100	0	0	3
293	58123	0	1.72423817	11.607532	11.5933617	11.5661243	11.6253697	0.0078071285	0.158025476	0	100	0	0	3
294	58126	0	1.73012294	11.6025846	11.5935026	11.5661243	11.6253697	0.0078071285	0.158025476	0	100	0	0	3
295	58129	0	1.73600771	11.5961671	11.5936485	11.5661243	11.6253697	0.0078071285	0.158025476	0	100	0	0	3
296	58132	0	1.74189249	11.5977999	11.5938998	11.5661243	11.6253697	0.00782008083	0.158025476	0	100	0	0	3
297	58134	0	1.74777726	11.5902179	11.5939186	11.5661243	11.6253697	0.00783894519	0.158025476	0	100	0	0	3
298	58137	0	1.75366203	11.5817706	11.5939328	11.5661243	11.6253697	0.00785307782	0.158025476	0	100	0	0	3
299	58140	0	1.7595468	11.5929238	11.5938499	11.5661243	11.6253697	0.00785307782	0.158025476	0	100	0	0	3
300	58142	0	1.76543157	11.5710172	11.5936139	11.5661243	11.6253697	0.00785307782	0.158025476	0	100	0	0	3
301	58149	0	1.77131635	11.6113316	11.5937535	11.5661243	11.6253697	0.00785307782	0.158025476	0	100	0	0	3
302	58151	0	1.77720112	11.5767857	11.5934637	11.5661243	11.6253697	0.00785307782	0.158025476	0	100	0	0	3
303	58154	0	1.78308589	11.6035124	11.5934399	11.5661243	11.6253697	0.00785307782	0.158025476	0	100	0	0	3
304	58157	0	1.78897066	11.575241	11.5934765	11.5661243	11.6253697	0.00785307782	0.158025476	0	100	0	0	3
305	58159	0	1.79485543	11.5965236	11.5934971	11.5661243	11.6253697	0.00785307782	0.158025476	0	100	0	0	3
306	58162	0	1.80074021	11.5770751	11.5933264	11.5661243	11.6253697	0.00785307782	0.158025476	0	100	0	0	3
307	58164	0	1.80662498	11.594452	11.5934268	11.5661243	11.6253697	0.00785307782	0.158025476	0	100	0	0	3
308	58167	0	1.81250975	11.5913486	11.5934815	11.5661243	11.6253697	0.00785307782	0.158025476	0	100	0	0	3
309	58169	0	1.81839452	11.6063981	11.593655	11.5661243	11.6253697	0.00785307782	0.158025476	0	100	0	0	3
310	58172	0	1.82427929	11.5938905	11.5938004	11.5661243	11.6253697	0.00785307782	0.158025476	0	100	0	0	3
311	58174	0	1.83016406	11.611156	11.5941443	11.5661243	11.6253697	0.00806466488	0.158025476	0	100	0	0	3
312	58177	0	1.83604884	11.6044818	11.5943942	11.5661243	11.6253697	0.00831448381	0.158025476	0	100	0	0	3
313	58179	0	1.84193361	11.6087993	11.59468	11.5661243	11.6253697	0.00860035071	0.158025476	0	100	0	0	3
314	58182	0	1.84781838	11.5994762	11.5948364	11.5661243	11.6253697	0.00875671127	0.158025476	0	100	0	0	3
315	58184	0	1.85370315	11.6068913	11.5950337	11.5661243	11.6253697	0.00882627695	0.158025476	0	100	0	0	3
316	58187	0	1.85958792	11.6151129	11.5950975	11.5661243	11.6253697	0.00881565472	0.158025476	0	100	0	0	3
317	58189	0	1.8654727	11.6085753	11.5951136	11.5661243	11.6253697	0.00879111568	0.158025476	0	100	0	0	3
318	58192	0	1.87135747	11.6159216	11.5952212	11.5661243	11.6253697	0.00888659229	0.158025476	0	100	0	0	3
319	58195	0	1.87724224	11.6060639	11.5952254	11.5661243	11.6253697	0.00886264439	0.158025476	0	100	0	0	3
320	58198	0	1.88312701	11.6207547	11.5953682	11.5661243	11.6253697	0.00849332271	0.158025476	0	100	0	0	3
321	58200	0	1.88901178	11.5840762	11.5952346	11.5661243	11.6253697	0.00781707787	0.158025476	0	100	0	0	3
322	58203	0	1.89489656	11.5994448	11.5951134	11.5661243	11.6253697	0.00744935732	0.158025476	0	100	0	0	3
323	58206	0	1.90078133	11.5877986	11.5951713	11.5661243	11.6253697	0.00686783196	0.158025476	0	100	0	0	3
324	58208	0	1.9066661	11.5936387	11.5950921	11.5661243	11.6253697	0.00633422794	0.158025476	0	100	0	0	3
325	58211	0	1.91255087	11.5810769	11.5948591	11.5661243	11.6253697	0.00633422794	0.158025476	0	100	0	0	3
326	58214	0	1.91843564	11.5655554	11.5946216	11.5655554	11.6253697	0.00633422794	0.158025476	0	100	0	0	3
327	58216	0	1.92432042	11.5700929	11.5945055	11.5655554	11.6253697	0.00633054018	0.158025476	0	100	0	0	3
328	58219	0	1.93020519	11.5584546	11.5941294	11.5584546	11.6253697	0.00633054018	0.158025476	0	100	0	0	3
329	58221	0	1.93608996	11.5619355	11.5939578	11.5584546	11.6253697	0.00620049209	0.158025476	0	100	0	0	3
330	58224	0	1.94197473	11.5761579	11.5937672	11.5584546	11.6253697	0.00601292372	0.158025476	0	100	0	0	3
331	58226	0	1.9478595	11.5691221	11.5934846	11.5584546	11.6253697	0.00565289962	0.158025476	0	100	0	0	3
332	58229	0	1.95374427	11.5985025	11.5933896	11.5584546	11.6253697	0.00532737658	0.158025476	0	100	0	0	3
333	58231	0	1.95962905	11.5667537	11.5929698	11.5584546	11.6253697	0.00472946988	0.158025476	0	100	0	0	3
334	58233	0	1.96551382	11.5837563	11.5924859	11.5584546	11.6253697	0.00444316274	0.158025476	0	100	0	0	3
335	58236	0	1.97139859	11.5724606	11.5918634	11.5584546	11.6207547	0.00444316274	0.158025476	0	100	0	0	3
336	58238	0	1.97728336	11.581849	11.591564	11.5584546	11.6207547	0.00444316274	0.158025476	0	100	0	0	3
337	58241	0	1.98316813	11.5575437	11.5911245	11.5575437	11.6207547	0.00444316274	0.158025476	0	100	0	0	3
338	58243	0	1.98905291	11.57368	11.5907679	11.5575437	11.6207547	0.00460026838	0.158025476	0	100	0	0	3
339	58246	0	1.99493768	11.5717057	11.5904175	11.5575437	11.6207547	0.00495067977	0.158025476	0	100	0	0	3
340	58248	0	2.00082245	11.5893363	11.5905019	11.5575437	11.6207547	0.00495067977	0.158025476	0	100	0	0	3
341	58251	0	2.00670722	11.5763311	11.5903376	11.5575437	11.6207547	0.00503057748	0.158025476	0	100	0	0	3
342	58253	0	2.01259199	11.5943421	11.5904178	11.5575437	11.6207547	0.00503057748	0.158025476	0	100	0	0	3
343	58256	0	2.01847677	11.5883766	11.5904413	11.5575437	11.6207547	0.00503057748	0.158025476	0	100	0	0	3
344	58259	0	2.02436154	11.5948902	11.5906507	11.5575437	11.6207547	0.00503057748	0.158025476	0	100	0	0	3
345	58262	0	2.03024631	11.5774526	11.590492	11.5575437	11.6207547	0.00503057748	0.158025476	0	100	0	0	3
346	58264	0	2.03613108	11.5953797	11.5906967	11.5575437	11.6207547	0.00503057748	0.158025476	0	100	0	0	3
347	58267	0	2.04201585	11.5977427	11.5907783	11.5575437	11.6207547	0.00503057748	0.158025476	0	100	0	0	3
348	58270	0	2.04790063	11.6008654	11.5909854	11.5575437	11.6207547	0.00503057748	0.158025476	0	100	0	0	3
349	58273	0	2.0537854	11.5968314	11.5910187	11.5575437	11.6207547	0.00503057748	0.158025476	0	100	0	0	3
350	58275	0	2.05967017	11.6121218	11.5915598	11.5575437	11.6207547	0.00503057748	0.158025476	0	100	0	0	3
351	58278	0	2.06555494	11.6143966	11.591828	11.5575437	11.6207547	0.00503057748	0.158025476	0	100	0	0	3
352	58280	0	2.07143971	11.6202347	11.5924097	11.5575437	11.6207547	0.00503057748	0.158025476	0	100	0	0	3
353	58283	0	2.07732449	11.6149059	11.5927342	11.5575437	11.6207547	0.00503057748	0.158025476	0	100	0	0	3
354	58285	0	2.08320926	11.6069733	11.5930181	11.5575437	11.6207547	0.00503057748	0.158025476	0	100	0	0	3
355	58288	0	2.08909403	11.6020007	11.5931787	11.5575437	11.6207547	0.00503057748	0.158025476	0	100	0	0	3
356	58290	0	2.0949788	11.6071566	11.5934455	11.5575437	11.6207547	0.00503057748	0.158025476	0	100	0	0	3
357	58293	0	2.10086357	11.599952	11.5933839	11.5575437	11.6207547	0.00503057748	0.158025476	0	100	0	0	3
358	58295	0	2.10674834	11.6110302	11.5935194	11.5575437	11.6207547	0.00503057748	0.158025476	0	100	0	0	3
359	58298	0	2.11263312	11.6051747	11.5934287	11.5575437	11.6207547	0.00503057748	0.158025476	0	100	0	0	3
360	58300	0	2.11851789	11.6031408	11.5934372	11.5575437	11.6207547	0.00503057748	0.158025476	0	100	0	0	3
361	58303	0	2.12440266	11.5940566	11.5932541	11.5575437	11.6207547	0.00503057748	0.158025476	0	100	0	0	3
362	58306	0	2.13028743	11.5960258	11.5932168	11.5575437	11.6207547	0.00503057748	0.158025476	0	100	0	0	3
363	58308	0	2.1361722	11.6072944	11.5931617	11.5575437	11.6207547	0.00503057748	0.158025476	0	100	0	0	3
364	58311	0	2.14205698	11.589249	11.5932849	11.5575437	11.6207547	0.00503057748	0.158025476	0	100	0	0	3
365	58314	0	2.14794175	11.5898309	11.5929666	11.5575437	11.6207547	0.00503057748	0.158025476	0	100	0	0	3
366	58316	0	2.15382652	11.5772312	11.5930238	11.5575437	11.6207547	0.00503057748	0.158025476	0	100	0	0	3
367	58319	0	2.15971129	11.5716032	11.5925487	11.5575437	11.6207547	0.00503057748	0.158025476	0	100	0	0	3
368	58321	0	2.16559606	11.5637318	11.5921265	11.5575437	11.6207547	0.00503057748	0.158025476	0	100	0	0	3
369	58324	0	2.17148084	11.5822671	11.5919581	11.5575437	11.6207547	0.00503057748	0.158025476	0	100	0	0	3
370	58327	0	2.17736561	11.5778031	11.5917883	11.5575437	11.6207547	0.00503057748	0.158025476	0	100	0	0	3
371	58329	0	2.18325038	11.5909568	11.5917813	11.5575437	11.6207547	0.00503057748	0.158025476	0	100	0	0	3
372	58332	0	2.18913515	11.5656452	11.5916293	11.5575437	11.6207547	0.00503057748	0.158025476	0	100	0	0	3
373	58335	0	2.19501992	11.5975921	11.5918197	11.5575437	11.6207547	0.00503057748	0.158025476	0	100	0	0	3
374	58337	0	2.2009047	11.5761437	11.59179	11.5575437	11.6207547	0.00503057748	0.158025476	0	100	0	0	3
375	58340	0	2.20678947	11.5764896	11.5916341	11.5575437	11.6207547	0.00503057748	0.158025476	0	100	0	0	3
376	58342	0	2.21267424	11.5838398	11.5915025	11.5575437	11.6207547	0.00503057748	0.158025476	0	100	0	0	3
377	58344	0	2.21855901	11.5894606	11.5912384	11.5575437	11.6207547	0.00503057748	0.158025476	0	100	0	0	3
378	58347	0	2.22444378	11.588948	11.5910198	11.5575437	11.6207547	0.00503057748	0.158025476	0	100	0	0	3
379	58349	0	2.23032855	11.6071034	11.5910729	11.5575437	11.6207547	0.00503057748	0.158025476	0	100	0	0	3
380	58352	0	2.23621333	11.6092137	11.5912264	11.5575437	11.6207547	0.00503057748	0.158025476	0	100	0	0	3
381	58354	0	2.2420981	11.61004	11.5913704	11.5575437	11.6207547	0.00503057748	0.158025476	0	100	0	0	3
382	58357	0	2.24798287	11.6017408	11.591506	11.5575437	11.6207547	0.00503057748	0.158025476	0	100	0	0	3
383	58359	0	2.25386764	11.594565	11.5916565	11.5575437	11.6207547	0.00503057748	0.158025476	0	100	0	0	3
384	58362	0	2.25975241	11.6105056	11.5918634	11.5575437	11.6207547	0.00503057748	0.158025476	0	100	0	0	3
385	58365	0	2.26563719	11.583427	11.5920094	11.5575437	11.6207547	0.00503057748	0.158025476	0	100	0	0	3
386	58368	0	2.27152196	11.6122118	11.5920197	11.5575437	11.6207547	0.00503057748	0.158025476	0	100	0	0	3
387	58371	0	2.27740673	11.5996013	11.5922881	11.5575437	11.6207547	0.00503057748	0.158025476	0	100	0	0	3
388	58373	0	2.2832915	11.5949138	11.592187	11.5575437	11.6207547	0.00503057748	0.158025476	0	100	0	0	3
389	58376	0	2.28917627	11.6199414	11.5927129	11.5575437	11.6207547	0.00503057748	0.158025476	0	100	0	0	3
390	58379	0	2.29506105	11.6141174	11.5929199	11.5575437	11.6207547	0.00503057748	0.158025476	0	100	0	0	3
391	58381	0	2.30094582	11.5872444	11.5930395	11.5575437	11.6207547	0.00503057748	0.158025476	0	100	0	0	3
392	58384	0	2.30683059	11.597381	11.5930739	11.5575437	11.6207547	0.00503057748	0.158025476	0	100	0	0	3
393	58387	0	2.31271536	11.5926806	11.5930896	11.5575437	11.6207547	0.00503057748	0.158025476	0	100	0	0	3
394	58390	0	2.31860013	11.5888568	11.5928833	11.5575437	11.6207547	0.00503057748	0.158025476	0	100	0	0	3
395	58392	0	2.32448491	11.5786293	11.5927037	11.5575437	11.6207547	0.00503057748	0.158025476	0	100	0	0	3
396	58395	0	2.33036968	11.5714173	11.5922362	11.5575437	11.6207547	0.00503057748	0.158025476	0	100	0	0	3
397	58397	0	2.33625445	11.5800145	11.5919483	11.5575437	11.6207547	0.00503057748	0.158025476	0	100	0	0	3
398	58400	0	2.34213922	11.5956346	11.5917935	11.5575437	11.6207547	0.00503057748	0.158025476	0	100	0	0	3
399	58402	0	2.34802399	11.584853	11.5916214	11.5575437	11.6207547	0.00503057748	0.158025476	0	100	0	0	3
400	58405	0	2.35390876	11.5978464	11.591515	11.5575437	11.6207547	0.00503057748	0.158025476	0	100	0	0	3
401	58412	0	2.35979354	11.6059149	11.5914068	11.5575437	11.6207547	0.00503057748	0.158025476	0	100	0	0	3
402	58415	0	2.36567831	11.6048129	11.5913625	11.5575437	11.6207547	0.00503057748	0.158025476	0	100	0	0	3
403	58418	0	2.37156308	11.6109661	11.5913042	11.5575437	11.6207547	0.00503057748	0.158025476	0	100	0	0	3
404	58420	0	2.37744785	11.5747534	11.5909359	11.5575437	11.6207547	0.00503057748	0.158025476	0	100	0	0	3
405	58423	0	2.38333262	11.5899924	11.590574	11.5575437	11.6202347	0.00489704193	0.158025476	0	100	0	0	3
406	58426	0	2.3892174	11.5774722	11.5904963	11.5575437	11.6202347	0.00483372259	0.158025476	0	100	0	0	3
407	58428	0	2.39510217	11.571657	11.5901694	11.5575437	11.6202347	0.00500194353	0.158025476	0	100	0	0	3
408	58431	0	2.40098694	11.5840853	11.5901257	11.5575437	11.6202347	0.00496637264	0.158025476	0	100	0	0	3
409	58433	0	2.40687171	11.5868865	11.5900462	11.5575437	11.6202347	0.00481281152	0.158025476	0	100	0	0	3
410	58436	0	2.41275648	11.5871969	11.5901182	11.5575437	11.6202347	0.00457540309	0.158025476	0	100	0	0	3
411	58438	0	2.41864126	11.5940881	11.5904539	11.5575437	11.6202347	0.00445926191	0.158025476	0	100	0	0	3
412	58441	0	2.42452603	11.5968593	11.5907688	11.5575437	11.6202347	0.00408313058	0.158025476	0	100	0	0	3
413	58443	0	2.4304108	11.5943819	11.5911915	11.5575437	11.6202347	0.00391151534	0.158025476	0	100	0	0	3
414	58446	0	2.43629557	11.6040829	11.5916873	11.5575437	11.6202347	0.00372096857	0.158025476	0	100	0	0	3
415	58448	0	2.44218034	11.6010297	11.59198	11.5575437	11.6202347	0.00347318823	0.158025476	0	100	0	0	3
416	58450	0	2.44806512	11.5942751	11.5922759	11.5575437	11.6202347	0.00347318823	0.158025476	0	100	0	0	3
417	58453	0	2.45394989	11.583459	11.5920989	11.5575437	11.6202347	0.00347318823	0.158025476	0	100	0	0	3
418	58455	0	2.45983466	11.5789902	11.5922428	11.5575437	11.6202347	0.00347318823	0.158025476	0	100	0	0	3
419	58457	0	2.46571943	11.5746826	11.5921361	11.5575437	11.6202347	0.00347318823	0.158025476	0	100	0	0	3
420	58460	0	2.4716042	11.5764379	11.5921829	11.5575437	11.6202347	0.00347318823	0.158025476	0	100	0	0	3
421	58463	0	2.47748898	11.5851759	11.592222	11.5575437	11.6202347	0.00347318823	0.158025476	0	100	0	0	3
422	58465	0	2.48337375	11.5754749	11.592433	11.5637318	11.6202347	0.00347318823	0.158025476	0	100	0	0	3
423	58467	0	2.48925852	11.5755382	11.5924548	11.5637318	11.6202347	0.00347318823	0.158025476	0	100	0	0	3
424	58470	0	2.49514329	11.582138	11.5925776	11.5637318	11.6202347	0.00347318823	0.158025476	0	100	0	0	3
425	58473	0	2.50102806	11.579788	11.5924652	11.5637318	11.6202347	0.00347318823	0.158025476	0	100	0	0	3
426	58475	0	2.50691283	11.5711967	11.5924048	11.5637318	11.6202347	0.00347318823	0.158025476	0	100	0	0	3
427	58478	0	2.51279761	11.5798736	11.5922346	11.5637318	11.6202347	0.00347318823	0.158025476	0	100	0	0	3
428	58480	0	2.51868238	11.5807354	11.5921447	11.5637318	11.6202347	0.00347318823	0.158025476	0	100	0	0	3
429	58483	0	2.52456715	11.5788546	11.5919561	11.5637318	11.6202347	0.00347318823	0.158025476	0	100	0	0	3
430	58485	0	2.53045192	11.5821	11.5920108	11.5637318	11.6202347	0.00347318823	0.158025476	0	100	0	0	3
431	58488	0	2.53633669	11.5920931	11.5919721	11.5637318	11.6202347	0.00347318823	0.158025476	0	100	0	0	3
432	58490	0	2.54222147	11.5828055	11.5917964	11.5637318	11.6202347	0.00347318823	0.158025476	0	100	0	0	3
433	58493	0	2.54810624	11.5780116	11.5915275	11.5637318	11.6202347	0.00347318823	0.158025476	0	100	0	0	3
434	58495	0	2.55399101	11.5780603	11.5913066	11.5637318	11.6202347	0.00347318823	0.158025476	0	100	0	0	3
435	58498	0	2.55987578	11.5412068	11.5904724	11.5412068	11.6202347	0.00347318823	0.158025476	0	100	0	0	3
436	58500	0	2.56576055	11.5574739	11.5898027	11.5412068	11.6202347	0.00371675345	0.158025476	0	100	0	0	3
437	58503	0	2.57164533	11.5719073	11.5892341	11.5412068	11.6199414	0.00428531127	0.158025476	0	100	0	0	3
438	58505	0	2.5775301	11.5738152	11.5887507	11.5412068	11.6199414	0.00476873098	0.158025476	0	100	0	0	3
439	58508	0	2.58341487	11.5886758	11.5885354	11.5412068	11.6199414	0.00498399603	0.158025476	0	100	0	0	3
440	58510	0	2.58929964	11.5808469	11.5882866	11.5412068	11.6199414	0.00523286483	0.158025476	0	100	0	0	3
441	58513	0	2.59518441	11.609102	11.5883095	11.5412068	11.6199414	0.00523286483	0.158025476	0	100	0	0	3
442	58516	0	2.60106919	11.5857073	11.5881419	11.5412068	11.6199414	0.00537756119	0.158025476	0	100	0	0	3
443	58518	0	2.60695396	11.6144783	11.5881824	11.5412068	11.6199414	0.00529531261	0.158025476	0	100	0	0	3
444	58521	0	2.61283873	11.6135651	11.5882811	11.5412068	11.6199414	0.00529531261	0.158025476	0	100	0	0	3
445	58523	0	2.6187235	11.6078662	11.5883367	11.5412068	11.6199414	0.00514306962	0.158025476	0	100	0	0	3
446	58526	0	2.62460827	11.6067324	11.5884859	11.5412068	11.6199414	0.00514306962	0.158025476	0	100	0	0	3
447	58529	0	2.63049304	11.5883069	11.5883951	11.5412068	11.6199414	0.00514306962	0.158025476	0	100	0	0	3
448	58531	0	2.63637782	11.5814616	11.5880911	11.5412068	11.6199414	0.00519379882	0.158025476	0	100	0	0	3
449	58534	0	2.64226259	11.5990088	11.588206	11.5412068	11.6199414	0.00499848048	0.158025476	0	100	0	0	3
450	58536	0	2.64814736	11.5885914	11.5881914	11.5412068	11.6199414	0.00499848048	0.158025476	0	100	0	0	3
451	58539	0	2.65403213	11.5937381	11.5883856	11.5412068	11.6199414	0.00499848048	0.158025476	0	100	0	0	3
452	58542	0	2.6599169	11.6134004	11.5888773	11.5412068	11.6199414	0.00499848048	0.158025476	0	100	0	0	3
453	58544	0	2.66580168	11.5898064	11.5891841	11.5412068	11.6199414	0.00499848048	0.158025476	0	100	0	0	3
454	58547	0	2.67168645	11.6068365	11.5894731	11.5412068	11.6199414	0.00499848048	0.158025476	0	100	0	0	3
455	58549	0	2.67757122	11.5797005	11.5894954	11.5412068	11.6199414	0.00499848048	0.158025476	0	100	0	0	3
456	58552	0	2.68345599	11.6025939	11.5896324	11.5412068	11.6199414	0.00499848048	0.158025476	0	100	0	0	3
457	58554	0	2.68934076	11.5814333	11.5898181	11.5412068	11.6199414	0.00499848048	0.158025476	0	100	0	0	3
458	58557	0	2.69522554	11.6084963	11.5899464	11.5412068	11.6199414	0.00499848048	0.158025476	0	100	0	0	3
459	58559	0	2.70111031	11.5806005	11.5899988	11.5412068	11.6199414	0.00499848048	0.158025476	0	100	0	0	3
460	58562	0	2.70699508	11.5788281	11.5900263	11.5412068	11.6199414	0.00499848048	0.158025476	0	100	0	0	3
461	58564	0	2.71287985	11.568637	11.5898475	11.5412068	11.6199414	0.00499848048	0.158025476	0	100	0	0	3
462	58566	0	2.71876462	11.5748447	11.5896755	11.5412068	11.6199414	0.00499848048	0.158025476	0	100	0	0	3
463	58569	0	2.7246494	11.5745207	11.5895058	11.5412068	11.6199414	0.00499848048	0.158025476	0	100	0	0	3
464	58571	0	2.73053417	11.5839047	11.5892329	11.5412068	11.6199414	0.00499848048	0.158025476	0	100	0	0	3
465	58574	0	2.73641894	11.5833629	11.5889287	11.5412068	11.6199414	0.00499848048	0.158025476	0	100	0	0	3
466	58576	0	2.74230371	11.611573	11.5889468	11.5412068	11.6199414	0.00499848048	0.158025476	0	100	0	0	3
467	58579	0	2.74818848	11.5913243	11.5888242	11.5412068	11.6199414	0.00499848048	0.158025476	0	100	0	0	3
468	58581	0	2.75407326	11.6078471	11.5889805	11.5412068	11.6199414	0.00499848048	0.158025476	0	100	0	0	3
469	58584	0	2.75995803	11.6051758	11.5889178	11.5412068	11.6199414	0.00499848048	0.158025476	0	100	0	0	3
470	58587	0	2.7658428	11.6012685	11.5891277	11.5412068	11.6199414	0.00499848048	0.158025476	0	100	0	0	3
471	58589	0	2.77172757	11.5851919	11.5888098	11.5412068	11.6199414	0.00499848048	0.158025476	0	100	0	0	3
472	58592	0	2.77761234	11.5774014	11.5885486	11.5412068	11.6199414	0.00499848048	0.158025476	0	100	0	0	3
473	58594	0	2.78349711	11.587771	11.5884646	11.5412068	11.6199414	0.00499848048	0.158025476	0	100	0	0	3
474	58596	0	2.78938189	11.5737211	11.5879208	11.5412068	11.6144783	0.00516880344	0.158025476	0	100	0	0	3
475	58599	0	2.79526666	11.5798558	11.5875177	11.5412068	11.6144783	0.00557188097	0.158025476	0	100	0	0	3
476	58601	0	2.80115143	11.5779145	11.587408	11.5412068	11.6144783	0.00568164475	0.158025476	0	100	0	0	3
477	58603	0	2.8070362	11.5942693	11.5873714	11.5412068	11.6144783	0.00571825256	0.158025476	0	100	0	0	3
478	58606	0	2.81292097	11.6010259	11.5874695	11.5412068	11.6144783	0.00551188386	0.158025476	0	100	0	0	3
479	58608	0	2.81880575	11.5919986	11.5875065	11.5412068	11.6144783	0.00533234004	0.158025476	0	100	0	0	3
480	58611	0	2.82469052	11.5763494	11.5874797	11.5412068	11.6144783	0.00520621325	0.158025476	0	100	0	0	3
481	58613	0	2.83057529	11.5654548	11.5874095	11.5412068	11.6144783	0.00520621325	0.158025476	0	100	0	0	3
482	58616	0	2.83646006	11.5667781	11.5872538	11.5412068	11.6144783	0.00532376312	0.158025476	0	100	0	0	3
483	58618	0	2.84234483	11.5633877	11.5868744	11.5412068	11.6144783	0.00570313832	0.158025476	0	100	0	0	3
484	58620	0	2.84822961	11.5666818	11.5866607	11.5412068	11.6144783	0.00591691775	0.158025476	0	100	0	0	3
485	58623	0	2.85411438	11.5641531	11.5862643	11.5412068	11.6144783	0.00631330987	0.158025476	0	100	0	0	3
486	58625	0	2.85999915	11.5850162	11.5860184	11.5412068	11.6144783	0.00655917756	0.158025476	0	100	0	0	3
487	58628	0	2.86588392	11.5814359	11.5857434	11.5412068	11.6144783	0.0068342015	0.158025476	0	100	0	0	3
488	58631	0	2.87176869	11.590557	11.5855033	11.5412068	11.6144783	0.00707430835	0.158025476	0	100	0	0	3
489	58633	0	2.87765347	11.5913884	11.585699	11.5412068	11.6144783	0.00707430835	0.158025476	0	100	0	0	3
490	58636	0	2.88353824	11.592256	11.5857256	11.5412068	11.6144783	0.00707430835	0.158025476	0	100	0	0	3
491	58638	0	2.88942301	11.5933854	11.5859128	11.5412068	11.6144783	0.00707430835	0.158025476	0	100	0	0	3
492	58641	0	2.89530778	11.585669	11.5860777	11.5412068	11.6144783	0.00707430835	0.158025476	0	100	0	0	3
493	58643	0	2.90119255	11.5973627	11.5862339	11.5412068	11.6144783	0.00707430835	0.158025476	0	100	0	0	3
494	58646	0	2.90707732	11.5829818	11.5861879	11.5412068	11.6144783	0.00707430835	0.158025476	0	100	0	0	3
495	58649	0	2.9129621	11.5850376	11.5861625	11.5412068	11.6144783	0.00707430835	0.158025476	0	100	0	0	3
496	58651	0	2.91884687	11.5836056	11.5860392	11.5412068	11.6144783	0.00707430835	0.158025476	0	100	0	0	3
497	58654	0	2.92473164	11.592419	11.585987	11.5412068	11.6144783	0.00707430835	0.158025476	0	100	0	0	3
498	58656	0	2.93061641	11.585069	11.5858774	11.5412068	11.6144783	0.00707430835	0.158025476	0	100	0	0	3
499	58659	0	2.93650118	11.597488	11.5857998	11.5412068	11.6144783	0.00707430835	0.158025476	0	100	0	0	3
500	58661	0	2.94238596	11.5895087	11.5856643	11.5412068	11.6144783	0.00707430835	0.158025476	0	100	0	0	3
501	58668	0	2.94827073	11.5787023	11.5854811	11.5412068	11.6144783	0.00709650931	0.158025476	0	100	0	0	3
502	58671	0	2.9541555	11.5750548	11.5853822	11.5412068	11.6144783	0.00719538197	0.158025476	0	100	0	0	3
503	58673	0	2.96004027	11.5750334	11.5853356	11.5412068	11.6144783	0.00724193295	0.158025476	0	100	0	0	3
504	58676	0	2.96592504	11.5792916	11.5853899	11.5412068	11.6144783	0.00724193295	0.158025476	0	100	0	0	3
505	58678	0	2.97180982	11.5815859	11.5854504	11.5412068	11.6144783	0.00724193295	0.158025476	0	100	0	0	3
506	58680	0	2.97769459	11.5615579	11.5851726	11.5412068	11.6144783	0.00740500332	0.158025476	0	100	0	0	3
507	58683	0	2.98357936	11.5647003	11.5850458	11.5412068	11.6144783	0.00753176378	0.158025476	0	100	0	0	3
508	58685	0	2.98946413	11.5629744	11.584898	11.5412068	11.6144783	0.00767957372	0.158025476	0	100	0	0	3
509	58688	0	2.9953489	11.5582083	11.5846165	11.5412068	11.6144783	0.00784876702	0.158025476	0	100	0	0	3
510	58690	0	3.00123368	11.5575095	11.5843544	11.5412068	11.6144783	0.00805046223	0.158025476	0	100	0	0	3
511	58693	0	3.00711845	11.5818775	11.58448	11.5412068	11.6144783	0.00788024504	0.158025476	0	100	0	0	3
512	58695	0	3.01300322	11.5721883	11.5843896	11.5412068	11.6144783	0.00779034844	0.158025476	0	100	0	0	3
513	58698	0	3.01888799	11.5863318	11.5844555	11.5412068	11.6144783	0.00765637047	0.158025476	0	100	0	0	3
514	58700	0	3.02477276	11.5747528	11.5844072	11.5412068	11.6144783	0.00765637047	0.158025476	0	100	0	0	3
515	58703	0	3.03065753	11.5901626	11.5845021	11.5412068	11.6144783	0.00761770422	0.158025476	0	100	0	0	3
516	58705	0	3.03654231	11.5779986	11.5843362	11.5412068	11.6144783	0.00746011151	0.158025476	0	100	0	0	3
517	58708	0	3.04242708	11.6061169	11.5846105	11.5412068	11.6144783	0.00719124332	0.158025476	0	100	0	0	3
518	58711	0	3.04831185	11.590435	11.5847567	11.5412068	11.6144783	0.00697040673	0.158025476	0	100	0	0	3
519	58713	0	3.05419662	11.6018238	11.5850362	11.5412068	11.6144783	0.00613611264	0.158025476	0	100	0	0	3
520	58716	0	3.06008139	11.6122864	11.5858725	11.5574739	11.6144783	0.00569008213	0.158025476	0	100	0	0	3
521	58718	0	3.06596617	11.5882126	11.5862341	11.5575095	11.6144783	0.00569008213	0.158025476	0	100	0	0	3
522	58721	0	3.07185094	11.6074516	11.5866523	11.5575095	11.6144783	0.00569008213	0.158025476	0	100	0	0	3
523	58723	0	3.07773571	11.5859539	11.5867951	11.5575095	11.6144783	0.00569008213	0.158025476	0	100	0	0	3
524	58726	0	3.08362048	11.6090856	11.5870352	11.5575095	11.6144783	0.00569008213	0.158025476	0	100	0	0	3
525	58729	0	3.08950525	11.5858411	11.5870939	11.5575095	11.6144783	0.00569008213	0.158025476	0	100	0	0	3
526	58731	0	3.09539003	11.6061077	11.5870587	11.5575095	11.6144783	0.00569008213	0.158025476	0	100	0	0	3
527	58734	0	3.1012748	11.581585	11.5870102	11.5575095	11.6144783	0.00569008213	0.158025476	0	100	0	0	3
528	58736	0	3.10715957	11.5739769	11.5865337	11.5575095	11.6135651	0.00569008213	0.158025476	0	100	0	0	3
529	58739	0	3.11304434	11.5722205	11.5860473	11.5575095	11.6134004	0.00569008213	0.158025476	0	100	0	0	3
530	58742	0	3.11892911	11.5952132	11.5858985	11.5575095	11.6134004	0.00569008213	0.158025476	0	100	0	0	3
531	58744	0	3.12481389	11.5975642	11.5857906	11.5575095	11.6134004	0.00569008213	0.158025476	0	100	0	0	3
532	58747	0	3.13069866	11.6034019	11.5859682	11.5575095	11.6134004	0.00569008213	0.158025476	0	100	0	0	3
533	58750	0	3.13658343	11.6016016	11.5862051	11.5575095	11.6134004	0.00569008213	0.158025476	0	100	0	0	3
534	58752	0	3.1424682	11.5999103	11.5862157	11.5575095	11.6134004	0.00569008213	0.158025476	0	100	0	0	3
535	58755	0	3.14835297	11.5942816	11.5862827	11.5575095	11.6134004	0.00569008213	0.158025476	0	100	0	0	3
536	58757	0	3.15423775	11.6060717	11.5864278	11.5575095	11.6134004	0.00569008213	0.158025476	0	100	0	0	3
537	58760	0	3.16012252	11.5865584	11.586112	11.5575095	11.6122864	0.00569008213	0.158025476	0	100	0	0	3
538	58762	0	3.16600729	11.5802862	11.586	11.5575095	11.6122864	0.00569008213	0.158025476	0	100	0	0	3
539	58765	0	3.17189206	11.5834201	11.5857245	11.5575095	11.6122864	0.00569008213	0.158025476	0	100	0	0	3
540	58768	0	3.17777683	11.5931251	11.5858824	11.5575095	11.6122864	0.00569008213	0.158025476	0	100	0	0	3
541	58770	0	3.1836616	11.6026605	11.5858832	11.5575095	11.6122864	0.00569008213	0.158025476	0	100	0	0	3
542	58772	0	3.18954638	11.6030405	11.5861374	11.5575095	11.6122864	0.00569008213	0.158025476	0	100	0	0	3
543	58775	0	3.19543115	11.5993135	11.5860294	11.5575095	11.6122864	0.00569008213	0.158025476	0	100	0	0	3
544	58777	0	3.20131592	11.580346	11.5860264	11.5575095	11.6122864	0.00569008213	0.158025476	0	100	0	0	3
545	58780	0	3.20720069	11.6016071	11.5862944	11.5575095	11.6122864	0.00551122562	0.158025476	0	100	0	0	3
546	58782	0	3.21308546	11.5714801	11.5863278	11.5575095	11.6122864	0.00533927442	0.158025476	0	100	0	0	3
547	58785	0	3.21897024	11.5740742	11.5863188	11.5575095	11.6122864	0.00516954139	0.158025476	0	100	0	0	3
548	58788	0	3.22485501	11.5745835	11.5863195	11.5575095	11.6122864	0.0048966154	0.158025476	0	100	0	0	3
549	58790	0	3.23073978	11.5799111	11.5862725	11.5575095	11.6122864	0.00479143321	0.158025476	0	100	0	0	3
550	58792	0	3.23662455	11.5713061	11.5861307	11.5575095	11.6122864	0.00479143321	0.158025476	0	100	0	0	3
551	58795	0	3.24250932	11.5796666	11.5857553	11.5575095	11.6122864	0.00479143321	0.158025476	0	100	0	0	3
552	58797	0	3.2483941	11.5752687	11.5855664	11.5575095	11.6122864	0.00479143321	0.158025476	0	100	0	0	3
553	58800	0	3.25427887	11.5898091	11.5853542	11.5575095	11.6122864	0.00479143321	0.158025476	0	100	0	0	3
554	58802	0	3.26016364	11.5968232	11.5852559	11.5575095	11.6122864	0.00479143321	0.158025476	0	100	0	0	3
555	58805	0	3.26604841	11.5932434	11.5851615	11.5575095	11.6122864	0.00447355192	0.158025476	0	100	0	0	3
556	58807	0	3.27193318	11.5992874	11.5853273	11.5575095	11.6122864	0.0042123761	0.158025476	0	100	0	0	3
557	58810	0	3.27781796	11.5855109	11.5854228	11.5575095	11.6122864	0.00412834294	0.158025476	0	100	0	0	3
558	58812	0	3.28370273	11.5887264	11.585434	11.5575095	11.6122864	0.00358457461	0.158025476	0	100	0	0	3
559	58815	0	3.2895875	11.5733782	11.58543	11.5575095	11.6122864	0.00318149708	0.158025476	0	100	0	0	3
560	58817	0	3.29547227	11.5782674	11.5854113	11.5575095	11.6122864	0.00317026765	0.158025476	0	100	0	0	3
561	58820	0	3.30135704	11.584415	11.5854878	11.5575095	11.6122864	0.00317026765	0.158025476	0	100	0	0	3
562	58822	0	3.30724181	11.5809115	11.5853306	11.5575095	11.6122864	0.00317026765	0.158025476	0	100	0	0	3
563	58825	0	3.31312659	11.58342	11.5851235	11.5575095	11.6122864	0.00317026765	0.158025476	0	100	0	0	3
564	58828	0	3.31901136	11.5826989	11.5850141	11.5575095	11.6122864	0.0031434459	0.158025476	0	100	0	0	3
565	58830	0	3.32489613	11.584524	11.5851102	11.5575095	11.6122864	0.0030732989	0.158025476	0	100	0	0	3
566	58833	0	3.3307809	11.5796435	11.5852772	11.5575095	11.6122864	0.00291757561	0.158025476	0	100	0	0	3
567	58835	0	3.33666567	11.5758673	11.5853841	11.5575095	11.6122864	0.00275768882	0.158025476	0	100	0	0	3
568	58838	0	3.34255045	11.5765189	11.5855386	11.5575095	11.6122864	0.00275768882	0.158025476	0	100	0	0	3
569	58840	0	3.34843522	11.5733998	11.5856176	11.5575095	11.6122864	0.00275768882	0.158025476	0	100	0	0	3
570	58843	0	3.35431999	11.5752735	11.5857484	11.5575095	11.6122864	0.00275768882	0.158025476	0	100	0	0	3
571	58846	0	3.36020476	11.5654863	11.5855187	11.5575095	11.6122864	0.00275768882	0.158025476	0	100	0	0	3
572	58848	0	3.36608953	11.5766401	11.5854623	11.5575095	11.6122864	0.00275768882	0.158025476	0	100	0	0	3
573	58851	0	3.37197431	11.5656331	11.585169	11.5575095	11.6122864	0.00275768882	0.158025476	0	100	0	0	3
574	58853	0	3.37785908	11.574142	11.5849661	11.5575095	11.6122864	0.00275768882	0.158025476	0	100	0	0	3
575	58856	0	3.38374385	11.5764271	11.5847799	11.5575095	11.6122864	0.00275768882	0.158025476	0	100	0	0	3
576	58858	0	3.38962862	11.5836443	11.5846653	11.5575095	11.6122864	0.00275768882	0.158025476	0	100	0	0	3
577	58861	0	3.39551339	11.5819452	11.5846215	11.5575095	11.6122864	0.00275768882	0.158025476	0	100	0	0	3
578	58864	0	3.40139817	11.5835084	11.5844585	11.5575095	11.6122864	0.00275768882	0.158025476	0	100	0	0	3
579	58866	0	3.40728294	11.5803655	11.5844277	11.5575095	11.6122864	0.00275768882	0.158025476	0	100	0	0	3
580	58869	0	3.41316771	11.5942255	11.5845358	11.5575095	11.6122864	0.00275768882	0.158025476	0	100	0	0	3
581	58871	0	3.41905248	11.5821688	11.5845189	11.5575095	11.6122864	0.00275768882	0.158025476	0	100	0	0	3
582	58874	0	3.42493725	11.5680509	11.5842322	11.5575095	11.6122864	0.00286169514	0.158025476	0	100	0	0	3
583	58877	0	3.43082202	11.6081283	11.5845035	11.5575095	11.6122864	0.00286169514	0.158025476	0	100	0	0	3
584	58879	0	3.4367068	11.6030887	11.5845694	11.5575095	11.6122864	0.00286169514	0.158025476	0	100	0	0	3
585	58881	0	3.44259157	11.6104625	11.5848159	11.5575095	11.6122864	0.00286169514	0.158025476	0	100	0	0	3
586	58884	0	3.44847634	11.5949523	11.5850071	11.5575095	11.6122864	0.00286169514	0.158025476	0	100	0	0	3
587	58886	0	3.45436111	11.6007794	11.5853097	11.5575095	11.6122864	0.00286169514	0.158025476	0	100	0	0	3
588	58889	0	3.46024588	11.6113822	11.5857374	11.5575095	11.6122864	0.00286169514	0.158025476	0	100	0	0	3
589	58891	0	3.46613066	11.5801474	11.5857474	11.5575095	11.6122864	0.00286169514	0.158025476	0	100	0	0	3
590	58893	0	3.47201543	11.5889532	11.5858341	11.5575095	11.6122864	0.00286169514	0.158025476	0	100	0	0	3
591	58896	0	3.4779002	11.5858873	11.5861203	11.5575095	11.6122864	0.00286169514	0.158025476	0	100	0	0	3
592	58898	0	3.48378497	11.5896448	11.5864138	11.5575095	11.6122864	0.00286169514	0.158025476	0	100	0	0	3
593	58901	0	3.48966974	11.5722775	11.5865233	11.5575095	11.6122864	0.00286169514	0.158025476	0	100	0	0	3
594	58904	0	3.49555452	11.5573289	11.5865129	11.5573289	11.6122864	0.00286169514	0.158025476	0	100	0	0	3
595	58906	0	3.50143929	11.590075	11.586896	11.5573289	11.6122864	0.00286169514	0.158025476	0	100	0	0	3
596	58909	0	3.50732406	11.6112223	11.5872413	11.5573289	11.6122864	0.00300903537	0.158025476	0	100	0	0	3
597	58911	0	3.51320883	11.6031778	11.5876059	11.5573289	11.6122864	0.00337361778	0.158025476	0	100	0	0	3
598	58914	0	3.5190936	11.5986168	11.5877504	11.5573289	11.6122864	0.00351814732	0.158025476	0	100	0	0	3
599	58916	0	3.52497838	11.5728651	11.5877282	11.5573289	11.6122864	0.00351814732	0.158025476	0	100	0	0	3
600	58919	0	3.53086315	11.5913905	11.5877426	11.5573289	11.6122864	0.00351814732	0.158025476	0	100	0	0	3
601	58926	0	3.53674792	11.570308	11.5876521	11.5573289	11.6122864	0.00351814732	0.158025476	0	100	0	0	3
602	58928	0	3.54263269	11.5743917	11.5872789	11.5573289	11.6122864	0.00351814732	0.158025476	0	100	0	0	3
603	58931	0	3.54851746	11.578269	11.5871358	11.5573289	11.6122864	0.00351814732	0.158025476	0	100	0	0	3
604	58933	0	3.55440224	11.5503601	11.5865303	11.5503601	11.6122864	0.00351814732	0.158025476	0	100	0	0	3
605	58936	0	3.56028701	11.5582405	11.5858945	11.5503601	11.6113822	0.00351814732	0.158025476	0	100	0	0	3
606	58938	0	3.56617178	11.5749807	11.5857388	11.5503601	11.6113822	0.00351814732	0.158025476	0	100	0	0	3
607	58941	0	3.57205655	11.5520079	11.5850865	11.5503601	11.6113822	0.00351814732	0.158025476	0	100	0	0	3
608	58943	0	3.57794132	11.5819558	11.5850395	11.5503601	11.6113822	0.00351814732	0.158025476	0	100	0	0	3
609	58946	0	3.58382609	11.5755253	11.5846447	11.5503601	11.6113822	0.00351814732	0.158025476	0	100	0	0	3
610	58949	0	3.58971087	11.572399	11.5844865	11.5503601	11.6113822	0.00351814732	0.158025476	0	100	0	0	3
611	58951	0	3.59559564	11.5615352	11.5839622	11.5503601	11.6113822	0.00378823131	0.158025476	0	100	0	0	3
612	58954	0	3.60148041	11.5656661	11.5837749	11.5503601	11.6113822	0.00397551354	0.158025476	0	100	0	0	3
613	58956	0	3.60736518	11.563671	11.5836536	11.5503601	11.6113822	0.00409675995	0.158025476	0	100	0	0	3
614	58959	0	3.61324995	11.5704915	11.5836333	11.5503601	11.6113822	0.00411710159	0.158025476	0	100	0	0	3
615	58961	0	3.61913473	11.575072	11.5833963	11.5503601	11.6113822	0.00435405688	0.158025476	0	100	0	0	3
616	58964	0	3.6250195	11.5780461	11.5831667	11.5503601	11.6113822	0.00458368164	0.158025476	0	100	0	0	3
617	58966	0	3.63090427	11.5703609	11.582778	11.5503601	11.6113822	0.00497239877	0.158025476	0	100	0	0	3
618	58969	0	3.63678904	11.5751313	11.5824666	11.5503601	11.6113822	0.00528381419	0.158025476	0	100	0	0	3
619	58971	0	3.64267381	11.57887	11.582219	11.5503601	11.6113822	0.00553134722	0.158025476	0	100	0	0	3
620	58974	0	3.64855859	11.5662937	11.5818898	11.5503601	11.6113822	0.00586061569	0.158025476	0	100	0	0	3
621	58976	0	3.65444336	11.5771227	11.5815492	11.5503601	11.6113822	0.00620119135	0.158025476	0	100	0	0	3
622	58979	0	3.66032813	11.5658883	11.581306	11.5503601	11.6113822	0.00644436788	0.158025476	0	100	0	0	3
623	58981	0	3.6662129	11.5676969	11.5811579	11.5503601	11.6113822	0.00659247707	0.158025476	0	100	0	0	3
624	58984	0	3.67209767	11.5674746	11.5809703	11.5503601	11.6113822	0.00678007062	0.158025476	0	100	0	0	3
625	58986	0	3.67798245	11.564635	11.5806351	11.5503601	11.6113822	0.00711524825	0.158025476	0	100	0	0	3
626	58988	0	3.68386722	11.5741391	11.5802996	11.5503601	11.6113822	0.00745079419	0.158025476	0	100	0	0	3
627	58991	0	3.68975199	11.5701338	11.5799125	11.5503601	11.6113822	0.00783793166	0.158025476	0	100	0	0	3
628	58993	0	3.69563676	11.5816651	11.5797048	11.5503601	11.6113822	0.00804556001	0.158025476	0	100	0	0	3
629	58995	0	3.70152153	11.5800089	11.5797009	11.5503601	11.6113822	0.00804952588	0.158025476	0	100	0	0	3
630	58998	0	3.7074063	11.5894902	11.5795583	11.5503601	11.6113822	0.00819207779	0.158025476	0	100	0	0	3
631	59000	0	3.71329108	11.5873671	11.5797452	11.5503601	11.6113822	0.00819207779	0.158025476	0	100	0	0	3
632	59003	0	3.71917585	11.5904154	11.5799375	11.5503601	11.6113822	0.00819207779	0.158025476	0	100	0	0	3
633	59005	0	3.72506062	11.5902814	11.5801221	11.5503601	11.6113822	0.00819207779	0.158025476	0	100	0	0	3
634	59008	0	3.73094539	11.5857609	11.580191	11.5503601	11.6113822	0.00819207779	0.158025476	0	100	0	0	3
635	59011	0	3.73683016	11.5924185	11.5804393	11.5503601	11.6113822	0.00819207779	0.158025476	0	100	0	0	3
636	59013	0	3.74271494	11.5872814	11.5805289	11.5503601	11.6113822	0.00819207779	0.158025476	0	100	0	0	3
637	59016	0	3.74859971	11.5871814	11.5806691	11.5503601	11.6113822	0.00819207779	0.158025476	0	100	0	0	3
638	59018	0	3.75448448	11.599823	11.5807869	11.5503601	11.6113822	0.00819207779	0.158025476	0	100	0	0	3
639	59021	0	3.76036925	11.589034	11.5806953	11.5503601	11.6113822	0.00819207779	0.158025476	0	100	0	0	3
640	59023	0	3.76625402	11.5933623	11.5806967	11.5503601	11.6113822	0.00819207779	0.158025476	0	100	0	0	3
641	59026	0	3.7721388	11.5770529	11.5804351	11.5503601	11.6113822	0.00819207779	0.158025476	0	100	0	0	3
642	59028	0	3.77802357	11.5789973	11.5803584	11.5503601	11.6113822	0.00819207779	0.158025476	0	100	0	0	3
643	59031	0	3.78390834	11.5640774	11.5800684	11.5503601	11.6113822	0.00819207779	0.158025476	0	100	0	0	3
644	59034	0	3.78979311	11.5798235	11.5801443	11.5503601	11.6113822	0.00819207779	0.158025476	0	100	0	0	3
645	59036	0	3.79567788	11.5703604	11.5800513	11.5503601	11.6113822	0.00819207779	0.158025476	0	100	0	0	3
646	59039	0	3.80156266	11.5643153	11.5798148	11.5503601	11.6113822	0.00819207779	0.158025476	0	100	0	0	3
647	59041	0	3.80744743	11.5761067	11.5797583	11.5503601	11.6113822	0.00819207779	0.158025476	0	100	0	0	3
648	59044	0	3.8133322	11.576492	11.5796768	11.5503601	11.6113822	0.00819207779	0.158025476	0	100	0	0	3
649	59046	0	3.81921697	11.5859822	11.5797154	11.5503601	11.6113822	0.00819207779	0.158025476	0	100	0	0	3
650	59049	0	3.82510174	11.5696548	11.5795404	11.5503601	11.6113822	0.00820993514	0.158025476	0	100	0	0	3
651	59052	0	3.83098651	11.5975275	11.5797508	11.5503601	11.6113822	0.00820993514	0.158025476	0	100	0	0	3
652	59054	0	3.83687129	11.576745	11.5797612	11.5503601	11.6113822	0.00820993514	0.158025476	0	100	0	0	3
653	59057	0	3.84275606	11.5770412	11.5797673	11.5503601	11.6113822	0.00820993514	0.158025476	0	100	0	0	3
654	59059	0	3.84864083	11.5658804	11.5796789	11.5503601	11.6113822	0.00820993514	0.158025476	0	100	0	0	3
655	59062	0	3.8545256	11.5888798	11.5798389	11.5503601	11.6113822	0.00820993514	0.158025476	0	100	0	0	3
656	59064	0	3.86041037	11.5740558	11.5799397	11.5503601	11.6113822	0.00820993514	0.158025476	0	100	0	0	3
657	59067	0	3.86629515	11.5864361	11.580055	11.5503601	11.6113822	0.00820993514	0.158025476	0	100	0	0	3
658	59069	0	3.87217992	11.5679839	11.5800827	11.5503601	11.6113822	0.00820993514	0.158025476	0	100	0	0	3
659	59072	0	3.87806469	11.581484	11.580169	11.5503601	11.6113822	0.00820993514	0.158025476	0	100	0	0	3
660	59075	0	3.88394946	11.5904558	11.5803341	11.5503601	11.6113822	0.00820993514	0.158025476	0	100	0	0	3
661	59077	0	3.88983423	11.5829969	11.5803265	11.5503601	11.6113822	0.00820993514	0.158025476	0	100	0	0	3
662	59080	0	3.89571901	11.5810665	11.5803161	11.5503601	11.6113822	0.00820993514	0.158025476	0	100	0	0	3
663	59082	0	3.90160378	11.571606	11.5801761	11.5503601	11.6113822	0.00820993514	0.158025476	0	100	0	0	3
664	59085	0	3.90748855	11.5878878	11.5802646	11.5503601	11.6113822	0.00820993514	0.158025476	0	100	0	0	3
665	59088	0	3.91337332	11.5659031	11.5799314	11.5503601	11.6113822	0.00820993514	0.158025476	0	100	0	0	3
666	59090	0	3.91925809	11.5824532	11.5799347	11.5503601	11.6113822	0.00820993514	0.158025476	0	100	0	0	3
667	59093	0	3.92514287	11.5724098	11.579986	11.5503601	11.6113822	0.00820993514	0.158025476	0	100	0	0	3
668	59095	0	3.93102764	11.5677036	11.5795104	11.5503601	11.6113822	0.0082399597	0.158025476	0	100	0	0	3
669	59098	0	3.93691241	11.5850184	11.5792978	11.5503601	11.6113822	0.00845255199	0.158025476	0	100	0	0	3
670	59100	0	3.94279718	11.5836741	11.5789827	11.5503601	11.6113822	0.00876771015	0.158025476	0	100	0	0	3
671	59103	0	3.94868195	11.5907669	11.5789334	11.5503601	11.6113822	0.00881694989	0.158025476	0	100	0	0	3
672	59105	0	3.95456673	11.5825556	11.578719	11.5503601	11.6113822	0.00903134681	0.158025476	0	100	0	0	3
673	59108	0	3.9604515	11.5751836	11.5782932	11.5503601	11.6112223	0.00945721186	0.158025476	0	100	0	0	3
674	59111	0	3.96633627	11.6127424	11.5786766	11.5503601	11.6127424	0.00945721186	0.158025476	0	100	0	0	3
675	59113	0	3.97222104	11.5853278	11.578634	11.5503601	11.6127424	0.00945721186	0.158025476	0	100	0	0	3
676	59116	0	3.97810581	11.6165219	11.5789944	11.5503601	11.6165219	0.00945721186	0.158025476	0	100	0	0	3
677	59118	0	3.98399058	11.6197597	11.5793487	11.5503601	11.6197597	0.00945721186	0.158025476	0	100	0	0	3
678	59121	0	3.98987536	11.5800305	11.5794399	11.5503601	11.6197597	0.00945721186	0.158025476	0	100	0	0	3
679	59124	0	3.99576013	11.586566	11.5797839	11.5503601	11.6197597	0.00945721186	0.158025476	0	100	0	0	3
680	59127	0	4.0016449	11.5808434	11.5796753	11.5503601	11.6197597	0.00945721186	0.158025476	0	100	0	0	3
