Iteration	CPUTime	PhysTime	Travels	Value	AvValue	MinValue	MaxValue	Delta	Criteria	Progress	CriteriaType	CriteriaVarType	CriteriaPercentage
1	14	0	0.00588477191	4051.10429	4051.10429	4051.10429	4051.10429	0	0	0	0	0	0	3
2	18	0	0.0117695438	199.963381	2125.53384	199.963381	4051.10429	1925.57046	0	0	0	0	0	3
3	20	0	0.0176543157	60.153809	1437.07383	60.153809	4051.10429	2614.03046	0	0	0	0	0	3
4	23	0	0.0235390876	27.718462	1084.73499	27.718462	4051.10429	2966.36931	0	0	0	0	0	3
5	26	0	0.0294238596	39.4571018	875.679409	27.718462	4051.10429	3175.42488	0	0	0	0	0	3
6	28	0	0.0353086315	30.3079911	734.784173	27.718462	4051.10429	3316.32012	0	0	0	0	0	3
7	30	0	0.0411934034	36.7457851	635.064403	27.718462	4051.10429	3416.03989	0	0	0	0	0	3
8	33	0	0.0470781753	31.0396221	559.561306	27.718462	4051.10429	3491.54299	0	0	0	0	0	3
9	35	0	0.0529629472	33.9459669	501.159601	27.718462	4051.10429	3549.94469	0	0	0	0	0	3
10	37	0	0.0588477191	29.3944582	453.983087	27.718462	4051.10429	3597.12121	0	0	0	0	0	3
11	39	0	0.064732491	30.6647697	415.499604	27.718462	4051.10429	3635.60469	0	0	0	0	0	3
12	41	0	0.0706172629	28.2159551	383.225966	27.718462	4051.10429	3667.87833	0	0	0	0	0	3
13	44	0	0.0765020349	29.4675275	356.013779	27.718462	4051.10429	3695.09051	0	0	0	0	0	3
14	46	0	0.0823868068	27.664434	332.560254	27.664434	4051.10429	3718.54404	0	0	0	0	0	3
15	48	0	0.0882715787	28.5768371	312.294693	27.664434	4051.10429	3738.8096	0	0	0	0	0	3
16	50	0	0.0941563506	27.0506439	294.46694	27.0506439	4051.10429	3756.63735	0	0	0	0	0	3
17	52	0	0.100041123	27.5973706	278.76873	27.0506439	4051.10429	3772.33556	0	0	0	0	0	3
18	55	0	0.105925894	26.2936094	264.742334	26.2936094	4051.10429	3786.36196	0	0	0	0	0	3
19	57	0	0.111810666	27.0782644	252.233699	26.2936094	4051.10429	3798.87059	0	0	0	0	0	3
20	59	0	0.117695438	25.8183041	240.912929	25.8183041	4051.10429	3810.19136	0	0	0	0	0	3
21	62	0	0.12358021	26.3370408	230.69503	25.8183041	4051.10429	3820.40926	0	0	0	0	0	3
22	64	0	0.129464982	25.1585729	221.352464	25.1585729	4051.10429	3829.75183	0	0	0	0	0	3
23	66	0	0.135349754	25.8546121	212.852557	25.1585729	4051.10429	3838.25174	0	0	0	0	0	3
24	69	0	0.141234526	25.1232786	205.030504	25.1232786	4051.10429	3846.07379	0	0	0	0	0	3
25	71	0	0.147119298	25.4243717	197.846258	25.1232786	4051.10429	3853.25803	0	0	0	0	0	3
26	73	0	0.15300407	24.6646379	191.185427	24.6646379	4051.10429	3859.91887	0	0	0	0	0	3
27	76	0	0.158888842	24.5681162	185.014415	24.5681162	4051.10429	3866.08988	0	0	0	0	0	3
28	78	0	0.164773614	24.5963321	179.285198	24.5681162	4051.10429	3871.81909	0	0	0	0	0	3
29	80	0	0.170658385	24.5323007	173.948891	24.5323007	4051.10429	3877.1554	0	0	0	0	0	3
30	82	0	0.176543157	24.3756172	168.963116	24.3756172	4051.10429	3882.14118	0	0	0	0	0	3
31	85	0	0.182427929	23.6936374	164.277003	23.6936374	4051.10429	3886.82729	0	0	0	0	0	3
32	87	0	0.188312701	23.6855849	159.883521	23.6855849	4051.10429	3891.22077	0	0	0	0	0	3
33	89	0	0.194197473	23.8366307	155.760888	23.6855849	4051.10429	3895.3434	0	0	0	0	0	3
34	92	0	0.200082245	23.7355816	151.877791	23.6855849	4051.10429	3899.2265	0	0	0	0	0	3
35	94	0	0.205967017	23.8696496	148.220416	23.6855849	4051.10429	3902.88388	0	0	0	0	0	3
36	96	0	0.211851789	23.1602796	144.746523	23.1602796	4051.10429	3906.35777	0	0	0	0	0	3
37	99	0	0.217736561	23.1809176	141.460966	23.1602796	4051.10429	3909.64333	0	0	0	0	0	3
38	101	0	0.223621333	23.2253117	138.349502	23.1602796	4051.10429	3912.75479	0	0	0	0	0	3
39	104	0	0.229506105	23.2598817	135.398486	23.1602796	4051.10429	3915.70581	0	0	0	0	0	3
40	106	0	0.235390876	23.2498471	132.59477	23.1602796	4051.10429	3918.50952	0	0	0	0	0	3
41	109	0	0.241275648	22.723439	129.914981	22.723439	4051.10429	3921.18931	0	0	0	0	0	3
42	111	0	0.24716042	22.7288386	127.36293	22.723439	4051.10429	3923.74136	0	0	0	0	0	3
43	114	0	0.253045192	22.6925669	124.928736	22.6925669	4051.10429	3926.17556	0	0	0	0	0	3
44	116	0	0.258929964	22.679415	122.604887	22.679415	4051.10429	3928.4994	0	0	0	0	0	3
45	119	0	0.264814736	22.6344733	120.383323	22.6344733	4051.10429	3930.72097	0	0	0	0	0	3
46	121	0	0.270699508	22.2925805	118.250915	22.2925805	4051.10429	3932.85338	0	0	0	0	0	3
47	124	0	0.27658428	22.2941386	116.209282	22.2925805	4051.10429	3934.89501	0	0	0	0	0	3
48	127	0	0.282469052	22.2466221	114.251726	22.2466221	4051.10429	3936.85257	0	0	0	0	0	3
49	129	0	0.288353824	22.2618771	112.374382	22.2466221	4051.10429	3938.72991	0	0	0	0	0	3
50	132	0	0.294238596	22.2178809	110.571252	22.2178809	4051.10429	3940.53304	0	0	0	0	0	3
51	134	0	0.300123368	22.0641239	108.835818	22.0641239	4051.10429	3942.26847	0	0	0	0	0	3
52	136	0	0.306008139	22.1123616	107.16806	22.0641239	4051.10429	3943.93623	0	0	0	0	0	3
53	139	0	0.311892911	22.1263062	105.563498	22.0641239	4051.10429	3945.54079	0	0	0	0	0	3
54	141	0	0.317777683	22.1425007	104.018665	22.0641239	4051.10429	3947.08563	0	0	0	0	0	3
55	144	0	0.323662455	22.1189365	102.529579	22.0641239	4051.10429	3948.57471	0	0	0	0	0	3
56	146	0	0.329547227	22.0366483	101.092205	22.0366483	4051.10429	3950.01209	0	0	0	0	0	3
57	148	0	0.335431999	22.0206701	99.7049854	22.0206701	4051.10429	3951.39931	0	0	0	0	0	3
58	151	0	0.341316771	22.0056122	98.365341	22.0056122	4051.10429	3952.73895	0	0	0	0	0	3
59	153	0	0.347201543	22.0075675	97.0711415	22.0056122	4051.10429	3954.03315	0	0	0	0	0	3
60	156	0	0.353086315	22.0279298	95.8204213	22.0056122	4051.10429	3955.28387	0	0	0	0	0	3
61	159	0	0.358971087	21.8502609	94.6077957	21.8502609	4051.10429	3956.4965	0	0	0	0	0	3
62	161	0	0.364855859	21.8057991	93.4335699	21.8057991	4051.10429	3957.67072	0	0	0	0	0	3
63	164	0	0.37074063	21.7775749	92.2961732	21.7775749	4051.10429	3958.80812	0	0	0	0	0	3
64	166	0	0.376625402	21.7579474	91.1940134	21.7579474	4051.10429	3959.91028	0	0	0	0	0	3
65	169	0	0.382510174	21.7598236	90.1257951	21.7579474	4051.10429	3960.9785	0	0	0	0	0	3
66	172	0	0.388394946	21.7202469	89.0893474	21.7202469	4051.10429	3962.01494	0	0	0	0	0	3
67	174	0	0.394279718	21.7121251	88.0837172	21.7121251	4051.10429	3963.02058	0	0	0	0	0	3
68	177	0	0.40016449	21.7339257	87.107985	21.7121251	4051.10429	3963.99631	0	0	0	0	0	3
69	179	0	0.406049262	21.7111157	86.1602043	21.7111157	4051.10429	3964.94409	0	0	0	0	0	3
70	181	0	0.411934034	21.7456272	85.239996	21.7111157	4051.10429	3965.8643	0	0	0	0	0	3
71	184	0	0.417818806	21.767758	84.3460209	21.7111157	4051.10429	3966.75827	0	0	0	0	0	3
72	187	0	0.423703578	21.8281285	83.4777168	21.7111157	4051.10429	3967.62658	0	0	0	0	0	3
73	189	0	0.42958835	21.8056717	82.6328943	21.7111157	4051.10429	3968.4714	0	0	0	0	0	3
74	192	0	0.435473122	21.7639196	81.8103405	21.7111157	4051.10429	3969.29395	0	0	0	0	0	3
75	194	0	0.441357893	21.7986182	81.0101842	21.7111157	4051.10429	3970.09411	0	0	0	0	0	3
76	197	0	0.447242665	21.7397733	80.2303104	21.7111157	4051.10429	3970.87398	0	0	0	0	0	3
77	199	0	0.453127437	21.7675362	79.4710536	21.7111157	4051.10429	3971.63324	0	0	0	0	0	3
78	202	0	0.459012209	21.7957958	78.7316272	21.7111157	4051.10429	3972.37267	0	0	0	0	0	3
79	204	0	0.464896981	21.7533611	78.0103834	21.7111157	4051.10429	3973.09391	0	0	0	0	0	3
80	207	0	0.470781753	21.7722986	77.3074073	21.7111157	4051.10429	3973.79689	0	0	0	0	0	3
81	209	0	0.476666525	21.7745269	76.6218162	21.7111157	4051.10429	3974.48248	0	0	0	0	0	3
82	211	0	0.482551297	21.7425929	75.9525574	21.7111157	4051.10429	3975.15173	0	0	0	0	0	3
83	214	0	0.488436069	21.7284263	75.2992546	21.7111157	4051.10429	3975.80504	0	0	0	0	0	3
84	216	0	0.494320841	21.6843019	74.6609813	21.6843019	4051.10429	3976.44331	0	0	0	0	0	3
85	219	0	0.500205613	21.698466	74.0378929	21.6843019	4051.10429	3977.0664	0	0	0	0	0	3
86	221	0	0.506090384	21.7047925	26.6331929	21.6843019	199.963381	178.279079	0	0	0	0	0	3
87	224	0	0.511975156	21.7133299	24.5361335	21.6843019	60.153809	38.4695071	0	0	0	0	0	3
88	226	0	0.517859928	21.7331516	24.0841258	21.6843019	39.4571018	17.7727999	0	0	0	0	0	3
89	229	0	0.5237447	21.745752	24.0138586	21.6843019	39.4571018	17.7727999	0	0	0	0	0	3
90	231	0	0.529629472	21.7753118	23.8058375	21.6843019	36.7457851	15.0614833	0	0	0	0	0	3
91	234	0	0.535514244	21.7495985	23.7051505	21.6843019	36.7457851	15.0614833	0	0	0	0	0	3
92	236	0	0.541399016	21.788276	23.5291799	21.6843019	33.9459669	12.261665	0	0	0	0	0	3
93	239	0	0.547283788	21.7941162	23.4204092	21.6843019	33.9459669	12.261665	0	0	0	0	0	3
94	241	0	0.55316856	21.8629382	23.2782559	21.6843019	30.6647697	8.98046781	0	0	0	0	0	3
95	244	0	0.559053332	21.8688958	23.1897199	21.6843019	30.6647697	8.98046781	0	0	0	0	0	3
96	246	0	0.564938104	21.8774908	23.0863401	21.6843019	29.4675275	7.78322566	0	0	0	0	0	3
97	249	0	0.570822876	21.8268979	23.0111748	21.6843019	29.4675275	7.78322566	0	0	0	0	0	3
98	251	0	0.576707647	21.8417593	22.9214598	21.6843019	28.5768371	6.89253524	0	0	0	0	0	3
99	254	0	0.582592419	21.8781674	22.8533861	21.6843019	28.5768371	6.89253524	0	0	0	0	0	3
100	257	0	0.588477191	21.9261782	22.7751431	21.6843019	27.5973706	5.91306874	0	0	0	0	0	3
101	264	0	0.594361963	21.9389196	22.7150051	21.6843019	27.5973706	5.91306874	0	0	0	0	0	3
102	266	0	0.600246735	21.9249931	22.6482713	21.6843019	27.0782644	5.39396255	0	0	0	0	0	3
103	268	0	0.606131507	21.9539839	22.5972169	21.6843019	27.0782644	5.39396255	0	0	0	0	0	3
104	271	0	0.612016279	21.9124824	22.536443	21.6843019	26.3370408	4.65273895	0	0	0	0	0	3
105	273	0	0.617901051	21.9153903	22.4905263	21.6843019	26.3370408	4.65273895	0	0	0	0	0	3
106	275	0	0.623785823	21.9476183	22.4388861	21.6843019	25.8546121	4.17031027	0	0	0	0	0	3
107	278	0	0.629670595	21.9251103	22.4008453	21.6843019	25.8546121	4.17031027	0	0	0	0	0	3
108	280	0	0.635555367	21.8872242	22.3541702	21.6843019	25.4243717	3.74006983	0	0	0	0	0	3
109	283	0	0.641440138	21.8515312	22.315679	21.6843019	25.4243717	3.74006983	0	0	0	0	0	3
110	285	0	0.64732491	21.8381999	22.2734888	21.6843019	24.6646379	2.98033608	0	0	0	0	0	3
111	287	0	0.653209682	21.7725791	22.2394645	21.6843019	24.5963321	2.91203025	0	0	0	0	0	3
112	290	0	0.659094454	21.7244445	22.2060096	21.6843019	24.5963321	2.91203025	0	0	0	0	0	3
113	292	0	0.664979226	21.7130003	22.172088	21.6843019	24.5323007	2.84799882	0	0	0	0	0	3
114	295	0	0.670863998	21.7071765	22.1388513	21.6843019	24.3756172	2.69131537	0	0	0	0	0	3
115	297	0	0.67674877	21.6914131	22.1072724	21.6843019	23.8696496	2.18534771	0	0	0	0	0	3
116	300	0	0.682633542	21.7173073	22.0840215	21.6843019	23.8696496	2.18534771	0	0	0	0	0	3
117	302	0	0.688518314	21.6614808	22.0602085	21.6614808	23.8696496	2.20816873	0	0	0	0	0	3
118	305	0	0.694403086	21.6371158	22.0343318	21.6371158	23.8696496	2.23253379	0	0	0	0	0	3
119	307	0	0.700287858	21.6332318	22.0095983	21.6332318	23.8696496	2.23641775	0	0	0	0	0	3
120	310	0	0.706172629	21.6606954	21.9836106	21.6332318	23.2598817	1.62664989	0	0	0	0	0	3
121	312	0	0.712057401	21.6779365	21.9661713	21.6332318	23.2598817	1.62664989	0	0	0	0	0	3
122	315	0	0.717942173	21.6766872	21.9484745	21.6332318	23.2598817	1.62664989	0	0	0	0	0	3
123	317	0	0.723826945	21.7233264	21.930804	21.6332318	23.2598817	1.62664989	0	0	0	0	0	3
124	320	0	0.729711717	21.6952691	21.9123968	21.6332318	23.2498471	1.61661524	0	0	0	0	0	3
125	322	0	0.735596489	21.7128863	21.8943149	21.6332318	22.7288386	1.09560676	0	0	0	0	0	3
126	325	0	0.741481261	21.7116831	21.8824119	21.6332318	22.7288386	1.09560676	0	0	0	0	0	3
127	327	0	0.747366033	21.7469005	21.8708597	21.6332318	22.6925669	1.0593351	0	0	0	0	0	3
128	329	0	0.753250805	21.7172132	21.859385	21.6332318	22.679415	1.04618321	0	0	0	0	0	3
129	332	0	0.759135577	21.655043	21.8473335	21.6332318	22.6344733	1.00124143	0	0	0	0	0	3
130	334	0	0.765020349	21.6913458	21.8362379	21.6332318	22.2941386	0.660906781	0	0	0	0	0	3
131	337	0	0.770905121	21.7606737	21.8299802	21.6332318	22.2941386	0.660906781	0	0	0	0	0	3
132	339	0	0.776789892	21.8101359	21.824286	21.6332318	22.2618771	0.628645269	0	0	0	0	0	3
133	341	0	0.782674664	21.8144005	21.8192011	21.6332318	22.2618771	0.628645269	0	0	0	0	0	3
134	343	0	0.788559436	21.8141308	21.8139335	21.6332318	22.2178809	0.584649074	0	0	0	0	0	3
135	346	0	0.794444208	21.792276	21.8089264	21.6332318	22.1425007	0.509268903	0	0	0	0	0	3
136	348	0	0.80032898	21.7940236	21.8057487	21.6332318	22.1425007	0.509268903	0	0	0	0	0	3
137	350	0	0.806213752	21.8135685	21.8022335	21.6332318	22.1425007	0.509268903	0	0	0	0	0	3
138	352	0	0.812098524	21.8817107	21.7993559	21.6332318	22.1425007	0.509268903	0	0	0	0	0	3
139	355	0	0.817983296	21.8841872	21.7963169	21.6332318	22.1189365	0.485704721	0	0	0	0	0	3
140	357	0	0.823868068	21.9323762	21.7941221	21.6332318	22.0366483	0.403416446	0	0	0	0	0	3
141	359	0	0.82975284	21.933593	21.7929097	21.6332318	22.0279298	0.394697985	0	0	0	0	0	3
142	361	0	0.835637612	21.9722546	21.7923401	21.6332318	22.0279298	0.394697985	0	0	0	0	0	3
143	364	0	0.841522383	21.968937	21.7919086	21.6332318	22.0279298	0.394697985	0	0	0	0	0	3
144	366	0	0.847407155	22.0045019	21.7918725	21.6332318	22.0279298	0.394697985	0	0	0	0	0	3
145	369	0	0.853291927	22.0179449	21.7917551	21.6332318	22.0179449	0.384713092	0	0	0	0	0	3
146	371	0	0.859176699	22.0019649	21.7935398	21.6332318	22.0179449	0.384713092	0	0	0	0	0	3
147	374	0	0.865061471	22.0023408	21.7958521	21.6332318	22.0179449	0.384713092	0	0	0	0	0	3
148	377	0	0.870946243	21.9522656	21.7979073	21.6332318	22.0179449	0.384713092	0	0	0	0	0	3
149	379	0	0.876831015	21.9552984	21.800229	21.6332318	22.0179449	0.384713092	0	0	0	0	0	3
150	382	0	0.882715787	21.9451243	21.8024091	21.6332318	22.0179449	0.384713092	0	0	0	0	0	3
151	384	0	0.888600559	21.908119	21.8046193	21.6332318	22.0179449	0.384713092	0	0	0	0	0	3
152	387	0	0.894485331	21.9066261	21.8069076	21.6332318	22.0179449	0.384713092	0	0	0	0	0	3
153	389	0	0.900370103	21.9027957	21.8088943	21.6332318	22.0179449	0.384713092	0	0	0	0	0	3
154	392	0	0.906254875	21.8985086	21.8110989	21.6332318	22.0179449	0.384713092	0	0	0	0	0	3
155	394	0	0.912139646	21.8840513	21.8127274	21.6332318	22.0179449	0.384713092	0	0	0	0	0	3
156	397	0	0.918024418	21.9020347	21.8143071	21.6332318	22.0179449	0.384713092	0	0	0	0	0	3
157	399	0	0.92390919	21.8900308	21.8150354	21.6332318	22.0179449	0.384713092	0	0	0	0	0	3
158	402	0	0.929793962	21.8629698	21.8157095	21.6332318	22.0179449	0.384713092	0	0	0	0	0	3
159	405	0	0.935678734	21.8386159	21.8165883	21.6332318	22.0179449	0.384713092	0	0	0	0	0	3
160	407	0	0.941563506	21.8620607	21.8173347	21.6332318	22.0179449	0.384713092	0	0	0	0	0	3
161	410	0	0.947448278	21.8369486	21.8184779	21.6332318	22.0179449	0.384713092	0	0	0	0	0	3
162	412	0	0.95333305	21.8261049	21.8191669	21.6332318	22.0179449	0.384713092	0	0	0	0	0	3
163	414	0	0.959217822	21.7749297	21.8189214	21.6332318	22.0179449	0.384713092	0	0	0	0	0	3
164	417	0	0.965102594	21.7693594	21.8191097	21.6332318	22.0179449	0.384713092	0	0	0	0	0	3
165	419	0	0.970987366	21.7420963	21.8187543	21.6332318	22.0179449	0.384713092	0	0	0	0	0	3
166	421	0	0.976872137	21.752871	21.8184996	21.6332318	22.0179449	0.384713092	0	0	0	0	0	3
167	424	0	0.982756909	21.7265339	21.8183106	21.6332318	22.0179449	0.384713092	0	0	0	0	0	3
168	426	0	0.988641681	21.7033196	21.8180153	21.6332318	22.0179449	0.384713092	0	0	0	0	0	3
169	428	0	0.994526453	21.721343	21.818451	21.6332318	22.0179449	0.384713092	0	0	0	0	0	3
170	431	0	1.00041123	21.7556069	21.8191233	21.6332318	22.0179449	0.384713092	1.15561731	0	100	0	0	3
171	433	0	1.006296	21.8133124	21.8204	21.6332318	22.0179449	0.384713092	1.15561731	0	100	0	0	3
172	436	0	1.01218077	21.874017	21.8222904	21.6332318	22.0179449	0.384713092	1.15561731	0	100	0	0	3
173	438	0	1.01806554	21.8439258	21.8235937	21.6332318	22.0179449	0.384713092	1.15561731	0	100	0	0	3
174	440	0	1.02395031	21.8120459	21.8243736	21.6332318	22.0179449	0.384713092	1.15561731	0	100	0	0	3
175	443	0	1.02983508	21.7783582	21.8244094	21.6332318	22.0179449	0.384713092	1.15561731	0	100	0	0	3
176	445	0	1.03571986	21.7875399	21.8248558	21.6332318	22.0179449	0.384713092	1.15561731	0	100	0	0	3
177	448	0	1.04160463	21.8466514	21.8255426	21.6332318	22.0179449	0.384713092	1.15561731	0	100	0	0	3
178	450	0	1.0474894	21.8116283	21.8257486	21.6332318	22.0179449	0.384713092	1.15561731	0	100	0	0	3
179	453	0	1.05337417	21.809447	21.8251193	21.6332318	22.0179449	0.384713092	1.15561731	0	100	0	0	3
180	455	0	1.05925894	21.7719595	21.8239789	21.6332318	22.0179449	0.384713092	1.15561731	0	100	0	0	3
181	458	0	1.06514372	21.8003061	21.8230708	21.6332318	22.0179449	0.384713092	1.15561731	0	100	0	0	3
182	460	0	1.07102849	21.7750457	21.8224608	21.6332318	22.0179449	0.384713092	1.15561731	0	100	0	0	3
183	463	0	1.07691326	21.7526461	21.8214124	21.6332318	22.0179449	0.384713092	1.15561731	0	100	0	0	3
184	465	0	1.08279803	21.7171949	21.8195186	21.6332318	22.0179449	0.384713092	1.15561731	0	100	0	0	3
185	468	0	1.0886828	21.728638	21.8171946	21.6332318	22.0179449	0.384713092	1.15561731	0	100	0	0	3
186	471	0	1.09456758	21.723595	21.8146614	21.6332318	22.0179449	0.384713092	1.15561731	0	100	0	0	3
187	473	0	1.10045235	21.7505948	21.8126096	21.6332318	22.0179449	0.384713092	1.15561731	0	100	0	0	3
188	475	0	1.10633712	21.7695256	21.8104395	21.6332318	22.0179449	0.384713092	1.15561731	0	100	0	0	3
189	478	0	1.11222189	21.7919002	21.8090209	21.6332318	22.0179449	0.384713092	1.15561731	0	100	0	0	3
190	480	0	1.11810666	21.8500604	21.8082523	21.6332318	22.0179449	0.384713092	1.15561731	0	100	0	0	3
191	482	0	1.12399144	21.8371073	21.8069522	21.6332318	22.0179449	0.384713092	1.15561731	0	100	0	0	3
192	484	0	1.12987621	21.8543213	21.8061194	21.6332318	22.0179449	0.384713092	1.15561731	0	100	0	0	3
193	486	0	1.13576098	21.8248286	21.8053853	21.6332318	22.0179449	0.384713092	1.15561731	0	100	0	0	3
194	489	0	1.14164575	21.8126382	21.8049277	21.6332318	22.0179449	0.384713092	1.15561731	0	100	0	0	3
195	491	0	1.14753052	21.7827022	21.8042748	21.6332318	22.0179449	0.384713092	1.15561731	0	100	0	0	3
196	493	0	1.15341529	21.7730802	21.8042807	21.6332318	22.0179449	0.384713092	1.15561731	0	100	0	0	3
197	495	0	1.15930007	21.7697188	21.8048134	21.6332318	22.0179449	0.380332963	1.15561731	0	100	0	0	3
198	497	0	1.16518484	21.7804215	21.8056065	21.6332318	22.0179449	0.347096208	1.15561731	0	100	0	0	3
199	500	0	1.17106961	21.740672	21.8060006	21.6332318	22.0179449	0.315517335	1.15561731	0	100	0	0	3
200	502	0	1.17695438	21.70037	21.806106	21.6332318	22.0179449	0.292266393	1.15561731	0	100	0	0	3
201	509	0	1.18283915	21.6989154	21.8058896	21.6332318	22.0179449	0.268453404	1.15561731	0	100	0	0	3
202	511	0	1.18872393	21.7194204	21.8065713	21.6332318	22.0179449	0.242576759	1.15561731	0	100	0	0	3
203	513	0	1.1946087	21.7201327	21.8075479	21.6332318	22.0179449	0.217843232	1.15561731	0	100	0	0	3
204	515	0	1.20049347	21.6743134	21.8080312	21.655043	22.0179449	0.191855536	1.15561731	0	100	0	0	3
205	517	0	1.20637824	21.709952	21.8086107	21.655043	22.0179449	0.174416206	1.15561731	0	100	0	0	3
206	520	0	1.21226301	21.6613628	21.8084157	21.655043	22.0179449	0.156719378	1.15561731	0	100	0	0	3
207	522	0	1.21814779	21.6526044	21.8081324	21.6526044	22.0179449	0.139048964	1.15561731	0	100	0	0	3
208	524	0	1.22403256	21.6679449	21.8074809	21.6526044	22.0179449	0.120641756	1.15561731	0	100	0	0	3
209	526	0	1.22991733	21.6609798	21.8070775	21.6526044	22.0179449	0.102559866	1.15561731	0	100	0	0	3
210	528	0	1.2358021	21.6397873	21.8062175	21.6397873	22.0179449	0.0906568544	1.15561731	0	100	0	0	3
211	530	0	1.24168687	21.6168456	21.8051017	21.6168456	22.0179449	0.0791046417	1.15561731	0	100	0	0	3
212	533	0	1.24757165	21.6733272	21.8042362	21.6168456	22.0179449	0.0676298915	1.15561731	0	100	0	0	3
213	535	0	1.25345642	21.735998	21.8044572	21.6168456	22.0179449	0.0555784561	1.15561731	0	100	0	0	3
214	537	0	1.25934119	21.8213948	21.8064142	21.6168456	22.0179449	0.0444828394	1.15561731	0	100	0	0	3
215	539	0	1.26522596	21.8180505	21.8079049	21.6168456	22.0179449	0.0382251124	1.15561731	0	100	0	0	3
216	541	0	1.27111073	21.8329236	21.8087549	21.6168456	22.0179449	0.0339935146	1.15561731	0	100	0	0	3
217	544	0	1.2769955	21.8352137	21.8090499	21.6168456	22.0179449	0.0339935146	1.15561731	0	100	0	0	3
218	546	0	1.28288028	21.8250484	21.8091752	21.6168456	22.0179449	0.0339935146	1.15561731	0	100	0	0	3
219	549	0	1.28876505	21.7695533	21.8086508	21.6168456	22.0179449	0.0339935146	1.15561731	0	100	0	0	3
220	551	0	1.29464982	21.8360456	21.8091657	21.6168456	22.0179449	0.0339935146	1.15561731	0	100	0	0	3
221	554	0	1.30053459	21.7957603	21.8091861	21.6168456	22.0179449	0.0339935146	1.15561731	0	100	0	0	3
222	556	0	1.30641936	21.7661162	21.8086279	21.6168456	22.0179449	0.0339935146	1.15561731	0	100	0	0	3
223	559	0	1.31230414	21.7438142	21.8070055	21.6168456	22.0179449	0.0339935146	1.15561731	0	100	0	0	3
224	561	0	1.31818891	21.8135659	21.8061747	21.6168456	22.0179449	0.0339935146	1.15561731	0	100	0	0	3
225	564	0	1.32407368	21.7451736	21.8039723	21.6168456	22.0179449	0.0339935146	1.15561731	0	100	0	0	3
226	566	0	1.32995845	21.7349868	21.8016358	21.6168456	22.0179449	0.0339935146	1.15561731	0	100	0	0	3
227	569	0	1.33584322	21.7768421	21.7993368	21.6168456	22.0179449	0.0339935146	1.15561731	0	100	0	0	3
228	571	0	1.341728	21.7968311	21.797312	21.6168456	22.0179449	0.0339935146	1.15561731	0	100	0	0	3
229	574	0	1.34761277	21.8108144	21.7950334	21.6168456	22.0179449	0.0339935146	1.15561731	0	100	0	0	3
230	576	0	1.35349754	21.770128	21.7921179	21.6168456	22.0023408	0.0336307205	1.15561731	0	100	0	0	3
231	579	0	1.35938231	21.7955788	21.7896898	21.6168456	22.0023408	0.0360587924	1.15561731	0	100	0	0	3
232	581	0	1.36526708	21.794768	21.7872478	21.6168456	21.9552984	0.0385008254	1.15561731	0	100	0	0	3
233	584	0	1.37115186	21.7940889	21.7853869	21.6168456	21.9552984	0.0403617269	1.15561731	0	100	0	0	3
234	586	0	1.37703663	21.8058933	21.7836292	21.6168456	21.9451243	0.042119433	1.15561731	0	100	0	0	3
235	588	0	1.3829214	21.7821188	21.7817114	21.6168456	21.908119	0.0440371446	1.15561731	0	100	0	0	3
236	591	0	1.38880617	21.7831002	21.7802406	21.6168456	21.9066261	0.0455079539	1.15561731	0	100	0	0	3
237	593	0	1.39469094	21.7552361	21.7784596	21.6168456	21.9027957	0.0472890136	1.15561731	0	100	0	0	3
238	595	0	1.40057572	21.7334766	21.7764676	21.6168456	21.9020347	0.0492810032	1.15561731	0	100	0	0	3
239	598	0	1.40646049	21.7778692	21.7750483	21.6168456	21.9020347	0.0507002905	1.15561731	0	100	0	0	3
240	600	0	1.41234526	21.8235981	21.7743371	21.6168456	21.9020347	0.0514115045	1.15561731	0	100	0	0	3
241	602	0	1.41823003	21.8050658	21.7731963	21.6168456	21.8900308	0.0525523153	1.15561731	0	100	0	0	3
242	604	0	1.4241148	21.8120775	21.7722792	21.6168456	21.874017	0.0534694125	1.15561731	0	100	0	0	3
243	607	0	1.42999957	21.8140551	21.7717037	21.6168456	21.874017	0.0540448793	1.15561731	0	100	0	0	3
244	609	0	1.43588435	21.8513892	21.771854	21.6168456	21.874017	0.0540448793	1.15561731	0	100	0	0	3
245	611	0	1.44176912	21.8726834	21.771979	21.6168456	21.874017	0.0540448793	1.15561731	0	100	0	0	3
246	614	0	1.44765389	21.8794415	21.7724789	21.6168456	21.8794415	0.0540448793	1.15561731	0	100	0	0	3
247	616	0	1.45353866	21.8954446	21.7732946	21.6168456	21.8954446	0.0540448793	1.15561731	0	100	0	0	3
248	619	0	1.45942343	21.8870268	21.7746134	21.6168456	21.8954446	0.0540448793	1.15561731	0	100	0	0	3
249	621	0	1.46530821	21.876214	21.7758705	21.6168456	21.8954446	0.0540448793	1.15561731	0	100	0	0	3
250	624	0	1.47119298	21.8548588	21.7771972	21.6168456	21.8954446	0.0540448793	1.15561731	0	100	0	0	3
251	626	0	1.47707775	21.8100632	21.77787	21.6168456	21.8954446	0.0540448793	1.15561731	0	100	0	0	3
252	629	0	1.48296252	21.7911222	21.7786299	21.6168456	21.8954446	0.0540448793	1.15561731	0	100	0	0	3
253	631	0	1.48884729	21.7791059	21.7795215	21.6168456	21.8954446	0.0540448793	1.15561731	0	100	0	0	3
254	633	0	1.49473207	21.7924998	21.7803586	21.6168456	21.8954446	0.0540448793	1.15561731	0	100	0	0	3
255	636	0	1.50061684	21.740143	21.7801767	21.6168456	21.8954446	0.0540448793	1.15561731	0	100	0	0	3
256	638	0	1.50650161	21.7102637	21.7789643	21.6168456	21.8954446	0.0540448793	1.15561731	0	100	0	0	3
257	641	0	1.51238638	21.688005	21.776776	21.6168456	21.8954446	0.0540448793	1.15561731	0	100	0	0	3
258	643	0	1.51827115	21.7065737	21.7751601	21.6168456	21.8954446	0.0540448793	1.15561731	0	100	0	0	3
259	645	0	1.52415593	21.6672027	21.773456	21.6168456	21.8954446	0.0540448793	1.15561731	0	100	0	0	3
260	648	0	1.5300407	21.7396683	21.7730008	21.6168456	21.8954446	0.0540448793	1.15561731	0	100	0	0	3
261	650	0	1.53592547	21.7388547	21.7724281	21.6168456	21.8954446	0.0540448793	1.15561731	0	100	0	0	3
262	653	0	1.54181024	21.7807184	21.7716524	21.6168456	21.8954446	0.0540961906	1.15561731	0	100	0	0	3
263	655	0	1.54769501	21.7474586	21.7708975	21.6168456	21.8954446	0.0542218202	1.15561731	0	100	0	0	3
264	657	0	1.55357978	21.7533151	21.7702371	21.6168456	21.8954446	0.0537417687	1.15561731	0	100	0	0	3
265	660	0	1.55946456	21.7463399	21.7699357	21.6168456	21.8954446	0.0531351197	1.15561731	0	100	0	0	3
266	4264	0	1.56534933	21.7600313	21.7694619	21.6168456	21.8954446	0.0529989153	1.15561731	0	100	0	0	3
267	4266	0	1.5712341	21.7438006	21.7690943	21.6168456	21.8954446	0.0523181154	1.15561731	0	100	0	0	3
268	4268	0	1.57711887	21.7486505	21.7690473	21.6168456	21.8954446	0.0504713281	1.15561731	0	100	0	0	3
269	4271	0	1.58300364	21.7287196	21.7691828	21.6168456	21.8954446	0.0481473256	1.15561731	0	100	0	0	3
270	4274	0	1.58888842	21.7403995	21.7693212	21.6168456	21.8954446	0.0456140952	1.15561731	0	100	0	0	3
271	4277	0	1.59477319	21.7617785	21.7697704	21.6168456	21.8954446	0.0435623509	1.15561731	0	100	0	0	3
272	58057	0	1.60065796	21.7636655	21.7699242	21.6168456	21.8954446	0.041392253	1.15561731	0	100	0	0	3
273	58061	0	1.60654273	21.7104909	21.7692297	21.6168456	21.8954446	0.0401388646	1.15561731	0	100	0	0	3
274	58065	0	1.6124275	21.7223127	21.768411	21.6168456	21.8954446	0.0407751194	1.15561731	0	100	0	0	3
275	58069	0	1.61831228	21.6887381	21.7665131	21.6168456	21.8954446	0.0426730289	1.15561731	0	100	0	0	3
276	58072	0	1.62419705	21.6981295	21.7648781	21.6168456	21.8954446	0.0443080625	1.15561731	0	100	0	0	3
277	58076	0	1.63008182	21.6314559	21.7622561	21.6168456	21.8954446	0.0469300074	1.15561731	0	100	0	0	3
278	58080	0	1.63596659	21.6318677	21.759986	21.6168456	21.8954446	0.0492001356	1.15561731	0	100	0	0	3
279	58083	0	1.64185136	21.6046574	21.7575392	21.6046574	21.8954446	0.0516469691	1.15561731	0	100	0	0	3
280	58086	0	1.64773614	21.6634118	21.7561357	21.6046574	21.8954446	0.0530503852	1.15561731	0	100	0	0	3
281	58089	0	1.65362091	21.6032215	21.7541374	21.6032215	21.8954446	0.0550487228	1.15561731	0	100	0	0	3
282	58092	0	1.65950568	21.662949	21.7528813	21.6032215	21.8954446	0.0563048382	1.15561731	0	100	0	0	3
283	58095	0	1.66539045	21.6511175	21.7513601	21.6032215	21.8954446	0.0578260618	1.15561731	0	100	0	0	3
284	58098	0	1.67127522	21.6349021	21.7501157	21.6032215	21.8954446	0.0590704129	1.15561731	0	100	0	0	3
285	58101	0	1.67716	21.637777	21.7493793	21.6032215	21.8954446	0.0598068007	1.15561731	0	100	0	0	3
286	58104	0	1.68304477	21.6361538	21.748641	21.6032215	21.8954446	0.0605451717	1.15561731	0	100	0	0	3
287	58107	0	1.68892954	21.627193	21.7475559	21.6032215	21.8954446	0.0616302003	1.15561731	0	100	0	0	3
288	58110	0	1.69481431	21.6593204	21.7468405	21.6032215	21.8954446	0.0623456381	1.15561731	0	100	0	0	3
289	58113	0	1.70069908	21.6724211	21.7468182	21.6032215	21.8954446	0.0623679004	1.15561731	0	100	0	0	3
290	58116	0	1.70658385	21.7436012	21.7472141	21.6032215	21.8954446	0.0623679004	1.15561731	0	100	0	0	3
291	58118	0	1.71246863	21.749579	21.7482519	21.6032215	21.8954446	0.0623679004	1.15561731	0	100	0	0	3
292	58121	0	1.7183534	21.8109674	21.750115	21.6032215	21.8954446	0.0623679004	1.15561731	0	100	0	0	3
293	58123	0	1.72423817	21.7500751	21.7510813	21.6032215	21.8954446	0.0623679004	1.15561731	0	100	0	0	3
294	58126	0	1.73012294	21.7433577	21.7520504	21.6032215	21.8954446	0.0623679004	1.15561731	0	100	0	0	3
295	58129	0	1.73600771	21.7443593	21.7532807	21.6032215	21.8954446	0.0623679004	1.15561731	0	100	0	0	3
296	58132	0	1.74189249	21.7651529	21.7550255	21.6032215	21.8954446	0.0623679004	1.15561731	0	100	0	0	3
297	58134	0	1.74777726	21.8146643	21.7566883	21.6032215	21.8954446	0.0623679004	1.15561731	0	100	0	0	3
298	58137	0	1.75366203	21.756306	21.7569272	21.6032215	21.8954446	0.0623679004	1.15561731	0	100	0	0	3
299	58140	0	1.7595468	21.7922901	21.7565848	21.6032215	21.8954446	0.0623679004	1.15561731	0	100	0	0	3
300	58142	0	1.76543157	21.7696064	21.7560148	21.6032215	21.8954446	0.0623679004	1.15561731	0	100	0	0	3
301	58149	0	1.77131635	21.7586505	21.755141	21.6032215	21.8954446	0.0623679004	1.15561731	0	100	0	0	3
302	58151	0	1.77720112	21.701227	21.7535647	21.6032215	21.8954446	0.0623679004	1.15561731	0	100	0	0	3
303	58154	0	1.78308589	21.7170116	21.7522937	21.6032215	21.8954446	0.0623679004	1.15561731	0	100	0	0	3
304	58157	0	1.78897066	21.7126618	21.7516244	21.6032215	21.8954446	0.0623679004	1.15561731	0	100	0	0	3
305	58159	0	1.79485543	21.7727012	21.7508792	21.6032215	21.8954446	0.0623679004	1.15561731	0	100	0	0	3
306	58162	0	1.80074021	21.8034047	21.7509691	21.6032215	21.8954446	0.0618096385	1.15561731	0	100	0	0	3
307	58164	0	1.80662498	21.8395192	21.7518327	21.6032215	21.8954446	0.0601873271	1.15561731	0	100	0	0	3
308	58167	0	1.81250975	21.8711236	21.7533304	21.6032215	21.8954446	0.0593564876	1.15561731	0	100	0	0	3
309	58169	0	1.81839452	21.8776179	21.754084	21.6032215	21.8954446	0.0571541033	1.15561731	0	100	0	0	3
310	58172	0	1.82427929	21.8738661	21.755598	21.6032215	21.8954446	0.0548175606	1.15561731	0	100	0	0	3
311	58174	0	1.83016406	21.9294996	21.7578864	21.6032215	21.9294996	0.0525185901	1.15561731	0	100	0	0	3
312	58177	0	1.83604884	21.8861561	21.7591724	21.6032215	21.9294996	0.0504938156	1.15561731	0	100	0	0	3
313	58179	0	1.84193361	21.820215	21.7594475	21.6032215	21.9294996	0.0482151382	1.15561731	0	100	0	0	3
314	58182	0	1.84781838	21.8472322	21.759876	21.6032215	21.9294996	0.0452996452	1.15561731	0	100	0	0	3
315	58184	0	1.85370315	21.849144	21.7608056	21.6032215	21.9294996	0.0428715733	1.15561731	0	100	0	0	3
316	58187	0	1.85958792	21.8714924	21.7616987	21.6032215	21.9294996	0.0404295404	1.15561731	0	100	0	0	3
317	58189	0	1.8654727	21.8341112	21.7621615	21.6032215	21.9294996	0.0385686389	1.15561731	0	100	0	0	3
318	58192	0	1.87135747	21.8113041	21.7623641	21.6032215	21.9294996	0.0368109327	1.15561731	0	100	0	0	3
319	58195	0	1.87724224	21.752312	21.7617337	21.6032215	21.9294996	0.0348932212	1.15561731	0	100	0	0	3
320	58198	0	1.88312701	21.7666726	21.761552	21.6032215	21.9294996	0.033540386	1.15561731	0	100	0	0	3
321	58200	0	1.88901178	21.7183825	21.7607906	21.6032215	21.9294996	0.033540386	1.15561731	0	100	0	0	3
322	58203	0	1.89489656	21.7133073	21.7602973	21.6032215	21.9294996	0.033540386	1.15561731	0	100	0	0	3
323	58206	0	1.90078133	21.6770012	21.7596329	21.6032215	21.9294996	0.033540386	1.15561731	0	100	0	0	3
324	58208	0	1.9066661	21.6928205	21.7586323	21.6032215	21.9294996	0.033540386	1.15561731	0	100	0	0	3
325	58211	0	1.91255087	21.6711983	21.7568394	21.6032215	21.9294996	0.033540386	1.15561731	0	100	0	0	3
326	58214	0	1.91843564	21.6555606	21.7550805	21.6032215	21.9294996	0.033540386	1.15561731	0	100	0	0	3
327	58216	0	1.92432042	21.6803358	21.7535306	21.6032215	21.9294996	0.033540386	1.15561731	0	100	0	0	3
328	58219	0	1.93020519	21.719491	21.7524181	21.6032215	21.9294996	0.033540386	1.15561731	0	100	0	0	3
329	58221	0	1.93608996	21.748528	21.751208	21.6032215	21.9294996	0.033540386	1.15561731	0	100	0	0	3
330	58224	0	1.94197473	21.8017703	21.7503737	21.6032215	21.9294996	0.033540386	1.15561731	0	100	0	0	3
331	58226	0	1.9478595	21.7850779	21.7492635	21.6032215	21.9294996	0.033540386	1.15561731	0	100	0	0	3
332	58229	0	1.95374427	21.870393	21.7489688	21.6032215	21.9294996	0.033540386	1.15561731	0	100	0	0	3
333	58231	0	1.95962905	21.7979288	21.7479206	21.6032215	21.9294996	0.033540386	1.15561731	0	100	0	0	3
334	58233	0	1.96551382	21.8517948	21.7476333	21.6032215	21.9294996	0.033540386	1.15561731	0	100	0	0	3
335	58236	0	1.97139859	21.8118889	21.7471278	21.6032215	21.9294996	0.033540386	1.15561731	0	100	0	0	3
336	58238	0	1.97728336	21.8390522	21.7474688	21.6032215	21.9294996	0.033540386	1.15561731	0	100	0	0	3
337	58241	0	1.98316813	21.8035169	21.7476146	21.6032215	21.9294996	0.033540386	1.15561731	0	100	0	0	3
338	58243	0	1.98905291	21.814719	21.7480336	21.6032215	21.9294996	0.033540386	1.15561731	0	100	0	0	3
339	58246	0	1.99493768	21.7806867	21.7478946	21.6032215	21.9294996	0.0333584579	1.15561731	0	100	0	0	3
340	58248	0	2.00082245	21.8353742	21.749015	21.6032215	21.9294996	0.0321461209	1.15561731	0	100	0	0	3
341	58251	0	2.00670722	21.7723423	21.7497453	21.6032215	21.9294996	0.0299577447	1.15561731	0	100	0	0	3
342	58253	0	2.01259199	21.7972726	21.7510308	21.6032215	21.9294996	0.0283418376	1.15561731	0	100	0	0	3
343	58256	0	2.01847677	21.7557023	21.7516088	21.6032215	21.9294996	0.0266377995	1.15561731	0	100	0	0	3
344	58259	0	2.02436154	21.7218233	21.7522514	21.6032215	21.9294996	0.026182625	1.15561731	0	100	0	0	3
345	58262	0	2.03024631	21.7103791	21.7519068	21.6032215	21.9294996	0.0256098586	1.15561731	0	100	0	0	3
346	58264	0	2.03613108	21.7518601	21.7520598	21.6032215	21.9294996	0.0248341751	1.15561731	0	100	0	0	3
347	58267	0	2.04201585	21.7296117	21.7514586	21.6032215	21.9294996	0.0240792371	1.15561731	0	100	0	0	3
348	58270	0	2.04790063	21.6837477	21.7507091	21.6032215	21.9294996	0.0234188612	1.15561731	0	100	0	0	3
349	58273	0	2.0537854	21.6833943	21.7498865	21.6032215	21.9294996	0.023117455	1.15561731	0	100	0	0	3
350	58275	0	2.05967017	21.7098381	21.749457	21.6032215	21.9294996	0.0231059818	1.15561731	0	100	0	0	3
351	58278	0	2.06555494	21.6964579	21.7487091	21.6032215	21.9294996	0.0231059818	1.15561731	0	100	0	0	3
352	58280	0	2.07143971	21.6884329	21.7480577	21.6032215	21.9294996	0.0231059818	1.15561731	0	100	0	0	3
353	58283	0	2.07732449	21.647001	21.7468618	21.6032215	21.9294996	0.0231059818	1.15561731	0	100	0	0	3
354	58285	0	2.08320926	21.5877334	21.7452032	21.5877334	21.9294996	0.0247210251	1.15561731	0	100	0	0	3
355	58288	0	2.08909403	21.5643035	21.7431315	21.5643035	21.9294996	0.0267927424	1.15561731	0	100	0	0	3
356	58290	0	2.0949788	21.599158	21.7412183	21.5643035	21.9294996	0.0287059251	1.15561731	0	100	0	0	3
357	58293	0	2.10086357	21.5739716	21.7389866	21.5643035	21.9294996	0.0302430924	1.15561731	0	100	0	0	3
358	58295	0	2.10674834	21.6139932	21.7378513	21.5643035	21.9294996	0.030559684	1.15561731	0	100	0	0	3
359	58298	0	2.11263312	21.6294951	21.7367593	21.5643035	21.9294996	0.0297537464	1.15561731	0	100	0	0	3
360	58300	0	2.11851789	21.6636403	21.7364641	21.5643035	21.9294996	0.0284139814	1.15561731	0	100	0	0	3
361	58303	0	2.12440266	21.7028963	21.7365202	21.5643035	21.9294996	0.0258999918	1.15561731	0	100	0	0	3
362	58306	0	2.13028743	21.7095707	21.7374392	21.5643035	21.9294996	0.0258999918	1.15561731	0	100	0	0	3
363	58308	0	2.1361722	21.7101269	21.7383599	21.5643035	21.9294996	0.0258999918	1.15561731	0	100	0	0	3
364	58311	0	2.14205698	21.7094529	21.7395927	21.5643035	21.9294996	0.0258999918	1.15561731	0	100	0	0	3
365	58314	0	2.14794175	21.7781267	21.7409423	21.5643035	21.9294996	0.0258999918	1.15561731	0	100	0	0	3
366	58316	0	2.15382652	21.7959128	21.7432093	21.5643035	21.9294996	0.0258999918	1.15561731	0	100	0	0	3
367	58319	0	2.15971129	21.7959153	21.7447736	21.5643035	21.9294996	0.0258999918	1.15561731	0	100	0	0	3
368	58321	0	2.16559606	21.7527977	21.7459698	21.5643035	21.9294996	0.0258999918	1.15561731	0	100	0	0	3
369	58324	0	2.17148084	21.7885624	21.7477776	21.5643035	21.9294996	0.0258999918	1.15561731	0	100	0	0	3
370	58327	0	2.17736561	21.8379892	21.750133	21.5643035	21.9294996	0.0258999918	1.15561731	0	100	0	0	3
371	58329	0	2.18325038	21.9013764	21.7532533	21.5643035	21.9294996	0.0258999918	1.15561731	0	100	0	0	3
372	58332	0	2.18913515	21.8687386	21.756095	21.5643035	21.9294996	0.0258999918	1.15561731	0	100	0	0	3
373	58335	0	2.19501992	21.9153922	21.7591076	21.5643035	21.9294996	0.0258999918	1.15561731	0	100	0	0	3
374	58337	0	2.2009047	21.8917836	21.7616884	21.5643035	21.9294996	0.0258999918	1.15561731	0	100	0	0	3
375	58340	0	2.20678947	21.8947105	21.7634661	21.5643035	21.9294996	0.027002038	1.15561731	0	100	0	0	3
376	58342	0	2.21267424	21.9266512	21.7655493	21.5643035	21.9294996	0.0290852398	1.15561731	0	100	0	0	3
377	58344	0	2.21855901	21.9826881	21.7675696	21.5643035	21.9826881	0.0311054828	1.15561731	0	100	0	0	3
378	58347	0	2.22444378	21.9611503	21.7700528	21.5643035	21.9826881	0.0335887207	1.15561731	0	100	0	0	3
379	58349	0	2.23032855	21.9327177	21.7722806	21.5643035	21.9826881	0.035816485	1.15561731	0	100	0	0	3
380	58352	0	2.23621333	21.9259909	21.7744174	21.5643035	21.9826881	0.0379533271	1.15561731	0	100	0	0	3
381	58354	0	2.2420981	21.9163737	21.7761965	21.5643035	21.9826881	0.0397323957	1.15561731	0	100	0	0	3
382	58357	0	2.24798287	21.8740102	21.7768947	21.5643035	21.9826881	0.0404305833	1.15561731	0	100	0	0	3
383	58359	0	2.25386764	21.7942921	21.7773416	21.5643035	21.9826881	0.040877479	1.15561731	0	100	0	0	3
384	58362	0	2.25975241	21.8109325	21.7775609	21.5643035	21.9826881	0.0410968022	1.15561731	0	100	0	0	3
385	58365	0	2.26563719	21.7939832	21.7778477	21.5643035	21.9826881	0.0413835882	1.15561731	0	100	0	0	3
386	58368	0	2.27152196	21.8067521	21.7784136	21.5643035	21.9826881	0.0419494898	1.15561731	0	100	0	0	3
387	58371	0	2.27740673	21.7822853	21.7793672	21.5643035	21.9826881	0.0429031166	1.15561731	0	100	0	0	3
388	58373	0	2.2832915	21.7827858	21.780141	21.5643035	21.9826881	0.0436769299	1.15561731	0	100	0	0	3
389	58376	0	2.28917627	21.7750287	21.7808747	21.5643035	21.9826881	0.0444106587	1.15561731	0	100	0	0	3
390	58379	0	2.29506105	21.7929269	21.7811127	21.5643035	21.9826881	0.0446486079	1.15561731	0	100	0	0	3
391	58381	0	2.30094582	21.6636845	21.7794689	21.5643035	21.9826881	0.0446486079	1.15561731	0	100	0	0	3
392	58384	0	2.30683059	21.6885034	21.7776923	21.5643035	21.9826881	0.0446486079	1.15561731	0	100	0	0	3
393	58387	0	2.31271536	21.656685	21.7751695	21.5643035	21.9826881	0.0446486079	1.15561731	0	100	0	0	3
394	58390	0	2.31860013	21.6111666	21.7720347	21.5643035	21.9826881	0.0446486079	1.15561731	0	100	0	0	3
395	58392	0	2.32448491	21.5844217	21.7686295	21.5643035	21.9826881	0.0446486079	1.15561731	0	100	0	0	3
396	58395	0	2.33036968	21.5867605	21.7645973	21.5643035	21.9826881	0.0446486079	1.15561731	0	100	0	0	3
397	58397	0	2.33625445	21.6107333	21.761357	21.5643035	21.9826881	0.0446486079	1.15561731	0	100	0	0	3
398	58400	0	2.34213922	21.6754808	21.7596543	21.5643035	21.9826881	0.0446486079	1.15561731	0	100	0	0	3
399	58402	0	2.34802399	21.6487508	21.7573192	21.5643035	21.9826881	0.0446486079	1.15561731	0	100	0	0	3
400	58405	0	2.35390876	21.6511385	21.7549897	21.5643035	21.9826881	0.0446486079	1.15561731	0	100	0	0	3
401	58412	0	2.35979354	21.6700131	21.7526194	21.5643035	21.9826881	0.0446486079	1.15561731	0	100	0	0	3
402	58415	0	2.36567831	21.7261375	21.7513491	21.5643035	21.9826881	0.0446486079	1.15561731	0	100	0	0	3
403	58418	0	2.37156308	21.708242	21.7501366	21.5643035	21.9826881	0.0446486079	1.15561731	0	100	0	0	3
404	58420	0	2.37744785	21.7231988	21.7497941	21.5643035	21.9826881	0.0446486079	1.15561731	0	100	0	0	3
405	58423	0	2.38333262	21.7298935	21.7493614	21.5643035	21.9826881	0.0446486079	1.15561731	0	100	0	0	3
406	58426	0	2.3892174	21.6945115	21.7490805	21.5643035	21.9826881	0.0446486079	1.15561731	0	100	0	0	3
407	58428	0	2.39510217	21.6721558	21.7485964	21.5643035	21.9826881	0.0446486079	1.15561731	0	100	0	0	3
408	58431	0	2.40098694	21.7236353	21.749145	21.5643035	21.9826881	0.0446486079	1.15561731	0	100	0	0	3
409	58433	0	2.40687171	21.7080183	21.7493238	21.5643035	21.9826881	0.0446486079	1.15561731	0	100	0	0	3
410	58436	0	2.41275648	21.7340975	21.7500638	21.5643035	21.9826881	0.0446486079	1.15561731	0	100	0	0	3
411	58438	0	2.41864126	21.6805623	21.750358	21.5643035	21.9826881	0.0446486079	1.15561731	0	100	0	0	3
412	58441	0	2.42452603	21.7349761	21.7510008	21.5643035	21.9826881	0.0446486079	1.15561731	0	100	0	0	3
413	58443	0	2.4304108	21.7454385	21.7513061	21.5643035	21.9826881	0.0446486079	1.15561731	0	100	0	0	3
414	58446	0	2.43629557	21.7726697	21.7515901	21.5643035	21.9826881	0.0446486079	1.15561731	0	100	0	0	3
415	58448	0	2.44218034	21.7665196	21.7511754	21.5643035	21.9826881	0.0446486079	1.15561731	0	100	0	0	3
416	58450	0	2.44806512	21.7837231	21.7511594	21.5643035	21.9826881	0.0446486079	1.15561731	0	100	0	0	3
417	58453	0	2.45394989	21.792674	21.7502451	21.5643035	21.9826881	0.0446486079	1.15561731	0	100	0	0	3
418	58455	0	2.45983466	21.8208899	21.7505152	21.5643035	21.9826881	0.0446486079	1.15561731	0	100	0	0	3
419	58457	0	2.46571943	21.8095422	21.7500181	21.5643035	21.9826881	0.0446486079	1.15561731	0	100	0	0	3
420	58460	0	2.4716042	21.8076227	21.7499679	21.5643035	21.9826881	0.0446486079	1.15561731	0	100	0	0	3
421	58463	0	2.47748898	21.8155766	21.7496918	21.5643035	21.9826881	0.0446486079	1.15561731	0	100	0	0	3
422	58465	0	2.48337375	21.856235	21.750312	21.5643035	21.9826881	0.0446486079	1.15561731	0	100	0	0	3
423	58467	0	2.48925852	21.8915309	21.7512156	21.5643035	21.9826881	0.0446486079	1.15561731	0	100	0	0	3
424	58470	0	2.49514329	21.9055001	21.752684	21.5643035	21.9826881	0.0446486079	1.15561731	0	100	0	0	3
425	58473	0	2.50102806	21.9143733	21.7536134	21.5643035	21.9826881	0.0446486079	1.15561731	0	100	0	0	3
426	58475	0	2.50691283	21.9186738	21.755335	21.5643035	21.9826881	0.0446486079	1.15561731	0	100	0	0	3
427	58478	0	2.51279761	21.9090935	21.7566505	21.5643035	21.9826881	0.0446486079	1.15561731	0	100	0	0	3
428	58480	0	2.51868238	21.9457375	21.7588862	21.5643035	21.9826881	0.0446486079	1.15561731	0	100	0	0	3
429	58483	0	2.52456715	21.9424382	21.7614817	21.5643035	21.9826881	0.0446486079	1.15561731	0	100	0	0	3
430	58485	0	2.53045192	21.9678817	21.7645111	21.5643035	21.9826881	0.0446486079	1.15561731	0	100	0	0	3
431	58488	0	2.53633669	21.9537705	21.7668866	21.5643035	21.9826881	0.0446486079	1.15561731	0	100	0	0	3
432	58490	0	2.54222147	21.9580934	21.7695746	21.5643035	21.9826881	0.0446486079	1.15561731	0	100	0	0	3
433	58493	0	2.54810624	21.9191942	21.7723445	21.5643035	21.9826881	0.0446486079	1.15561731	0	100	0	0	3
434	58495	0	2.55399101	21.922267	21.7751548	21.5643035	21.9826881	0.0446486079	1.15561731	0	100	0	0	3
435	58498	0	2.55987578	21.854851	21.7768608	21.5643035	21.9826881	0.0446486079	1.15561731	0	100	0	0	3
436	58500	0	2.56576055	21.815026	21.7782558	21.5643035	21.9826881	0.0446486079	1.15561731	0	100	0	0	3
437	58503	0	2.57164533	21.7995624	21.7795632	21.5643035	21.9826881	0.0446486079	1.15561731	0	100	0	0	3
438	58505	0	2.5775301	21.8095081	21.781475	21.5643035	21.9826881	0.0450109336	1.15561731	0	100	0	0	3
439	58508	0	2.58341487	21.8428823	21.7844768	21.5643035	21.9826881	0.0480126849	1.15561731	0	100	0	0	3
440	58510	0	2.58929964	21.8348969	21.7876602	21.5739716	21.9826881	0.0511961365	1.15561731	0	100	0	0	3
441	58513	0	2.59518441	21.8833632	21.7910038	21.5739716	21.9826881	0.0545397268	1.15561731	0	100	0	0	3
442	58516	0	2.60106919	21.836647	21.7940941	21.5844217	21.9826881	0.0576300248	1.15561731	0	100	0	0	3
443	58518	0	2.60695396	21.8701576	21.7971078	21.5844217	21.9826881	0.0606437229	1.15561731	0	100	0	0	3
444	58521	0	2.61283873	21.8627744	21.7998523	21.5844217	21.9826881	0.063388185	1.15561731	0	100	0	0	3
445	58523	0	2.6187235	21.8085194	21.8015567	21.5844217	21.9826881	0.0650365655	1.15561731	0	100	0	0	3
446	58526	0	2.62460827	21.8277463	21.8030255	21.5844217	21.9826881	0.0655863921	1.15561731	0	100	0	0	3
447	58529	0	2.63049304	21.7835401	21.8038958	21.5844217	21.9826881	0.0655359236	1.15561731	0	100	0	0	3
448	58531	0	2.63637782	21.7709881	21.8046118	21.5844217	21.9826881	0.0650190498	1.15561731	0	100	0	0	3
449	58534	0	2.64226259	21.7899515	21.8055588	21.5844217	21.9826881	0.0646165053	1.15561731	0	100	0	0	3
450	58536	0	2.64814736	21.7919825	21.8057218	21.5844217	21.9826881	0.0625125574	1.15561731	0	100	0	0	3
451	58539	0	2.65403213	21.7652501	21.8053611	21.5844217	21.9826881	0.0609482476	1.15561731	0	100	0	0	3
452	58542	0	2.6599169	21.8221541	21.8056698	21.5844217	21.9826881	0.0597520097	1.15561731	0	100	0	0	3
453	58544	0	2.66580168	21.7335978	21.8054439	21.5844217	21.9826881	0.0579442423	1.15561731	0	100	0	0	3
454	58547	0	2.67168645	21.7754898	21.8052901	21.5844217	21.9826881	0.0571254338	1.15561731	0	100	0	0	3
455	58549	0	2.67757122	21.7441485	21.8041861	21.5844217	21.9826881	0.0571254338	1.15561731	0	100	0	0	3
456	58552	0	2.68345599	21.7686306	21.8026244	21.5844217	21.9826881	0.0571254338	1.15561731	0	100	0	0	3
457	58554	0	2.68934076	21.7304148	21.8009971	21.5844217	21.9826881	0.0571254338	1.15561731	0	100	0	0	3
458	58557	0	2.69522554	21.7466552	21.7990119	21.5844217	21.9826881	0.0571254338	1.15561731	0	100	0	0	3
459	58559	0	2.70111031	21.695882	21.7967072	21.5844217	21.9826881	0.0571254338	1.15561731	0	100	0	0	3
460	58562	0	2.70699508	21.7486474	21.7949888	21.5844217	21.9826881	0.0571254338	1.15561731	0	100	0	0	3
461	58564	0	2.71287985	21.7200577	21.7925583	21.5844217	21.9826881	0.0571254338	1.15561731	0	100	0	0	3
462	58566	0	2.71876462	21.7523279	21.7898482	21.5844217	21.9678817	0.0571254338	1.15561731	0	100	0	0	3
463	58569	0	2.7246494	21.7437935	21.787291	21.5844217	21.9678817	0.0571254338	1.15561731	0	100	0	0	3
464	58571	0	2.73053417	21.7591456	21.785249	21.5844217	21.9678817	0.0571254338	1.15561731	0	100	0	0	3
465	58574	0	2.73641894	21.7648078	21.7833527	21.5844217	21.9678817	0.0571254338	1.15561731	0	100	0	0	3
466	58576	0	2.74230371	21.7914443	21.781883	21.5844217	21.9678817	0.0571254338	1.15561731	0	100	0	0	3
467	58579	0	2.74818848	21.7343718	21.7802402	21.5844217	21.9678817	0.0571254338	1.15561731	0	100	0	0	3
468	58581	0	2.75407326	21.7600729	21.7798376	21.5844217	21.9678817	0.0571254338	1.15561731	0	100	0	0	3
469	58584	0	2.75995803	21.7584159	21.7792198	21.5844217	21.9678817	0.0571254338	1.15561731	0	100	0	0	3
470	58587	0	2.7658428	21.8380531	21.7797382	21.5844217	21.9678817	0.0571254338	1.15561731	0	100	0	0	3
471	58589	0	2.77172757	21.7741769	21.779355	21.5844217	21.9678817	0.0571254338	1.15561731	0	100	0	0	3
472	58592	0	2.77761234	21.7759301	21.7792802	21.5844217	21.9678817	0.0571254338	1.15561731	0	100	0	0	3
473	58594	0	2.78349711	21.748699	21.7788792	21.5844217	21.9678817	0.0571254338	1.15561731	0	100	0	0	3
474	58596	0	2.78938189	21.7342819	21.7783998	21.5844217	21.9678817	0.0571254338	1.15561731	0	100	0	0	3
475	58599	0	2.79526666	21.7307425	21.7776682	21.5844217	21.9678817	0.0571254338	1.15561731	0	100	0	0	3
476	58601	0	2.80115143	21.7686625	21.7789033	21.5844217	21.9678817	0.0571254338	1.15561731	0	100	0	0	3
477	58603	0	2.8070362	21.831279	21.780583	21.5844217	21.9678817	0.0571254338	1.15561731	0	100	0	0	3
478	58606	0	2.81292097	21.8559155	21.7829269	21.5844217	21.9678817	0.0571254338	1.15561731	0	100	0	0	3
479	58608	0	2.81880575	21.8871019	21.7861732	21.5844217	21.9678817	0.0571254338	1.15561731	0	100	0	0	3
480	58611	0	2.82469052	21.8676601	21.7895054	21.5867605	21.9678817	0.0571254338	1.15561731	0	100	0	0	3
481	58613	0	2.83057529	21.8372807	21.7924527	21.6107333	21.9678817	0.0571254338	1.15561731	0	100	0	0	3
482	58616	0	2.83646006	21.8387799	21.7951356	21.6487508	21.9678817	0.0571254338	1.15561731	0	100	0	0	3
483	58618	0	2.84234483	21.8440017	21.7971182	21.6487508	21.9678817	0.0571254338	1.15561731	0	100	0	0	3
484	58620	0	2.84822961	21.8834938	21.7998799	21.6511385	21.9678817	0.0571254338	1.15561731	0	100	0	0	3
485	58623	0	2.85411438	21.8636824	21.8023804	21.6700131	21.9678817	0.0571254338	1.15561731	0	100	0	0	3
486	58625	0	2.85999915	21.9020102	21.8051098	21.6721558	21.9678817	0.0571254338	1.15561731	0	100	0	0	3
487	58628	0	2.86588392	21.8966486	21.8071158	21.6721558	21.9678817	0.0585193714	1.15561731	0	100	0	0	3
488	58631	0	2.87176869	21.9241781	21.8096562	21.6721558	21.9678817	0.0610597961	1.15561731	0	100	0	0	3
489	58633	0	2.87765347	21.9586945	21.8124267	21.6721558	21.9678817	0.063830334	1.15561731	0	100	0	0	3
490	58636	0	2.88353824	22.012939	21.8157567	21.6721558	22.012939	0.067160281	1.15561731	0	100	0	0	3
491	58638	0	2.88942301	21.9868665	21.8191962	21.6721558	22.012939	0.0705997523	1.15561731	0	100	0	0	3
492	58641	0	2.89530778	21.916888	21.8220754	21.6805623	22.012939	0.0729303188	1.15561731	0	100	0	0	3
493	58643	0	2.90119255	21.8454288	21.8235082	21.6805623	22.012939	0.0741843861	1.15561731	0	100	0	0	3
494	58646	0	2.90707732	21.7742629	21.8242876	21.6805623	22.012939	0.074595819	1.15561731	0	100	0	0	3
495	58649	0	2.9129621	21.7780015	21.8248041	21.6805623	22.012939	0.075112336	1.15561731	0	100	0	0	3
496	58651	0	2.91884687	21.7590117	21.825727	21.695882	22.012939	0.07603527	1.15561731	0	100	0	0	3
497	58654	0	2.92473164	21.7883744	21.8263552	21.695882	22.012939	0.0766634845	1.15561731	0	100	0	0	3
498	58656	0	2.93061641	21.7269909	21.8261382	21.695882	22.012939	0.0766634845	1.15561731	0	100	0	0	3
499	58659	0	2.93650118	21.7283254	21.8256165	21.695882	22.012939	0.0766634845	1.15561731	0	100	0	0	3
500	58661	0	2.94238596	21.6793266	21.8245907	21.6793266	22.012939	0.0766634845	1.15561731	0	100	0	0	3
501	58668	0	2.94827073	21.684188	21.8234197	21.6793266	22.012939	0.0766634845	1.15561731	0	100	0	0	3
502	58671	0	2.9541555	21.6232181	21.8214261	21.6232181	22.012939	0.0766634845	1.15561731	0	100	0	0	3
503	58673	0	2.96004027	21.6185188	21.8190453	21.6185188	22.012939	0.0766634845	1.15561731	0	100	0	0	3
504	58676	0	2.96592504	21.6778986	21.8174965	21.6185188	22.012939	0.0766634845	1.15561731	0	100	0	0	3
505	58678	0	2.97180982	21.7226133	21.8164964	21.6185188	22.012939	0.0766634845	1.15561731	0	100	0	0	3
506	58680	0	2.97769459	21.7136779	21.8152976	21.6185188	22.012939	0.076043271	1.15561731	0	100	0	0	3
507	58683	0	2.98357936	21.748889	21.8140347	21.6185188	22.012939	0.0751396017	1.15561731	0	100	0	0	3
508	58685	0	2.98946413	21.7868237	21.8128029	21.6185188	22.012939	0.0736712089	1.15561731	0	100	0	0	3
509	58688	0	2.9953489	21.8166202	21.8117572	21.6185188	22.012939	0.0727418076	1.15561731	0	100	0	0	3
510	58690	0	3.00123368	21.8535666	21.8110418	21.6185188	22.012939	0.07102026	1.15561731	0	100	0	0	3
511	58693	0	3.00711845	21.9037859	21.8108667	21.6185188	22.012939	0.0697047199	1.15561731	0	100	0	0	3
512	58695	0	3.01300322	21.9286142	21.8110963	21.6185188	22.012939	0.0674690114	1.15561731	0	100	0	0	3
513	58698	0	3.01888799	21.942376	21.8110568	21.6185188	22.012939	0.0648735415	1.15561731	0	100	0	0	3
514	58700	0	3.02477276	21.9411986	21.8110422	21.6185188	22.012939	0.0618440992	1.15561731	0	100	0	0	3
515	58703	0	3.03065753	21.9567148	21.8109108	21.6185188	22.012939	0.0594686835	1.15561731	0	100	0	0	3
516	58705	0	3.03654231	21.9423508	21.8107765	21.6185188	22.012939	0.0567806635	1.15561731	0	100	0	0	3
517	58708	0	3.04242708	21.9596392	21.8107947	21.6185188	22.012939	0.0540107046	1.15561731	0	100	0	0	3
518	58711	0	3.04831185	21.8942518	21.8105012	21.6185188	22.012939	0.0512004375	1.15561731	0	100	0	0	3
519	58713	0	3.05419662	21.8320939	21.8094404	21.6185188	22.012939	0.049494403	1.15561731	0	100	0	0	3
520	58716	0	3.06008139	21.8665083	21.8095775	21.6185188	22.012939	0.0486870012	1.15561731	0	100	0	0	3
521	58718	0	3.06596617	21.7297239	21.808574	21.6185188	22.012939	0.0486870012	1.15561731	0	100	0	0	3
522	58721	0	3.07185094	21.7269014	21.8077191	21.6185188	22.012939	0.0486870012	1.15561731	0	100	0	0	3
523	58723	0	3.07773571	21.6934012	21.8063532	21.6185188	22.012939	0.0486870012	1.15561731	0	100	0	0	3
524	58726	0	3.08362048	21.7181227	21.8048854	21.6185188	22.012939	0.0486870012	1.15561731	0	100	0	0	3
525	58729	0	3.08950525	21.6980024	21.8032749	21.6185188	22.012939	0.0486870012	1.15561731	0	100	0	0	3
526	58731	0	3.09539003	21.7271696	21.8014373	21.6185188	22.012939	0.0486870012	1.15561731	0	100	0	0	3
527	58734	0	3.1012748	21.6898699	21.7997105	21.6185188	22.012939	0.0486870012	1.15561731	0	100	0	0	3
528	58736	0	3.10715957	21.7065039	21.7977852	21.6185188	22.012939	0.0486870012	1.15561731	0	100	0	0	3
529	58739	0	3.11304434	21.7323135	21.7962504	21.6185188	22.012939	0.0486870012	1.15561731	0	100	0	0	3
530	58742	0	3.11892911	21.7815212	21.7959327	21.6185188	22.012939	0.0486870012	1.15561731	0	100	0	0	3
531	58744	0	3.12481389	21.8179696	21.7958177	21.6185188	22.012939	0.0486870012	1.15561731	0	100	0	0	3
532	58747	0	3.13069866	21.8062814	21.7960853	21.6185188	22.012939	0.0486870012	1.15561731	0	100	0	0	3
533	58750	0	3.13658343	21.7935934	21.7963512	21.6185188	22.012939	0.0486870012	1.15561731	0	100	0	0	3
534	58752	0	3.1424682	21.7979752	21.7964456	21.6185188	22.012939	0.0486870012	1.15561731	0	100	0	0	3
535	58755	0	3.14835297	21.7968074	21.7965024	21.6185188	22.012939	0.0486870012	1.15561731	0	100	0	0	3
536	58757	0	3.15423775	21.8353964	21.7973276	21.6185188	22.012939	0.0486870012	1.15561731	0	100	0	0	3
537	58760	0	3.16012252	21.7994839	21.7970609	21.6185188	22.012939	0.0486870012	1.15561731	0	100	0	0	3
538	58762	0	3.16600729	21.809559	21.7979546	21.6185188	22.012939	0.0486870012	1.15561731	0	100	0	0	3
539	58765	0	3.17189206	21.8074645	21.7983307	21.6185188	22.012939	0.0486870012	1.15561731	0	100	0	0	3
540	58768	0	3.17777683	21.8117715	21.7991263	21.6185188	22.012939	0.0486870012	1.15561731	0	100	0	0	3
541	58770	0	3.1836616	21.8319795	21.7998716	21.6185188	22.012939	0.0486870012	1.15561731	0	100	0	0	3
542	58772	0	3.18954638	21.8522135	21.8013045	21.6185188	22.012939	0.0486870012	1.15561731	0	100	0	0	3
543	58775	0	3.19543115	21.8356898	21.802352	21.6185188	22.012939	0.0486870012	1.15561731	0	100	0	0	3
544	58777	0	3.20131592	21.8447466	21.8041033	21.6185188	22.012939	0.0486870012	1.15561731	0	100	0	0	3
545	58780	0	3.20720069	21.8537269	21.8053395	21.6185188	22.012939	0.0486870012	1.15561731	0	100	0	0	3
546	58782	0	3.21308546	21.8290933	21.8066223	21.6185188	22.012939	0.0486870012	1.15561731	0	100	0	0	3
547	58785	0	3.21897024	21.802439	21.8072119	21.6185188	22.012939	0.0486870012	1.15561731	0	100	0	0	3
548	58788	0	3.22485501	21.7798003	21.8076355	21.6185188	22.012939	0.0486870012	1.15561731	0	100	0	0	3
549	58790	0	3.23073978	21.809896	21.8082325	21.6185188	22.012939	0.0486870012	1.15561731	0	100	0	0	3
550	58792	0	3.23662455	21.8064913	21.8087229	21.6185188	22.012939	0.0486870012	1.15561731	0	100	0	0	3
551	58795	0	3.24250932	21.8298876	21.8091752	21.6185188	22.012939	0.0486870012	1.15561731	0	100	0	0	3
552	58797	0	3.2483941	21.8545233	21.8105887	21.6185188	22.012939	0.0486870012	1.15561731	0	100	0	0	3
553	58800	0	3.25427887	21.8547753	21.8117029	21.6185188	22.012939	0.0486870012	1.15561731	0	100	0	0	3
554	58802	0	3.26016364	21.8782866	21.8131131	21.6185188	22.012939	0.0486870012	1.15561731	0	100	0	0	3
555	58805	0	3.26604841	21.9294141	21.814188	21.6185188	22.012939	0.0486870012	1.15561731	0	100	0	0	3
556	58807	0	3.27193318	21.8490882	21.8150693	21.6185188	22.012939	0.0486870012	1.15561731	0	100	0	0	3
557	58810	0	3.27781796	21.7831155	21.8151538	21.6185188	22.012939	0.0486870012	1.15561731	0	100	0	0	3
558	58812	0	3.28370273	21.7885411	21.8156225	21.6185188	22.012939	0.0486870012	1.15561731	0	100	0	0	3
559	58815	0	3.2895875	21.7949357	21.8163361	21.6185188	22.012939	0.0486870012	1.15561731	0	100	0	0	3
560	58817	0	3.29547227	21.8140803	21.8173166	21.6185188	22.012939	0.0474519659	1.15561731	0	100	0	0	3
561	58820	0	3.30135704	21.7807943	21.8174593	21.6185188	22.012939	0.0457722532	1.15561731	0	100	0	0	3
562	58822	0	3.30724181	21.780369	21.8168604	21.6185188	22.012939	0.0434283642	1.15561731	0	100	0	0	3
563	58825	0	3.31312659	21.7712845	21.8158647	21.6185188	22.012939	0.0401820663	1.15561731	0	100	0	0	3
564	58828	0	3.31901136	21.7715274	21.814505	21.6185188	22.012939	0.0368498504	1.15561731	0	100	0	0	3
565	58830	0	3.32489613	21.7850684	21.8135333	21.6185188	22.012939	0.0339025543	1.15561731	0	100	0	0	3
566	58833	0	3.3307809	21.7895295	21.8129715	21.6185188	22.012939	0.0312196531	1.15561731	0	100	0	0	3
567	58835	0	3.33666567	21.7565454	21.8120041	21.6185188	22.012939	0.0305375361	1.15561731	0	100	0	0	3
568	58838	0	3.34255045	21.79454	21.8114222	21.6185188	22.012939	0.0305375361	1.15561731	0	100	0	0	3
569	58840	0	3.34843522	21.7841844	21.8102538	21.6185188	22.012939	0.0305375361	1.15561731	0	100	0	0	3
570	58843	0	3.35431999	21.7751071	21.8092118	21.6185188	22.012939	0.0305375361	1.15561731	0	100	0	0	3
571	58846	0	3.36020476	21.7502576	21.8074264	21.6185188	22.012939	0.0305375361	1.15561731	0	100	0	0	3
572	58848	0	3.36608953	21.8055352	21.8063545	21.6185188	22.012939	0.0305375361	1.15561731	0	100	0	0	3
573	58851	0	3.37197431	21.798471	21.8048756	21.6185188	22.012939	0.0305375361	1.15561731	0	100	0	0	3
574	58853	0	3.37785908	21.8122514	21.8031528	21.6185188	22.012939	0.0305375361	1.15561731	0	100	0	0	3
575	58856	0	3.38374385	21.8097724	21.8007626	21.6185188	21.9868665	0.0305375361	1.15561731	0	100	0	0	3
576	58858	0	3.38962862	21.8396501	21.7990306	21.6185188	21.9596392	0.0305375361	1.15561731	0	100	0	0	3
577	58861	0	3.39551339	21.82045	21.797896	21.6185188	21.9596392	0.0305375361	1.15561731	0	100	0	0	3
578	58864	0	3.40139817	21.8063021	21.7974357	21.6185188	21.9596392	0.0305375361	1.15561731	0	100	0	0	3
579	58866	0	3.40728294	21.7721595	21.797411	21.6185188	21.9596392	0.0305375361	1.15561731	0	100	0	0	3
580	58869	0	3.41316771	21.7687874	21.7973026	21.6185188	21.9596392	0.0305375361	1.15561731	0	100	0	0	3
581	58871	0	3.41905248	21.7814931	21.7975671	21.6185188	21.9596392	0.0305375361	1.15561731	0	100	0	0	3
582	58874	0	3.42493725	21.7388276	21.7969842	21.6185188	21.9596392	0.0303205055	1.15561731	0	100	0	0	3
583	58877	0	3.43082202	21.731447	21.7970366	21.6185188	21.9596392	0.0297988073	1.15561731	0	100	0	0	3
584	58879	0	3.4367068	21.690456	21.7965911	21.6185188	21.9596392	0.0287730074	1.15561731	0	100	0	0	3
585	58881	0	3.44259157	21.6369283	21.7960923	21.6185188	21.9596392	0.0276020061	1.15561731	0	100	0	0	3
586	58884	0	3.44847634	21.6106836	21.7952275	21.6106836	21.9596392	0.0261986063	1.15561731	0	100	0	0	3
587	58886	0	3.45436111	21.6287446	21.7952925	21.6106836	21.9596392	0.0238177701	1.15561731	0	100	0	0	3
588	58889	0	3.46024588	21.6140656	21.7952401	21.6106836	21.9596392	0.0222690221	1.15561731	0	100	0	0	3
589	58891	0	3.46613066	21.5893284	21.7941981	21.5893284	21.9596392	0.0232611639	1.15561731	0	100	0	0	3
590	58893	0	3.47201543	21.553491	21.7922085	21.553491	21.9596392	0.0252508385	1.15561731	0	100	0	0	3
591	58896	0	3.4779002	21.6032674	21.7909095	21.553491	21.9596392	0.026549786	1.15561731	0	100	0	0	3
592	58898	0	3.48378497	21.635908	21.7895803	21.553491	21.9596392	0.0278789749	1.15561731	0	100	0	0	3
593	58901	0	3.48966974	21.6164568	21.787576	21.553491	21.9596392	0.0298832913	1.15561731	0	100	0	0	3
594	58904	0	3.49555452	21.6648459	21.7857904	21.553491	21.9596392	0.0316688706	1.15561731	0	100	0	0	3
595	58906	0	3.50143929	21.6792713	21.7837399	21.553491	21.9596392	0.0337194038	1.15561731	0	100	0	0	3
596	58909	0	3.50732406	21.7848918	21.7823411	21.553491	21.9596392	0.0351181583	1.15561731	0	100	0	0	3
597	58911	0	3.51320883	21.8101034	21.7809469	21.553491	21.9596392	0.0365124029	1.15561731	0	100	0	0	3
598	58914	0	3.5190936	21.7902522	21.7791572	21.553491	21.9596392	0.0383020938	1.15561731	0	100	0	0	3
599	58916	0	3.52497838	21.7279015	21.7766478	21.553491	21.9596392	0.0408114713	1.15561731	0	100	0	0	3
600	58919	0	3.53086315	21.7805285	21.774575	21.553491	21.9596392	0.0428842506	1.15561731	0	100	0	0	3
601	58926	0	3.53674792	21.789165	21.7727729	21.553491	21.9596392	0.044686437	1.15561731	0	100	0	0	3
602	58928	0	3.54263269	21.8354831	21.7713122	21.553491	21.9294141	0.0461470975	1.15561731	0	100	0	0	3
603	58931	0	3.54851746	21.8835275	21.771186	21.553491	21.9294141	0.0462732646	1.15561731	0	100	0	0	3
604	58933	0	3.55440224	21.8122607	21.7709527	21.553491	21.9294141	0.0465065965	1.15561731	0	100	0	0	3
605	58936	0	3.56028701	21.8660892	21.7709478	21.553491	21.9294141	0.0465115265	1.15561731	0	100	0	0	3
606	58938	0	3.56617178	21.8879922	21.7728097	21.553491	21.9294141	0.0465115265	1.15561731	0	100	0	0	3
607	58941	0	3.57205655	21.8817148	21.7746311	21.553491	21.9294141	0.0465115265	1.15561731	0	100	0	0	3
608	58943	0	3.57794132	21.9157382	21.7772468	21.553491	21.9294141	0.0465115265	1.15561731	0	100	0	0	3
609	58946	0	3.58382609	21.8799226	21.7791503	21.553491	21.9294141	0.0465115265	1.15561731	0	100	0	0	3
610	58949	0	3.58971087	21.8573168	21.7810246	21.553491	21.9294141	0.0465115265	1.15561731	0	100	0	0	3
611	58951	0	3.59559564	21.8584351	21.7825689	21.553491	21.9294141	0.0465115265	1.15561731	0	100	0	0	3
612	58954	0	3.60148041	21.8799965	21.7848057	21.553491	21.9294141	0.0465115265	1.15561731	0	100	0	0	3
613	58956	0	3.60736518	21.8701132	21.7867305	21.553491	21.9294141	0.0465115265	1.15561731	0	100	0	0	3
614	58959	0	3.61324995	21.885325	21.7885307	21.553491	21.9294141	0.0465115265	1.15561731	0	100	0	0	3
615	58961	0	3.61913473	21.8670514	21.7895369	21.553491	21.9294141	0.0465115265	1.15561731	0	100	0	0	3
616	58964	0	3.6250195	21.8888822	21.7903712	21.553491	21.9294141	0.0465115265	1.15561731	0	100	0	0	3
617	58966	0	3.63090427	21.9155643	21.7916568	21.553491	21.9294141	0.0465115265	1.15561731	0	100	0	0	3
618	58969	0	3.63678904	21.9088333	21.7930126	21.553491	21.9294141	0.0465115265	1.15561731	0	100	0	0	3
619	58971	0	3.64267381	21.9257461	21.7945158	21.553491	21.9294141	0.0465115265	1.15561731	0	100	0	0	3
620	58974	0	3.64855859	21.8698824	21.7953755	21.553491	21.9294141	0.0465115265	1.15561731	0	100	0	0	3
621	58976	0	3.65444336	21.8806689	21.7959081	21.553491	21.9294141	0.0465115265	1.15561731	0	100	0	0	3
622	58979	0	3.66032813	21.870422	21.7967427	21.553491	21.9294141	0.0465115265	1.15561731	0	100	0	0	3
623	58981	0	3.6662129	21.8893213	21.7976811	21.553491	21.9294141	0.0465115265	1.15561731	0	100	0	0	3
624	58984	0	3.67209767	21.887796	21.7986261	21.553491	21.9294141	0.0465115265	1.15561731	0	100	0	0	3
625	58986	0	3.67798245	21.9161234	21.7998538	21.553491	21.9294141	0.0465115265	1.15561731	0	100	0	0	3
626	58988	0	3.68386722	21.9416428	21.801144	21.553491	21.9416428	0.0465115265	1.15561731	0	100	0	0	3
627	58991	0	3.68975199	21.9577325	21.8023854	21.553491	21.9577325	0.0465115265	1.15561731	0	100	0	0	3
628	58993	0	3.69563676	21.9856092	21.8041491	21.553491	21.9856092	0.0465115265	1.15561731	0	100	0	0	3
629	58995	0	3.70152153	21.9877929	21.805832	21.553491	21.9877929	0.0465115265	1.15561731	0	100	0	0	3
630	58998	0	3.7074063	21.9532325	21.8070027	21.553491	21.9877929	0.0465115265	1.15561731	0	100	0	0	3
631	59000	0	3.71329108	21.9518364	21.8084467	21.553491	21.9877929	0.0465115265	1.15561731	0	100	0	0	3
632	59003	0	3.71917585	21.9011113	21.8096076	21.553491	21.9877929	0.0465115265	1.15561731	0	100	0	0	3
633	59005	0	3.72506062	21.8767027	21.8107476	21.553491	21.9877929	0.0465115265	1.15561731	0	100	0	0	3
634	59008	0	3.73094539	21.8251056	21.8109265	21.553491	21.9877929	0.0465115265	1.15561731	0	100	0	0	3
635	59011	0	3.73683016	21.7828392	21.8106483	21.553491	21.9877929	0.0465115265	1.15561731	0	100	0	0	3
636	59013	0	3.74271494	21.7356019	21.809539	21.553491	21.9877929	0.0465115265	1.15561731	0	100	0	0	3
637	59016	0	3.74859971	21.6638388	21.8072957	21.553491	21.9877929	0.0465115265	1.15561731	0	100	0	0	3
638	59018	0	3.75448448	21.6833914	21.8052794	21.553491	21.9877929	0.0465115265	1.15561731	0	100	0	0	3
639	59021	0	3.76036925	21.6669292	21.8027928	21.553491	21.9877929	0.0465115265	1.15561731	0	100	0	0	3
640	59023	0	3.76625402	21.659201	21.7996139	21.553491	21.9877929	0.0465115265	1.15561731	0	100	0	0	3
641	59026	0	3.7721388	21.6173278	21.7968873	21.553491	21.9877929	0.0465115265	1.15561731	0	100	0	0	3
642	59028	0	3.77802357	21.6386157	21.7951873	21.553491	21.9877929	0.0465115265	1.15561731	0	100	0	0	3
643	59031	0	3.78390834	21.6461428	21.793512	21.553491	21.9877929	0.0465115265	1.15561731	0	100	0	0	3
644	59034	0	3.78979311	21.6853644	21.7922229	21.553491	21.9877929	0.0465115265	1.15561731	0	100	0	0	3
645	59036	0	3.79567788	21.7055926	21.7909466	21.553491	21.9877929	0.0465115265	1.15561731	0	100	0	0	3
646	59039	0	3.80156266	21.7099268	21.7901129	21.553491	21.9877929	0.0459125856	1.15561731	0	100	0	0	3
647	59041	0	3.80744743	21.7528785	21.7897894	21.553491	21.9877929	0.0449169263	1.15561731	0	100	0	0	3
648	59044	0	3.8133322	21.7954479	21.7900737	21.553491	21.9877929	0.0435572258	1.15561731	0	100	0	0	3
649	59046	0	3.81921697	21.8075737	21.7904978	21.553491	21.9877929	0.0425855592	1.15561731	0	100	0	0	3
650	59049	0	3.82510174	21.8025817	21.7907038	21.553491	21.9877929	0.042023781	1.15561731	0	100	0	0	3
651	59052	0	3.83098651	21.8286682	21.7911643	21.553491	21.9877929	0.0410563161	1.15561731	0	100	0	0	3
652	59054	0	3.83687129	21.8357703	21.7920963	21.553491	21.9877929	0.0404744136	1.15561731	0	100	0	0	3
653	59057	0	3.84275606	21.8419273	21.7926538	21.553491	21.9877929	0.0399787619	1.15561731	0	100	0	0	3
654	59059	0	3.84864083	21.8639611	21.7935924	21.553491	21.9877929	0.0399787619	1.15561731	0	100	0	0	3
655	59062	0	3.8545256	21.8969051	21.7950253	21.553491	21.9877929	0.0399787619	1.15561731	0	100	0	0	3
656	59064	0	3.86041037	21.9543772	21.7974267	21.553491	21.9877929	0.0399787619	1.15561731	0	100	0	0	3
657	59067	0	3.86629515	21.9680168	21.7993383	21.553491	21.9877929	0.0399787619	1.15561731	0	100	0	0	3
658	59069	0	3.87217992	21.9810029	21.8014857	21.553491	21.9877929	0.0399787619	1.15561731	0	100	0	0	3
659	59072	0	3.87806469	21.9460093	21.8030593	21.553491	21.9877929	0.0399787619	1.15561731	0	100	0	0	3
660	59075	0	3.88394946	21.9886907	21.8051642	21.553491	21.9886907	0.0399787619	1.15561731	0	100	0	0	3
661	59077	0	3.88983423	21.960499	21.806586	21.553491	21.9886907	0.0399787619	1.15561731	0	100	0	0	3
662	59080	0	3.89571901	21.9221792	21.8077828	21.553491	21.9886907	0.0399787619	1.15561731	0	100	0	0	3
663	59082	0	3.90160378	21.910656	21.8090105	21.553491	21.9886907	0.0399787619	1.15561731	0	100	0	0	3
664	59085	0	3.90748855	21.9267285	21.810829	21.553491	21.9886907	0.0399787619	1.15561731	0	100	0	0	3
665	59088	0	3.91337332	21.8785741	21.8121206	21.553491	21.9886907	0.0411728006	1.15561731	0	100	0	0	3
666	59090	0	3.91925809	21.911237	21.813647	21.553491	21.9886907	0.0426991987	1.15561731	0	100	0	0	3
667	59093	0	3.92514287	21.8888971	21.8154125	21.553491	21.9886907	0.0444647233	1.15561731	0	100	0	0	3
668	59095	0	3.93102764	21.9302609	21.8177515	21.553491	21.9886907	0.0468037101	1.15561731	0	100	0	0	3
669	59098	0	3.93691241	21.9589929	21.8209107	21.553491	21.9886907	0.0499629677	1.15561731	0	100	0	0	3
670	59100	0	3.94279718	21.9619994	21.8247351	21.553491	21.9886907	0.0537873332	1.15561731	0	100	0	0	3
671	59103	0	3.94868195	21.963311	21.8288837	21.553491	21.9886907	0.0579358904	1.15561731	0	100	0	0	3
672	59105	0	3.95456673	21.8271699	21.8312181	21.553491	21.9886907	0.0602703054	1.15561731	0	100	0	0	3
673	59108	0	3.9604515	21.807236	21.8334907	21.553491	21.9886907	0.0625428987	1.15561731	0	100	0	0	3
674	59111	0	3.96633627	21.8427668	21.8364723	21.553491	21.9886907	0.0655245274	1.15561731	0	100	0	0	3
675	59113	0	3.97222104	21.8116543	21.8395095	21.6032674	21.9886907	0.0685617433	1.15561731	0	100	0	0	3
676	59116	0	3.97810581	21.8261755	21.842132	21.6164568	21.9886907	0.0711841913	1.15561731	0	100	0	0	3
677	59118	0	3.98399058	21.8116607	21.8441996	21.6164568	21.9886907	0.0732518711	1.15561731	0	100	0	0	3
678	59121	0	3.98987536	21.7519973	21.8457942	21.6173278	21.9886907	0.0748464651	1.15561731	0	100	0	0	3
679	59124	0	3.99576013	21.7042666	21.846258	21.6173278	21.9886907	0.0753102376	1.15561731	0	100	0	0	3
680	59127	0	4.0016449	21.7098508	21.8466178	21.6173278	21.9886907	0.0756699974	1.15561731	0	100	0	0	3
