Iteration	CPUTime	PhysTime	Travels	Value	AvValue	MinValue	MaxValue	Delta	Criteria	Progress	CriteriaType	CriteriaVarType	CriteriaPercentage
1	14	0	0.00588477191	4062.30211	4062.30211	4062.30211	4062.30211	0	0	0	0	0	0	3
2	18	0	0.0117695438	200.142544	2131.22233	200.142544	4062.30211	1931.07978	0	0	0	0	0	3
3	20	0	0.0176543157	66.4057134	1442.95012	66.4057134	4062.30211	2619.35199	0	0	0	0	0	3
4	23	0	0.0235390876	27.7307381	1089.14528	27.7307381	4062.30211	2973.15683	0	0	0	0	0	3
5	26	0	0.0294238596	42.329349	879.78209	27.7307381	4062.30211	3182.52002	0	0	0	0	0	3
6	28	0	0.0353086315	30.5133172	738.237295	27.7307381	4062.30211	3324.06481	0	0	0	0	0	3
7	30	0	0.0411934034	37.938833	638.194657	27.7307381	4062.30211	3424.10745	0	0	0	0	0	3
8	33	0	0.0470781753	31.5607967	562.365425	27.7307381	4062.30211	3499.93668	0	0	0	0	0	3
9	35	0	0.0529629472	34.2867871	503.690021	27.7307381	4062.30211	3558.61209	0	0	0	0	0	3
10	37	0	0.0588477191	29.8794725	456.308966	27.7307381	4062.30211	3605.99314	0	0	0	0	0	3
11	39	0	0.064732491	30.800922	417.626416	27.7307381	4062.30211	3644.67569	0	0	0	0	0	3
12	41	0	0.0706172629	28.3377466	385.185694	27.7307381	4062.30211	3677.11641	0	0	0	0	0	3
13	44	0	0.0765020349	29.4877739	357.824315	27.7307381	4062.30211	3704.47779	0	0	0	0	0	3
14	46	0	0.0823868068	27.686426	334.243038	27.686426	4062.30211	3728.05907	0	0	0	0	0	3
15	48	0	0.0882715787	28.5811771	313.86558	27.686426	4062.30211	3748.43653	0	0	0	0	0	3
16	50	0	0.0941563506	27.0610978	295.9403	27.0610978	4062.30211	3766.36181	0	0	0	0	0	3
17	52	0	0.100041123	27.6606551	280.159144	27.0610978	4062.30211	3782.14296	0	0	0	0	0	3
18	55	0	0.105925894	26.3021415	266.055978	26.3021415	4062.30211	3796.24613	0	0	0	0	0	3
19	57	0	0.111810666	27.2489781	253.487188	26.3021415	4062.30211	3808.81492	0	0	0	0	0	3
20	59	0	0.117695438	25.8195889	242.103808	25.8195889	4062.30211	3820.1983	0	0	0	0	0	3
21	62	0	0.12358021	26.5968814	231.841574	25.8195889	4062.30211	3830.46053	0	0	0	0	0	3
22	64	0	0.129464982	25.160065	222.44696	25.160065	4062.30211	3839.85515	0	0	0	0	0	3
23	66	0	0.135349754	26.1845183	213.91381	25.160065	4062.30211	3848.3883	0	0	0	0	0	3
24	69	0	0.141234526	25.1289026	206.047772	25.1289026	4062.30211	3856.25433	0	0	0	0	0	3
25	71	0	0.147119298	25.6909481	198.833499	25.1289026	4062.30211	3863.46861	0	0	0	0	0	3
26	73	0	0.15300407	24.8700468	192.142597	24.8700468	4062.30211	3870.15951	0	0	0	0	0	3
27	76	0	0.158888842	24.9196665	185.949155	24.8700468	4062.30211	3876.35295	0	0	0	0	0	3
28	78	0	0.164773614	24.7609261	180.192433	24.7609261	4062.30211	3882.10967	0	0	0	0	0	3
29	80	0	0.170658385	24.7992132	174.834046	24.7609261	4062.30211	3887.46806	0	0	0	0	0	3
30	82	0	0.176543157	24.8027432	169.833003	24.7609261	4062.30211	3892.4691	0	0	0	0	0	3
31	85	0	0.182427929	24.1032509	165.132043	24.1032509	4062.30211	3897.17006	0	0	0	0	0	3
32	87	0	0.188312701	24.0338311	160.722724	24.0338311	4062.30211	3901.57938	0	0	0	0	0	3
33	89	0	0.194197473	24.4520015	156.593308	24.0338311	4062.30211	3905.7088	0	0	0	0	0	3
34	92	0	0.200082245	24.6758758	152.713383	24.0338311	4062.30211	3909.58872	0	0	0	0	0	3
35	94	0	0.205967017	24.6433252	149.054239	24.0338311	4062.30211	3913.24787	0	0	0	0	0	3
36	96	0	0.211851789	24.2763745	145.588187	24.0338311	4062.30211	3916.71392	0	0	0	0	0	3
37	99	0	0.217736561	24.2515634	142.308819	24.0338311	4062.30211	3919.99329	0	0	0	0	0	3
38	101	0	0.223621333	24.1648054	139.199766	24.0338311	4062.30211	3923.10234	0	0	0	0	0	3
39	104	0	0.229506105	24.5823876	136.260859	24.0338311	4062.30211	3926.04125	0	0	0	0	0	3
40	106	0	0.235390876	24.4924005	133.466647	24.0338311	4062.30211	3928.83546	0	0	0	0	0	3
41	109	0	0.241275648	24.219331	130.802079	24.0338311	4062.30211	3931.50003	0	0	0	0	0	3
42	111	0	0.24716042	24.2385037	128.264851	24.0338311	4062.30211	3934.03726	0	0	0	0	0	3
43	114	0	0.253045192	24.0746395	125.841822	24.0338311	4062.30211	3936.46028	0	0	0	0	0	3
44	116	0	0.258929964	24.1098715	123.529733	24.0338311	4062.30211	3938.77237	0	0	0	0	0	3
45	119	0	0.264814736	24.0427271	121.31891	24.0338311	4062.30211	3940.9832	0	0	0	0	0	3
46	121	0	0.270699508	23.8573815	119.200181	23.8573815	4062.30211	3943.10192	0	0	0	0	0	3
47	124	0	0.27658428	23.9049851	117.172624	23.8573815	4062.30211	3945.12948	0	0	0	0	0	3
48	127	0	0.282469052	23.9495098	115.230476	23.8573815	4062.30211	3947.07163	0	0	0	0	0	3
49	129	0	0.288353824	23.8922995	113.366431	23.8573815	4062.30211	3948.93567	0	0	0	0	0	3
50	132	0	0.294238596	23.8451986	111.576007	23.8451986	4062.30211	3950.7261	0	0	0	0	0	3
51	134	0	0.300123368	23.6411678	109.851794	23.6411678	4062.30211	3952.45031	0	0	0	0	0	3
52	136	0	0.306008139	23.6310908	108.193704	23.6310908	4062.30211	3954.1084	0	0	0	0	0	3
53	139	0	0.311892911	23.9377761	106.603969	23.6310908	4062.30211	3955.69814	0	0	0	0	0	3
54	141	0	0.317777683	24.1001786	105.076121	23.6310908	4062.30211	3957.22599	0	0	0	0	0	3
55	144	0	0.323662455	23.8510486	103.599302	23.6310908	4062.30211	3958.7028	0	0	0	0	0	3
56	146	0	0.329547227	23.7955629	102.174235	23.6310908	4062.30211	3960.12787	0	0	0	0	0	3
57	148	0	0.335431999	23.8297817	100.799771	23.6310908	4062.30211	3961.50234	0	0	0	0	0	3
58	151	0	0.341316771	23.9270361	99.474379	23.6310908	4062.30211	3962.82773	0	0	0	0	0	3
59	153	0	0.347201543	23.8600904	98.1927809	23.6310908	4062.30211	3964.10933	0	0	0	0	0	3
60	156	0	0.353086315	23.8320788	96.9534358	23.6310908	4062.30211	3965.34867	0	0	0	0	0	3
61	159	0	0.358971087	23.7188671	95.7528691	23.6310908	4062.30211	3966.54924	0	0	0	0	0	3
62	161	0	0.364855859	23.8027275	94.592383	23.6310908	4062.30211	3967.70972	0	0	0	0	0	3
63	164	0	0.37074063	23.7642791	93.4681274	23.6310908	4062.30211	3968.83398	0	0	0	0	0	3
64	166	0	0.376625402	23.7785125	92.3792271	23.6310908	4062.30211	3969.92288	0	0	0	0	0	3
65	169	0	0.382510174	23.6362922	91.3216435	23.6310908	4062.30211	3970.98046	0	0	0	0	0	3
66	172	0	0.388394946	23.7235539	90.29743	23.6310908	4062.30211	3972.00468	0	0	0	0	0	3
67	174	0	0.394279718	23.7460034	89.3041252	23.6310908	4062.30211	3972.99798	0	0	0	0	0	3
68	177	0	0.40016449	23.7044575	88.3394242	23.6310908	4062.30211	3973.96268	0	0	0	0	0	3
69	179	0	0.406049262	23.6953582	87.4025537	23.6310908	4062.30211	3974.89955	0	0	0	0	0	3
70	181	0	0.411934034	23.8160162	86.4941745	23.6310908	4062.30211	3975.80793	0	0	0	0	0	3
71	184	0	0.417818806	23.7982949	85.611134	23.6310908	4062.30211	3976.69097	0	0	0	0	0	3
72	187	0	0.423703578	24.0160471	84.7556467	23.6310908	4062.30211	3977.54646	0	0	0	0	0	3
73	189	0	0.42958835	24.1063024	83.9248337	23.6310908	4062.30211	3978.37727	0	0	0	0	0	3
74	192	0	0.435473122	23.9434566	83.1142746	23.6310908	4062.30211	3979.18783	0	0	0	0	0	3
75	194	0	0.441357893	23.7987114	82.3234004	23.6310908	4062.30211	3979.97871	0	0	0	0	0	3
76	197	0	0.447242665	23.8710373	81.5542904	23.6310908	4062.30211	3980.74782	0	0	0	0	0	3
77	199	0	0.453127437	23.9001395	80.8055352	23.6310908	4062.30211	3981.49657	0	0	0	0	0	3
78	202	0	0.459012209	24.1266283	80.0788825	23.6310908	4062.30211	3982.22322	0	0	0	0	0	3
79	204	0	0.464896981	23.8218929	79.3667687	23.6310908	4062.30211	3982.93534	0	0	0	0	0	3
80	207	0	0.470781753	23.7960914	78.6721353	23.6310908	4062.30211	3983.62997	0	0	0	0	0	3
81	209	0	0.476666525	23.8445115	77.995251	23.6310908	4062.30211	3984.30686	0	0	0	0	0	3
82	211	0	0.482551297	23.9680602	77.3363828	23.6310908	4062.30211	3984.96572	0	0	0	0	0	3
83	214	0	0.488436069	23.9619641	76.6933175	23.6310908	4062.30211	3985.60879	0	0	0	0	0	3
84	216	0	0.494320841	23.9658356	76.0656094	23.6310908	4062.30211	3986.2365	0	0	0	0	0	3
85	219	0	0.500205613	23.8872512	75.4517464	23.6310908	4062.30211	3986.85036	0	0	0	0	0	3
86	221	0	0.506090384	23.9198469	27.9413669	23.6310908	200.142544	176.511454	0	0	0	0	0	3
87	224	0	0.511975156	23.9940869	25.8690321	23.6310908	66.4057134	42.7746226	0	0	0	0	0	3
88	226	0	0.517859928	23.8803773	25.368734	23.6310908	42.329349	18.6982583	0	0	0	0	0	3
89	229	0	0.5237447	23.8729193	25.3233479	23.6310908	42.329349	18.6982583	0	0	0	0	0	3
90	231	0	0.529629472	24.0062436	25.1077819	23.6310908	37.938833	14.3077422	0	0	0	0	0	3
91	234	0	0.535514244	24.0682157	25.0319572	23.6310908	37.938833	14.3077422	0	0	0	0	0	3
92	236	0	0.541399016	24.0132845	24.8681272	23.6310908	34.2867871	10.6556963	0	0	0	0	0	3
93	239	0	0.547283788	24.0255123	24.7794768	23.6310908	34.2867871	10.6556963	0	0	0	0	0	3
94	241	0	0.55316856	24.2179259	24.6610196	23.6310908	30.800922	7.16983129	0	0	0	0	0	3
95	244	0	0.559053332	24.2012485	24.594217	23.6310908	30.800922	7.16983129	0	0	0	0	0	3
96	246	0	0.564938104	24.3150994	24.5179132	23.6310908	29.4877739	5.85668313	0	0	0	0	0	3
97	249	0	0.570822876	24.0882091	24.4679187	23.6310908	29.4877739	5.85668313	0	0	0	0	0	3
98	251	0	0.576707647	24.2463659	24.406255	23.6310908	28.5811771	4.9500864	0	0	0	0	0	3
99	254	0	0.582592419	24.0137176	24.3630467	23.6310908	28.5811771	4.9500864	0	0	0	0	0	3
100	257	0	0.588477191	24.1978201	24.3114778	23.6310908	27.6606551	4.02956431	0	0	0	0	0	3
101	264	0	0.594361963	24.2293279	24.2781629	23.6310908	27.6606551	4.02956431	0	0	0	0	0	3
102	266	0	0.600246735	24.1455282	24.2368084	23.6310908	27.2489781	3.61788733	0	0	0	0	0	3
103	268	0	0.606131507	24.1363111	24.2113281	23.6310908	27.2489781	3.61788733	0	0	0	0	0	3
104	271	0	0.612016279	24.188105	24.1753178	23.6310908	26.5968814	2.96579068	0	0	0	0	0	3
105	273	0	0.617901051	24.2479949	24.1568284	23.6310908	26.5968814	2.96579068	0	0	0	0	0	3
106	275	0	0.623785823	24.3469864	24.1303591	23.6310908	26.1845183	2.55342759	0	0	0	0	0	3
107	278	0	0.629670595	24.2468696	24.1196156	23.6310908	26.1845183	2.55342759	0	0	0	0	0	3
108	280	0	0.635555367	24.1427677	24.095595	23.6310908	25.6909481	2.0598573	0	0	0	0	0	3
109	283	0	0.641440138	24.0074503	24.0824015	23.6310908	25.6909481	2.0598573	0	0	0	0	0	3
110	285	0	0.64732491	23.9346778	24.0617395	23.6310908	24.9196665	1.2885757	0	0	0	0	0	3
111	287	0	0.653209682	23.812673	24.0492998	23.6310908	24.9196665	1.2885757	0	0	0	0	0	3
112	290	0	0.659094454	23.8341485	24.036529	23.6310908	24.8027432	1.17165249	0	0	0	0	0	3
113	292	0	0.664979226	23.8900132	24.0262829	23.6310908	24.8027432	1.17165249	0	0	0	0	0	3
114	295	0	0.670863998	23.9308611	24.016067	23.6310908	24.8027432	1.17165249	0	0	0	0	0	3
115	297	0	0.67674877	23.7483566	24.0036625	23.6310908	24.6758758	1.04478503	0	0	0	0	0	3
116	300	0	0.682633542	23.8714295	24.0009352	23.6310908	24.6758758	1.04478503	0	0	0	0	0	3
117	302	0	0.688518314	23.843762	23.9986991	23.6310908	24.6758758	1.04478503	0	0	0	0	0	3
118	305	0	0.694403086	23.779549	23.9907879	23.6310908	24.6758758	1.04478503	0	0	0	0	0	3
119	307	0	0.700287858	24.0001729	23.9828384	23.6310908	24.6433252	1.01223445	0	0	0	0	0	3
120	310	0	0.706172629	23.9746348	23.9749715	23.6310908	24.5823876	0.951296838	0	0	0	0	0	3
121	312	0	0.712057401	23.8929645	23.9704608	23.6310908	24.5823876	0.951296838	0	0	0	0	0	3
122	315	0	0.717942173	23.8110631	23.9652784	23.6310908	24.5823876	0.951296838	0	0	0	0	0	3
123	317	0	0.723826945	23.8690698	23.9617992	23.6310908	24.5823876	0.951296838	0	0	0	0	0	3
124	320	0	0.729711717	24.0744349	23.9558232	23.6310908	24.4924005	0.861309763	0	0	0	0	0	3
125	322	0	0.735596489	24.0161659	23.9502205	23.6310908	24.3469864	0.715895669	0	0	0	0	0	3
126	325	0	0.741481261	23.8667576	23.9460726	23.6310908	24.3469864	0.715895669	0	0	0	0	0	3
127	327	0	0.747366033	23.9566586	23.9427567	23.6310908	24.3469864	0.715895669	0	0	0	0	0	3
128	329	0	0.753250805	24.1375311	23.9434966	23.6310908	24.3469864	0.715895669	0	0	0	0	0	3
129	332	0	0.759135577	24.0136556	23.9423647	23.6310908	24.3469864	0.715895669	0	0	0	0	0	3
130	334	0	0.765020349	23.9330133	23.9410739	23.6310908	24.3469864	0.715895669	0	0	0	0	0	3
131	337	0	0.770905121	24.0215915	23.9430058	23.6310908	24.3469864	0.715895669	0	0	0	0	0	3
132	339	0	0.776789892	24.2371321	23.9469134	23.6310908	24.3469864	0.715895669	0	0	0	0	0	3
133	341	0	0.782674664	24.1916146	23.9497617	23.6310908	24.3469864	0.715895669	0	0	0	0	0	3
134	343	0	0.788559436	24.1744201	23.9530808	23.6310908	24.3469864	0.715895669	0	0	0	0	0	3
135	346	0	0.794444208	24.121925	23.9563364	23.6310908	24.3469864	0.715895669	0	0	0	0	0	3
136	348	0	0.80032898	23.999012	23.9605463	23.6310908	24.3469864	0.715895669	0	0	0	0	0	3
137	350	0	0.806213752	23.9143628	23.9638789	23.6362922	24.3469864	0.710694226	0	0	0	0	0	3
138	352	0	0.812098524	24.2573572	23.9676387	23.6362922	24.3469864	0.710694226	0	0	0	0	0	3
139	355	0	0.817983296	24.2345898	23.96922	23.6362922	24.3469864	0.710694226	0	0	0	0	0	3
140	357	0	0.823868068	24.2041508	23.9733742	23.6362922	24.3469864	0.710694226	0	0	0	0	0	3
141	359	0	0.82975284	24.2635867	23.9788803	23.6362922	24.3469864	0.710694226	0	0	0	0	0	3
142	361	0	0.835637612	24.1770761	23.9829661	23.6362922	24.3469864	0.710694226	0	0	0	0	0	3
143	364	0	0.841522383	24.3571381	23.9880262	23.6362922	24.3571381	0.720845905	0	0	0	0	0	3
144	366	0	0.847407155	24.3806362	23.9941502	23.6362922	24.3806362	0.744343965	0	0	0	0	0	3
145	369	0	0.853291927	24.4869709	24.0018549	23.6362922	24.4869709	0.850678677	0	0	0	0	0	3
146	371	0	0.859176699	24.3567212	24.009359	23.6362922	24.4869709	0.850678677	0	0	0	0	0	3
147	374	0	0.865061471	24.3515443	24.0158157	23.6362922	24.4869709	0.850678677	0	0	0	0	0	3
148	377	0	0.870946243	24.2149776	24.021118	23.6362922	24.4869709	0.850678677	0	0	0	0	0	3
149	379	0	0.876831015	24.1365627	24.0253304	23.6362922	24.4869709	0.850678677	0	0	0	0	0	3
150	382	0	0.882715787	24.2114986	24.0320975	23.6953582	24.4869709	0.791612674	0	0	0	0	0	3
151	384	0	0.888600559	24.0844025	24.0363428	23.6953582	24.4869709	0.791612674	0	0	0	0	0	3
152	387	0	0.894485331	24.1451445	24.0410386	23.6953582	24.4869709	0.791612674	0	0	0	0	0	3
153	389	0	0.900370103	24.2172693	24.0470716	23.6953582	24.4869709	0.791612674	0	0	0	0	0	3
154	392	0	0.906254875	24.1916438	24.0529103	23.7483566	24.4869709	0.738614227	0	0	0	0	0	3
155	394	0	0.912139646	24.1388426	24.0567083	23.7483566	24.4869709	0.738614227	0	0	0	0	0	3
156	397	0	0.918024418	24.0059383	24.0591511	23.7483566	24.4869709	0.738614227	0	0	0	0	0	3
157	399	0	0.92390919	24.0935527	24.060063	23.7483566	24.4869709	0.738614227	0	0	0	0	0	3
158	402	0	0.929793962	24.1897684	24.0610449	23.7483566	24.4869709	0.738614227	0	0	0	0	0	3
159	405	0	0.935678734	24.1138346	24.0630494	23.7483566	24.4869709	0.738614227	0	0	0	0	0	3
160	407	0	0.941563506	24.0778316	24.0663331	23.7483566	24.4869709	0.738614227	0	0	0	0	0	3
161	410	0	0.947448278	23.9727524	24.0675298	23.7483566	24.4869709	0.738614227	0	0	0	0	0	3
162	412	0	0.95333305	23.9463027	24.0680729	23.7483566	24.4869709	0.738614227	0	0	0	0	0	3
163	414	0	0.959217822	23.9794346	24.0663412	23.7483566	24.4869709	0.738614227	0	0	0	0	0	3
164	417	0	0.965102594	24.1042768	24.0696633	23.7483566	24.4869709	0.738614227	0	0	0	0	0	3
165	419	0	0.970987366	23.9590822	24.0715809	23.7483566	24.4869709	0.738614227	0	0	0	0	0	3
166	421	0	0.976872137	24.0766055	24.0743114	23.7483566	24.4869709	0.738614227	0	0	0	0	0	3
167	424	0	0.982756909	24.0847284	24.075684	23.7483566	24.4869709	0.738614227	0	0	0	0	0	3
168	426	0	0.988641681	23.9270284	24.075273	23.7483566	24.4869709	0.738614227	0	0	0	0	0	3
169	428	0	0.994526453	24.0502945	24.0762666	23.7483566	24.4869709	0.738614227	0	0	0	0	0	3
170	431	0	1.00041123	24.0780056	24.0785108	23.7483566	24.4869709	0.738614227	1.28323868	0	100	0	0	3
171	433	0	1.006296	24.0430243	24.0799599	23.7483566	24.4869709	0.738614227	1.28323868	0	100	0	0	3
172	436	0	1.01218077	24.1269174	24.0815226	23.7483566	24.4869709	0.738614227	1.28323868	0	100	0	0	3
173	438	0	1.01806554	24.2734431	24.0861469	23.7483566	24.4869709	0.738614227	1.28323868	0	100	0	0	3
174	440	0	1.02395031	24.2026582	24.0900262	23.7483566	24.4869709	0.738614227	1.28323868	0	100	0	0	3
175	443	0	1.02983508	23.8806669	24.0885488	23.7483566	24.4869709	0.738614227	1.28323868	0	100	0	0	3
176	445	0	1.03571986	24.0733163	24.0886088	23.7483566	24.4869709	0.738614227	1.28323868	0	100	0	0	3
177	448	0	1.04160463	24.0879961	24.0894878	23.7483566	24.4869709	0.738614227	1.28323868	0	100	0	0	3
178	450	0	1.0474894	24.1032616	24.0904025	23.7483566	24.4869709	0.719945708	1.28323868	0	100	0	0	3
179	453	0	1.05337417	24.1113292	24.0891484	23.7483566	24.4869709	0.653143072	1.28323868	0	100	0	0	3
180	455	0	1.05925894	23.9848204	24.0866022	23.7483566	24.4869709	0.576839276	1.28323868	0	100	0	0	3
181	458	0	1.06514372	24.1027637	24.0841041	23.7483566	24.4869709	0.526844718	1.28323868	0	100	0	0	3
182	460	0	1.07102849	24.0945638	24.0841789	23.7483566	24.4869709	0.465181094	1.28323868	0	100	0	0	3
183	463	0	1.07691326	24.2062537	24.083707	23.7483566	24.4869709	0.42197276	1.28323868	0	100	0	0	3
184	465	0	1.08279803	24.0236385	24.0838237	23.7483566	24.4869709	0.370403853	1.28323868	0	100	0	0	3
185	468	0	1.0886828	24.0286935	24.081834	23.7483566	24.4869709	0.337088913	1.28323868	0	100	0	0	3
186	471	0	1.09456758	24.0534492	24.0797648	23.7483566	24.4869709	0.295734479	1.28323868	0	100	0	0	3
187	473	0	1.10045235	24.0566041	24.0787187	23.7483566	24.4869709	0.27025412	1.28323868	0	100	0	0	3
188	475	0	1.10633712	24.0797435	24.0780531	23.7483566	24.4869709	0.234243848	1.28323868	0	100	0	0	3
189	478	0	1.11222189	24.0625317	24.0765758	23.7483566	24.4869709	0.215754507	1.28323868	0	100	0	0	3
190	480	0	1.11810666	24.1345473	24.0752411	23.7483566	24.4869709	0.189285154	1.28323868	0	100	0	0	3
191	482	0	1.12399144	24.0798875	24.0720988	23.7483566	24.4869709	0.178541679	1.28323868	0	100	0	0	3
192	484	0	1.12987621	24.1346771	24.0707789	23.7483566	24.4869709	0.154521083	1.28323868	0	100	0	0	3
193	486	0	1.13576098	24.1832275	24.0712549	23.7483566	24.4869709	0.14932855	1.28323868	0	100	0	0	3
194	489	0	1.14164575	24.0229164	24.0714368	23.7483566	24.4869709	0.14932855	1.28323868	0	100	0	0	3
195	491	0	1.14753052	23.9867883	24.0720499	23.7483566	24.4869709	0.14932855	1.28323868	0	100	0	0	3
196	493	0	1.15341529	23.9344675	24.0734828	23.7483566	24.4869709	0.14932855	1.28323868	0	100	0	0	3
197	495	0	1.15930007	23.9245322	24.0745461	23.7483566	24.4869709	0.14932855	1.28323868	0	100	0	0	3
198	497	0	1.16518484	23.9642538	24.0754195	23.7483566	24.4869709	0.14932855	1.28323868	0	100	0	0	3
199	500	0	1.17106961	23.9228885	24.0753257	23.7483566	24.4869709	0.14932855	1.28323868	0	100	0	0	3
200	502	0	1.17695438	23.8265208	24.0762453	23.779549	24.4869709	0.14932855	1.28323868	0	100	0	0	3
201	509	0	1.18283915	23.9135015	24.0767403	23.779549	24.4869709	0.14932855	1.28323868	0	100	0	0	3
202	511	0	1.18872393	23.9136607	24.0775626	23.779549	24.4869709	0.14932855	1.28323868	0	100	0	0	3
203	513	0	1.1946087	23.9176586	24.0791874	23.8110631	24.4869709	0.14932855	1.28323868	0	100	0	0	3
204	515	0	1.20049347	23.8237262	24.0771116	23.8110631	24.4869709	0.14932855	1.28323868	0	100	0	0	3
205	517	0	1.20637824	23.8474419	24.0756152	23.8110631	24.4869709	0.14932855	1.28323868	0	100	0	0	3
206	520	0	1.21226301	23.8182759	24.0747365	23.8110631	24.4869709	0.14932855	1.28323868	0	100	0	0	3
207	522	0	1.21814779	23.8291579	24.0749494	23.8182759	24.4869709	0.14932855	1.28323868	0	100	0	0	3
208	524	0	1.22403256	23.9878954	24.0763473	23.8182759	24.4869709	0.14932855	1.28323868	0	100	0	0	3
209	526	0	1.22991733	23.9896894	24.0753503	23.8182759	24.4869709	0.14932855	1.28323868	0	100	0	0	3
210	528	0	1.2358021	23.9152185	24.0741627	23.8182759	24.4869709	0.14932855	1.28323868	0	100	0	0	3
211	530	0	1.24168687	23.9244438	24.0748414	23.8182759	24.4869709	0.14932855	1.28323868	0	100	0	0	3
212	533	0	1.24757165	23.9231685	24.0744474	23.8182759	24.4869709	0.14932855	1.28323868	0	100	0	0	3
213	535	0	1.25345642	23.9018449	24.0716746	23.8182759	24.4869709	0.14932855	1.28323868	0	100	0	0	3
214	537	0	1.25934119	24.1810712	24.0736442	23.8182759	24.4869709	0.14932855	1.28323868	0	100	0	0	3
215	539	0	1.26522596	24.0680197	24.0752325	23.8182759	24.4869709	0.147396667	1.28323868	0	100	0	0	3
216	541	0	1.27111073	24.1822854	24.077123	23.8182759	24.4869709	0.143489055	1.28323868	0	100	0	0	3
217	544	0	1.2769955	24.080191	24.0752767	23.8182759	24.4869709	0.140640764	1.28323868	0	100	0	0	3
218	546	0	1.28288028	24.2148388	24.0755499	23.8182759	24.4869709	0.137321698	1.28323868	0	100	0	0	3
219	549	0	1.28876505	24.1982622	24.0758304	23.8182759	24.4869709	0.134066094	1.28323868	0	100	0	0	3
220	551	0	1.29464982	24.0805099	24.0753432	23.8182759	24.4869709	0.129856163	1.28323868	0	100	0	0	3
221	554	0	1.30053459	23.9681876	24.0749805	23.8182759	24.4869709	0.126523551	1.28323868	0	100	0	0	3
222	556	0	1.30641936	24.0951016	24.0771069	23.8182759	24.4869709	0.122763773	1.28323868	0	100	0	0	3
223	559	0	1.31230414	24.082602	24.0750509	23.8182759	24.4869709	0.121182465	1.28323868	0	100	0	0	3
224	561	0	1.31818891	24.0788351	24.0732185	23.8182759	24.4869709	0.117028322	1.28323868	0	100	0	0	3
225	564	0	1.32407368	24.1394028	24.0724568	23.8182759	24.4869709	0.111522159	1.28323868	0	100	0	0	3
226	566	0	1.32995845	24.1096291	24.0706455	23.8182759	24.4869709	0.107436343	1.28323868	0	100	0	0	3
227	569	0	1.33584322	24.0909987	24.0696328	23.8182759	24.4869709	0.10237632	1.28323868	0	100	0	0	3
228	571	0	1.341728	23.9945834	24.0653675	23.8182759	24.4869709	0.0962522523	1.28323868	0	100	0	0	3
229	574	0	1.34761277	24.3367599	24.0648513	23.8182759	24.4869709	0.0885476394	1.28323868	0	100	0	0	3
230	576	0	1.35349754	24.060763	24.0598371	23.8182759	24.3567212	0.0810434734	1.28323868	0	100	0	0	3
231	579	0	1.35938231	24.1603962	24.0575274	23.8182759	24.3515443	0.0745868046	1.28323868	0	100	0	0	3
232	581	0	1.36526708	24.2024507	24.0557733	23.8182759	24.3367599	0.0692844687	1.28323868	0	100	0	0	3
233	584	0	1.37115186	24.0947761	24.0543592	23.8182759	24.3367599	0.0650721134	1.28323868	0	100	0	0	3
234	586	0	1.37703663	24.0465361	24.0533	23.8182759	24.3367599	0.058304979	1.28323868	0	100	0	0	3
235	588	0	1.3829214	24.0894495	24.0518642	23.8182759	24.3367599	0.0540597018	1.28323868	0	100	0	0	3
236	591	0	1.38880617	24.0875538	24.0519012	23.8182759	24.3367599	0.0493639235	1.28323868	0	100	0	0	3
237	593	0	1.39469094	24.3167242	24.0539198	23.8182759	24.3367599	0.0433308447	1.28323868	0	100	0	0	3
238	595	0	1.40057572	24.1976706	24.0536893	23.8182759	24.3367599	0.0385383179	1.28323868	0	100	0	0	3
239	598	0	1.40646049	24.0208681	24.0516801	23.8182759	24.3367599	0.0387223571	1.28323868	0	100	0	0	3
240	600	0	1.41234526	24.0946851	24.0511606	23.8182759	24.3367599	0.039241857	1.28323868	0	100	0	0	3
241	602	0	1.41823003	24.2294859	24.0537906	23.8182759	24.3367599	0.039241857	1.28323868	0	100	0	0	3
242	604	0	1.4241148	24.2959308	24.0561715	23.8182759	24.3367599	0.039241857	1.28323868	0	100	0	0	3
243	607	0	1.42999957	24.3046833	24.0575235	23.8182759	24.3367599	0.039241857	1.28323868	0	100	0	0	3
244	609	0	1.43588435	24.0474637	24.0567426	23.8182759	24.3367599	0.039241857	1.28323868	0	100	0	0	3
245	611	0	1.44176912	24.1291196	24.057346	23.8182759	24.3367599	0.039241857	1.28323868	0	100	0	0	3
246	614	0	1.44765389	24.1852104	24.0598455	23.8182759	24.3367599	0.039241857	1.28323868	0	100	0	0	3
247	616	0	1.45353866	24.1935643	24.0627545	23.8182759	24.3367599	0.039241857	1.28323868	0	100	0	0	3
248	619	0	1.45942343	24.1019616	24.064196	23.8182759	24.3367599	0.039241857	1.28323868	0	100	0	0	3
249	621	0	1.46530821	24.138699	24.0646009	23.8182759	24.3367599	0.039241857	1.28323868	0	100	0	0	3
250	624	0	1.47119298	24.0237842	24.0653621	23.8182759	24.3367599	0.039241857	1.28323868	0	100	0	0	3
251	626	0	1.47707775	24.1477319	24.0661989	23.8182759	24.3367599	0.039241857	1.28323868	0	100	0	0	3
252	629	0	1.48296252	24.047421	24.06576	23.8182759	24.3367599	0.039241857	1.28323868	0	100	0	0	3
253	631	0	1.48884729	23.9837706	24.0664276	23.8182759	24.3367599	0.039241857	1.28323868	0	100	0	0	3
254	633	0	1.49473207	23.9748729	24.0655403	23.8182759	24.3367599	0.039241857	1.28323868	0	100	0	0	3
255	636	0	1.50061684	23.959752	24.064149	23.8182759	24.3367599	0.039241857	1.28323868	0	100	0	0	3
256	638	0	1.50650161	23.9388279	24.0629232	23.8182759	24.3367599	0.039241857	1.28323868	0	100	0	0	3
257	641	0	1.51238638	23.9672071	24.0610443	23.8182759	24.3367599	0.039241857	1.28323868	0	100	0	0	3
258	643	0	1.51827115	24.0015889	24.057846	23.8182759	24.3367599	0.039241857	1.28323868	0	100	0	0	3
259	645	0	1.52415593	24.0157725	24.0556473	23.8182759	24.3367599	0.039241857	1.28323868	0	100	0	0	3
260	648	0	1.5300407	23.8899566	24.0557566	23.8182759	24.3367599	0.039241857	1.28323868	0	100	0	0	3
261	650	0	1.53592547	23.9403329	24.0541921	23.8182759	24.3367599	0.039241857	1.28323868	0	100	0	0	3
262	653	0	1.54181024	23.9283988	24.0523145	23.8182759	24.3367599	0.039241857	1.28323868	0	100	0	0	3
263	655	0	1.54769501	24.0176221	24.051307	23.8182759	24.3367599	0.0379877786	1.28323868	0	100	0	0	3
264	657	0	1.55357978	23.9986128	24.0499809	23.8182759	24.3367599	0.0366213186	1.28323868	0	100	0	0	3
265	660	0	1.55946456	23.8163511	24.0479989	23.8163511	24.3367599	0.0361800042	1.28323868	0	100	0	0	3
266	4264	0	1.56534933	23.9738852	24.0464827	23.8163511	24.3367599	0.0376962225	1.28323868	0	100	0	0	3
267	4266	0	1.5712341	24.0447309	24.0458964	23.8163511	24.3367599	0.0379272991	1.28323868	0	100	0	0	3
268	4268	0	1.57711887	23.9513051	24.042897	23.8163511	24.3367599	0.0409266944	1.28323868	0	100	0	0	3
269	4271	0	1.58300364	24.0546353	24.0432617	23.8163511	24.3367599	0.0389369695	1.28323868	0	100	0	0	3
270	4274	0	1.58888842	23.853623	24.041202	23.8163511	24.3367599	0.0385627934	1.28323868	0	100	0	0	3
271	4277	0	1.59477319	23.8669469	24.0390079	23.8163511	24.3367599	0.040179565	1.28323868	0	100	0	0	3
272	58057	0	1.60065796	23.9160375	24.0373542	23.8163511	24.3367599	0.0418332901	1.28323868	0	100	0	0	3
273	58061	0	1.60654273	23.9364977	24.0356689	23.8163511	24.3367599	0.0435185346	1.28323868	0	100	0	0	3
274	58065	0	1.6124275	23.8234564	24.0328563	23.8163511	24.3367599	0.0463311851	1.28323868	0	100	0	0	3
275	58069	0	1.61831228	23.8818286	24.0298831	23.8163511	24.3367599	0.0493043462	1.28323868	0	100	0	0	3
276	58072	0	1.62419705	23.851061	24.027191	23.8163511	24.3367599	0.0519964226	1.28323868	0	100	0	0	3
277	58076	0	1.63008182	23.8296355	24.0236023	23.8163511	24.3367599	0.0555851469	1.28323868	0	100	0	0	3
278	58080	0	1.63596659	23.6768525	24.0176449	23.6768525	24.3367599	0.0615424994	1.28323868	0	100	0	0	3
279	58083	0	1.64185136	23.7158395	24.0140323	23.6768525	24.3367599	0.0651551689	1.28323868	0	100	0	0	3
280	58086	0	1.64773614	23.8631053	24.0125772	23.6768525	24.3367599	0.0666102625	1.28323868	0	100	0	0	3
281	58089	0	1.65362091	23.8356445	24.0114146	23.6768525	24.3367599	0.0677728865	1.28323868	0	100	0	0	3
282	58092	0	1.65950568	23.8939111	24.0110543	23.6768525	24.3367599	0.0681331339	1.28323868	0	100	0	0	3
283	58095	0	1.66539045	23.9001002	24.0102996	23.6768525	24.3367599	0.0688878827	1.28323868	0	100	0	0	3
284	58098	0	1.67127522	23.8008892	24.0088643	23.6768525	24.3367599	0.0703231693	1.28323868	0	100	0	0	3
285	58101	0	1.67716	23.8654405	24.0093222	23.6768525	24.3367599	0.0703231693	1.28323868	0	100	0	0	3
286	58104	0	1.68304477	23.9009677	24.0091747	23.6768525	24.3367599	0.0703231693	1.28323868	0	100	0	0	3
287	58107	0	1.68892954	23.7935352	24.0077615	23.6768525	24.3367599	0.0714259876	1.28323868	0	100	0	0	3
288	58110	0	1.69481431	23.9076346	24.0076435	23.6768525	24.3367599	0.069479508	1.28323868	0	100	0	0	3
289	58113	0	1.70069908	23.889448	24.0084167	23.6768525	24.3367599	0.069479508	1.28323868	0	100	0	0	3
290	58116	0	1.70658385	24.0364904	24.0106408	23.6768525	24.3367599	0.069479508	1.28323868	0	100	0	0	3
291	58118	0	1.71246863	24.1195952	24.0141858	23.6768525	24.3367599	0.069479508	1.28323868	0	100	0	0	3
292	58121	0	1.7183534	24.1027272	24.0174042	23.6768525	24.3367599	0.069479508	1.28323868	0	100	0	0	3
293	58123	0	1.72423817	23.9841459	24.0173601	23.6768525	24.3367599	0.069479508	1.28323868	0	100	0	0	3
294	58126	0	1.73012294	24.033689	24.0178777	23.6768525	24.3367599	0.069479508	1.28323868	0	100	0	0	3
295	58129	0	1.73600771	23.969719	24.0185189	23.6768525	24.3367599	0.069479508	1.28323868	0	100	0	0	3
296	58132	0	1.74189249	24.1038566	24.0206297	23.6768525	24.3367599	0.069479508	1.28323868	0	100	0	0	3
297	58134	0	1.74777726	24.1532135	24.0233361	23.6768525	24.3367599	0.069479508	1.28323868	0	100	0	0	3
298	58137	0	1.75366203	24.0069657	24.0245728	23.6768525	24.3367599	0.069479508	1.28323868	0	100	0	0	3
299	58140	0	1.7595468	23.9322466	24.0216454	23.6768525	24.3367599	0.069479508	1.28323868	0	100	0	0	3
300	58142	0	1.76543157	24.0547209	24.021489	23.6768525	24.3367599	0.069479508	1.28323868	0	100	0	0	3
301	58149	0	1.77131635	24.1503225	24.021113	23.6768525	24.3367599	0.0694633272	1.28323868	0	100	0	0	3
302	58151	0	1.77720112	24.130854	24.021709	23.6768525	24.3367599	0.0694633272	1.28323868	0	100	0	0	3
303	58154	0	1.78308589	23.9251946	24.0183014	23.6768525	24.3367599	0.0694633272	1.28323868	0	100	0	0	3
304	58157	0	1.78897066	24.015805	24.0161549	23.6768525	24.3367599	0.0694633272	1.28323868	0	100	0	0	3
305	58159	0	1.79485543	23.9765595	24.0149319	23.6768525	24.3367599	0.0694633272	1.28323868	0	100	0	0	3
306	58162	0	1.80074021	24.0879311	24.0163407	23.6768525	24.3367599	0.0694633272	1.28323868	0	100	0	0	3
307	58164	0	1.80662498	24.1812999	24.0173548	23.6768525	24.3367599	0.067407384	1.28323868	0	100	0	0	3
308	58167	0	1.81250975	24.2202187	24.0189738	23.6768525	24.3367599	0.0655749766	1.28323868	0	100	0	0	3
309	58169	0	1.81839452	24.2709105	24.0212335	23.6768525	24.3367599	0.0648132351	1.28323868	0	100	0	0	3
310	58172	0	1.82427929	24.3021553	24.0231482	23.6768525	24.3367599	0.0630019685	1.28323868	0	100	0	0	3
311	58174	0	1.83016406	24.2608743	24.0249276	23.6768525	24.3367599	0.0619892933	1.28323868	0	100	0	0	3
312	58177	0	1.83604884	24.2985389	24.0273692	23.6768525	24.3367599	0.0587840451	1.28323868	0	100	0	0	3
313	58179	0	1.84193361	23.9550171	24.0269037	23.6768525	24.3367599	0.0587840451	1.28323868	0	100	0	0	3
314	58182	0	1.84781838	24.0245651	24.0232309	23.6768525	24.3167242	0.0587840451	1.28323868	0	100	0	0	3
315	58184	0	1.85370315	24.0164766	24.0227098	23.6768525	24.3167242	0.0587840451	1.28323868	0	100	0	0	3
316	58187	0	1.85958792	24.0867205	24.0218431	23.6768525	24.3167242	0.0587840451	1.28323868	0	100	0	0	3
317	58189	0	1.8654727	24.1128525	24.020789	23.6768525	24.3167242	0.0587840451	1.28323868	0	100	0	0	3
318	58192	0	1.87135747	24.1169935	24.0210504	23.6768525	24.3167242	0.0587840451	1.28323868	0	100	0	0	3
319	58195	0	1.87724224	23.9235976	24.019604	23.6768525	24.3167242	0.0587840451	1.28323868	0	100	0	0	3
320	58198	0	1.88312701	23.899715	24.0173719	23.6768525	24.3167242	0.0587840451	1.28323868	0	100	0	0	3
321	58200	0	1.88901178	23.9470065	24.0157184	23.6768525	24.3167242	0.0587840451	1.28323868	0	100	0	0	3
322	58203	0	1.89489656	23.9942033	24.011924	23.6768525	24.3046833	0.0587840451	1.28323868	0	100	0	0	3
323	58206	0	1.90078133	23.9324187	24.0088034	23.6768525	24.3046833	0.0587840451	1.28323868	0	100	0	0	3
324	58208	0	1.9066661	23.9211561	24.0076303	23.6768525	24.3046833	0.0587972716	1.28323868	0	100	0	0	3
325	58211	0	1.91255087	23.8675775	24.0049584	23.6768525	24.3046833	0.0614691266	1.28323868	0	100	0	0	3
326	58214	0	1.91843564	24.0157295	24.0024437	23.6768525	24.3046833	0.0639839084	1.28323868	0	100	0	0	3
327	58216	0	1.92432042	23.8701842	23.9974349	23.6768525	24.3046833	0.0689926922	1.28323868	0	100	0	0	3
328	58219	0	1.93020519	23.9859248	23.9936848	23.6768525	24.3021553	0.0727427918	1.28323868	0	100	0	0	3
329	58221	0	1.93608996	24.0928414	23.9942186	23.6768525	24.3021553	0.0727427918	1.28323868	0	100	0	0	3
330	58224	0	1.94197473	24.1366959	23.9943078	23.6768525	24.3021553	0.0727427918	1.28323868	0	100	0	0	3
331	58226	0	1.9478595	24.1809242	23.9942573	23.6768525	24.3021553	0.0727427918	1.28323868	0	100	0	0	3
332	58229	0	1.95374427	24.1272041	23.9934766	23.6768525	24.3021553	0.0729509377	1.28323868	0	100	0	0	3
333	58231	0	1.95962905	24.0295063	23.9926242	23.6768525	24.3021553	0.0738033526	1.28323868	0	100	0	0	3
334	58233	0	1.96551382	24.0953008	23.9921136	23.6768525	24.3021553	0.0743139197	1.28323868	0	100	0	0	3
335	58236	0	1.97139859	24.1293762	23.9933559	23.6768525	24.3021553	0.0743139197	1.28323868	0	100	0	0	3
336	58238	0	1.97728336	24.1403429	23.993269	23.6768525	24.3021553	0.0743139197	1.28323868	0	100	0	0	3
337	58241	0	1.98316813	23.8721192	23.9912066	23.6768525	24.3021553	0.0752209636	1.28323868	0	100	0	0	3
338	58243	0	1.98905291	24.0815771	23.9923573	23.6768525	24.3021553	0.0743336503	1.28323868	0	100	0	0	3
339	58246	0	1.99493768	24.1000497	23.9938299	23.6768525	24.3021553	0.0729424315	1.28323868	0	100	0	0	3
340	58248	0	2.00082245	24.177957	23.9963971	23.6768525	24.3021553	0.0717165909	1.28323868	0	100	0	0	3
341	58251	0	2.00670722	24.1480888	23.9988589	23.6768525	24.3021553	0.0698376469	1.28323868	0	100	0	0	3
342	58253	0	2.01259199	24.034504	23.9996507	23.6768525	24.3021553	0.0666393619	1.28323868	0	100	0	0	3
343	58256	0	2.01847677	23.9233766	23.9987305	23.6768525	24.3021553	0.0645499981	1.28323868	0	100	0	0	3
344	58259	0	2.02436154	23.8041936	23.9962414	23.6768525	24.3021553	0.0645499981	1.28323868	0	100	0	0	3
345	58262	0	2.03024631	23.8137137	23.9953444	23.6768525	24.3021553	0.0629854883	1.28323868	0	100	0	0	3
346	58264	0	2.03613108	23.862617	23.9944301	23.6768525	24.3021553	0.0611078737	1.28323868	0	100	0	0	3
347	58267	0	2.04201585	23.9798489	23.9950354	23.6768525	24.3021553	0.0601003502	1.28323868	0	100	0	0	3
348	58270	0	2.04790063	23.8427114	23.9929776	23.6768525	24.3021553	0.0587742751	1.28323868	0	100	0	0	3
349	58273	0	2.0537854	23.8424352	23.9911402	23.6768525	24.3021553	0.0568586623	1.28323868	0	100	0	0	3
350	58275	0	2.05967017	23.9764001	23.9930232	23.6768525	24.3021553	0.055342444	1.28323868	0	100	0	0	3
351	58278	0	2.06555494	24.0320316	23.9937072	23.6768525	24.3021553	0.054756175	1.28323868	0	100	0	0	3
352	58280	0	2.07143971	23.9398938	23.9924739	23.6768525	24.3021553	0.0521214482	1.28323868	0	100	0	0	3
353	58283	0	2.07732449	23.9304734	23.9922288	23.6768525	24.3021553	0.0521214482	1.28323868	0	100	0	0	3
354	58285	0	2.08320926	23.7979642	23.9892091	23.6768525	24.3021553	0.0519929039	1.28323868	0	100	0	0	3
355	58288	0	2.08909403	23.66997	23.9870485	23.66997	24.3021553	0.0519593821	1.28323868	0	100	0	0	3
356	58290	0	2.0949788	23.6465651	23.9844558	23.6465651	24.3021553	0.0528983836	1.28323868	0	100	0	0	3
357	58293	0	2.10086357	23.7652339	23.9826816	23.6465651	24.3021553	0.0529872994	1.28323868	0	100	0	0	3
358	58295	0	2.10674834	23.8641068	23.9818299	23.6465651	24.3021553	0.0510263071	1.28323868	0	100	0	0	3
359	58298	0	2.11263312	23.9914697	23.9838066	23.6465651	24.3021553	0.048053146	1.28323868	0	100	0	0	3
360	58300	0	2.11851789	23.9033062	23.9840593	23.6465651	24.3021553	0.0455392786	1.28323868	0	100	0	0	3
361	58303	0	2.12440266	23.9866462	23.9856544	23.6465651	24.3021553	0.0455392786	1.28323868	0	100	0	0	3
362	58306	0	2.13028743	24.029562	23.9880064	23.6465651	24.3021553	0.0455392786	1.28323868	0	100	0	0	3
363	58308	0	2.1361722	24.1217724	23.9932408	23.6465651	24.3021553	0.0455392786	1.28323868	0	100	0	0	3
364	58311	0	2.14205698	24.0645935	23.9973438	23.6465651	24.3021553	0.0455392786	1.28323868	0	100	0	0	3
365	58314	0	2.14794175	24.0338127	23.9993521	23.6465651	24.3021553	0.0455392786	1.28323868	0	100	0	0	3
366	58316	0	2.15382652	24.0945906	24.0023985	23.6465651	24.3021553	0.0455392786	1.28323868	0	100	0	0	3
367	58319	0	2.15971129	24.2073824	24.0060864	23.6465651	24.3021553	0.0455392786	1.28323868	0	100	0	0	3
368	58321	0	2.16559606	24.1595368	24.0091386	23.6465651	24.3021553	0.0455392786	1.28323868	0	100	0	0	3
369	58324	0	2.17148084	24.2403806	24.0143091	23.6465651	24.3021553	0.0455392786	1.28323868	0	100	0	0	3
370	58327	0	2.17736561	24.0903584	24.0169552	23.6465651	24.3021553	0.0455392786	1.28323868	0	100	0	0	3
371	58329	0	2.18325038	24.1940134	24.0204028	23.6465651	24.3021553	0.0455392786	1.28323868	0	100	0	0	3
372	58332	0	2.18913515	24.1917481	24.0250877	23.6465651	24.3021553	0.0455392786	1.28323868	0	100	0	0	3
373	58335	0	2.19501992	24.1744614	24.0282268	23.6465651	24.3021553	0.0463968515	1.28323868	0	100	0	0	3
374	58337	0	2.2009047	24.2848646	24.0328788	23.6465651	24.3021553	0.051048811	1.28323868	0	100	0	0	3
375	58340	0	2.20678947	24.3313968	24.0363482	23.6465651	24.3313968	0.0545182985	1.28323868	0	100	0	0	3
376	58342	0	2.21267424	24.2321159	24.037672	23.6465651	24.3313968	0.055842072	1.28323868	0	100	0	0	3
377	58344	0	2.21855901	24.4275711	24.0414937	23.6465651	24.4275711	0.0596637643	1.28323868	0	100	0	0	3
378	58347	0	2.22444378	24.3620132	24.0459392	23.6465651	24.4275711	0.0641092627	1.28323868	0	100	0	0	3
379	58349	0	2.23032855	24.2951281	24.049015	23.6465651	24.4275711	0.0671850171	1.28323868	0	100	0	0	3
380	58352	0	2.23621333	24.19802	24.0517009	23.6465651	24.4275711	0.0698709109	1.28323868	0	100	0	0	3
381	58354	0	2.2420981	24.0267696	24.050794	23.6465651	24.4275711	0.0698709109	1.28323868	0	100	0	0	3
382	58357	0	2.24798287	23.9736744	24.0486817	23.6465651	24.4275711	0.0698709109	1.28323868	0	100	0	0	3
383	58359	0	2.25386764	23.951874	24.0480336	23.6465651	24.4275711	0.0698709109	1.28323868	0	100	0	0	3
384	58362	0	2.25975241	23.9544578	24.0482949	23.6465651	24.4275711	0.0698709109	1.28323868	0	100	0	0	3
385	58365	0	2.26563719	24.0165727	24.0478461	23.6465651	24.4275711	0.0698709109	1.28323868	0	100	0	0	3
386	58368	0	2.27152196	24.0522605	24.0466924	23.6465651	24.4275711	0.0698709109	1.28323868	0	100	0	0	3
387	58371	0	2.27740673	24.0159613	24.0453407	23.6465651	24.4275711	0.0698709109	1.28323868	0	100	0	0	3
388	58373	0	2.2832915	23.9359898	24.0454678	23.6465651	24.4275711	0.0698709109	1.28323868	0	100	0	0	3
389	58376	0	2.28917627	23.9235678	24.0443826	23.6465651	24.4275711	0.0698709109	1.28323868	0	100	0	0	3
390	58379	0	2.29506105	23.9883153	24.0445209	23.6465651	24.4275711	0.0698709109	1.28323868	0	100	0	0	3
391	58381	0	2.30094582	23.8480621	24.0416989	23.6465651	24.4275711	0.0698709109	1.28323868	0	100	0	0	3
392	58384	0	2.30683059	23.8030372	24.0372488	23.6465651	24.4275711	0.0698709109	1.28323868	0	100	0	0	3
393	58387	0	2.31271536	23.9141298	24.0336477	23.6465651	24.4275711	0.0698709109	1.28323868	0	100	0	0	3
394	58390	0	2.31860013	23.7781078	24.02785	23.6465651	24.4275711	0.0698709109	1.28323868	0	100	0	0	3
395	58392	0	2.32448491	23.7954613	24.0218889	23.6465651	24.4275711	0.0698709109	1.28323868	0	100	0	0	3
396	58395	0	2.33036968	23.7742827	24.0161643	23.6465651	24.4275711	0.0698709109	1.28323868	0	100	0	0	3
397	58397	0	2.33625445	23.8959112	24.0114275	23.6465651	24.4275711	0.0698709109	1.28323868	0	100	0	0	3
398	58400	0	2.34213922	23.9534946	24.0114096	23.6465651	24.4275711	0.0698709109	1.28323868	0	100	0	0	3
399	58402	0	2.34802399	23.9583529	24.0106307	23.6465651	24.4275711	0.0698709109	1.28323868	0	100	0	0	3
400	58405	0	2.35390876	23.9429265	24.0097654	23.6465651	24.4275711	0.0698709109	1.28323868	0	100	0	0	3
401	58412	0	2.35979354	23.9079179	24.0076618	23.6465651	24.4275711	0.0698709109	1.28323868	0	100	0	0	3
402	58415	0	2.36567831	23.9275643	24.0054819	23.6465651	24.4275711	0.0698709109	1.28323868	0	100	0	0	3
403	58418	0	2.37156308	24.0141147	24.0042716	23.6465651	24.4275711	0.0698709109	1.28323868	0	100	0	0	3
404	58420	0	2.37744785	23.967141	24.0047839	23.6465651	24.4275711	0.0698709109	1.28323868	0	100	0	0	3
405	58423	0	2.38333262	24.0456087	24.0065003	23.6465651	24.4275711	0.0698709109	1.28323868	0	100	0	0	3
406	58426	0	2.3892174	23.9999177	24.0071228	23.6465651	24.4275711	0.0698709109	1.28323868	0	100	0	0	3
407	58428	0	2.39510217	24.09445	24.0083021	23.6465651	24.4275711	0.0698709109	1.28323868	0	100	0	0	3
408	58431	0	2.40098694	23.9724128	24.0087727	23.6465651	24.4275711	0.0698709109	1.28323868	0	100	0	0	3
409	58433	0	2.40687171	23.9944747	24.0096352	23.6465651	24.4275711	0.0698709109	1.28323868	0	100	0	0	3
410	58436	0	2.41275648	24.0537878	24.0118259	23.6465651	24.4275711	0.0698709109	1.28323868	0	100	0	0	3
411	58438	0	2.41864126	23.9818457	24.0114273	23.6465651	24.4275711	0.0698709109	1.28323868	0	100	0	0	3
412	58441	0	2.42452603	23.9606444	24.0124915	23.6465651	24.4275711	0.0698709109	1.28323868	0	100	0	0	3
413	58443	0	2.4304108	24.0827535	24.0136307	23.6465651	24.4275711	0.0698709109	1.28323868	0	100	0	0	3
414	58446	0	2.43629557	24.1565884	24.0143807	23.6465651	24.4275711	0.0698709109	1.28323868	0	100	0	0	3
415	58448	0	2.44218034	24.2536431	24.0157565	23.6465651	24.4275711	0.0698709109	1.28323868	0	100	0	0	3
416	58450	0	2.44806512	24.0197821	24.0138607	23.6465651	24.4275711	0.0698709109	1.28323868	0	100	0	0	3
417	58453	0	2.45394989	24.1484146	24.0141103	23.6465651	24.4275711	0.0698709109	1.28323868	0	100	0	0	3
418	58455	0	2.45983466	24.1643831	24.015697	23.6465651	24.4275711	0.0698709109	1.28323868	0	100	0	0	3
419	58457	0	2.46571943	24.3044496	24.0181576	23.6465651	24.4275711	0.0698709109	1.28323868	0	100	0	0	3
420	58460	0	2.4716042	24.2671528	24.0197785	23.6465651	24.4275711	0.0698709109	1.28323868	0	100	0	0	3
421	58463	0	2.47748898	24.1423127	24.0198017	23.6465651	24.4275711	0.0698709109	1.28323868	0	100	0	0	3
422	58465	0	2.48337375	24.1221273	24.022743	23.6465651	24.4275711	0.0698709109	1.28323868	0	100	0	0	3
423	58467	0	2.48925852	24.2680599	24.0249369	23.6465651	24.4275711	0.0698709109	1.28323868	0	100	0	0	3
424	58470	0	2.49514329	24.2787935	24.0270397	23.6465651	24.4275711	0.0698709109	1.28323868	0	100	0	0	3
425	58473	0	2.50102806	24.3184266	24.0286923	23.6465651	24.4275711	0.0698709109	1.28323868	0	100	0	0	3
426	58475	0	2.50691283	24.3015702	24.030498	23.6465651	24.4275711	0.0698709109	1.28323868	0	100	0	0	3
427	58478	0	2.51279761	24.221011	24.0326922	23.6465651	24.4275711	0.0698709109	1.28323868	0	100	0	0	3
428	58480	0	2.51868238	24.245084	24.036477	23.6465651	24.4275711	0.0698709109	1.28323868	0	100	0	0	3
429	58483	0	2.52456715	24.3656667	24.0430826	23.6465651	24.4275711	0.0698709109	1.28323868	0	100	0	0	3
430	58485	0	2.53045192	24.3111771	24.0489351	23.6465651	24.4275711	0.0698709109	1.28323868	0	100	0	0	3
431	58488	0	2.53633669	24.3562108	24.0547421	23.6465651	24.4275711	0.0729121016	1.28323868	0	100	0	0	3
432	58490	0	2.54222147	24.2796095	24.0582686	23.6465651	24.4275711	0.0764386966	1.28323868	0	100	0	0	3
433	58493	0	2.54810624	24.1283602	24.0616292	23.6465651	24.4275711	0.0797992707	1.28323868	0	100	0	0	3
434	58495	0	2.55399101	24.135168	24.0650731	23.6465651	24.4275711	0.0832431849	1.28323868	0	100	0	0	3
435	58498	0	2.55987578	24.1038373	24.0665724	23.6465651	24.4275711	0.0847424462	1.28323868	0	100	0	0	3
436	58500	0	2.56576055	24.1722542	24.0682221	23.6465651	24.4275711	0.0863921238	1.28323868	0	100	0	0	3
437	58503	0	2.57164533	24.1412678	24.0705912	23.6465651	24.4275711	0.0887612296	1.28323868	0	100	0	0	3
438	58505	0	2.5775301	24.0115599	24.0715451	23.6465651	24.4275711	0.0897151881	1.28323868	0	100	0	0	3
439	58508	0	2.58341487	24.1009536	24.0751097	23.6465651	24.4275711	0.0932797693	1.28323868	0	100	0	0	3
440	58510	0	2.58929964	24.1774187	24.0810797	23.6465651	24.4275711	0.0992497541	1.28323868	0	100	0	0	3
441	58513	0	2.59518441	24.2609698	24.088308	23.7652339	24.4275711	0.106478044	1.28323868	0	100	0	0	3
442	58516	0	2.60106919	24.0709131	24.0919042	23.7742827	24.4275711	0.11007427	1.28323868	0	100	0	0	3
443	58518	0	2.60695396	24.0801591	24.094446	23.7742827	24.4275711	0.110639436	1.28323868	0	100	0	0	3
444	58521	0	2.61283873	24.2822126	24.0978665	23.7742827	24.4275711	0.113807264	1.28323868	0	100	0	0	3
445	58523	0	2.6187235	24.2212708	24.1016073	23.7742827	24.4275711	0.115952904	1.28323868	0	100	0	0	3
446	58526	0	2.62460827	24.0174584	24.1019698	23.7742827	24.4275711	0.113963325	1.28323868	0	100	0	0	3
447	58529	0	2.63049304	24.0309922	24.1019866	23.7742827	24.4275711	0.1087458	1.28323868	0	100	0	0	3
448	58531	0	2.63637782	24.1444816	24.1022538	23.7742827	24.4275711	0.104909978	1.28323868	0	100	0	0	3
449	58534	0	2.64226259	24.045723	24.1020318	23.7742827	24.4275711	0.102901656	1.28323868	0	100	0	0	3
450	58536	0	2.64814736	24.1231081	24.1030823	23.7742827	24.4275711	0.100683758	1.28323868	0	100	0	0	3
451	58539	0	2.65403213	24.2480496	24.1048877	23.7742827	24.4275711	0.10061609	1.28323868	0	100	0	0	3
452	58542	0	2.6599169	24.2073173	24.1048869	23.7742827	24.4275711	0.10061609	1.28323868	0	100	0	0	3
453	58544	0	2.66580168	24.0726086	24.1038642	23.7742827	24.4275711	0.10061609	1.28323868	0	100	0	0	3
454	58547	0	2.67168645	23.8995595	24.0998546	23.7742827	24.4275711	0.10061609	1.28323868	0	100	0	0	3
455	58549	0	2.67757122	24.0201291	24.0990284	23.7742827	24.4275711	0.10061609	1.28323868	0	100	0	0	3
456	58552	0	2.68345599	24.2262596	24.0994077	23.7742827	24.4275711	0.10061609	1.28323868	0	100	0	0	3
457	58554	0	2.68934076	24.1097874	24.0984435	23.7742827	24.4275711	0.10061609	1.28323868	0	100	0	0	3
458	58557	0	2.69522554	24.0303203	24.0967477	23.7742827	24.4275711	0.10061609	1.28323868	0	100	0	0	3
459	58559	0	2.70111031	23.9188278	24.0924414	23.7742827	24.4275711	0.10061609	1.28323868	0	100	0	0	3
460	58562	0	2.70699508	24.0307059	24.0889039	23.7742827	24.4275711	0.10061609	1.28323868	0	100	0	0	3
461	58564	0	2.71287985	24.180653	24.0882984	23.7742827	24.4275711	0.10061609	1.28323868	0	100	0	0	3
462	58566	0	2.71876462	24.1799215	24.0853849	23.7742827	24.3656667	0.10061609	1.28323868	0	100	0	0	3
463	58569	0	2.7246494	24.1192803	24.0825292	23.7742827	24.3656667	0.10061609	1.28323868	0	100	0	0	3
464	58571	0	2.73053417	24.0170588	24.0792578	23.7742827	24.3656667	0.10061609	1.28323868	0	100	0	0	3
465	58574	0	2.73641894	24.0122346	24.0770721	23.7742827	24.3656667	0.10061609	1.28323868	0	100	0	0	3
466	58576	0	2.74230371	24.1373426	24.0783729	23.7742827	24.3656667	0.10061609	1.28323868	0	100	0	0	3
467	58579	0	2.74818848	24.1654178	24.0806287	23.7742827	24.3656667	0.10061609	1.28323868	0	100	0	0	3
468	58581	0	2.75407326	24.0588907	24.0818878	23.7742827	24.3656667	0.10061609	1.28323868	0	100	0	0	3
469	58584	0	2.75995803	24.1004317	24.0836051	23.7742827	24.3656667	0.10061609	1.28323868	0	100	0	0	3
470	58587	0	2.7658428	24.0897889	24.0844665	23.7742827	24.3656667	0.10061609	1.28323868	0	100	0	0	3
471	58589	0	2.77172757	24.146231	24.085572	23.7742827	24.3656667	0.10061609	1.28323868	0	100	0	0	3
472	58592	0	2.77761234	24.1942131	24.0876691	23.7742827	24.3656667	0.10061609	1.28323868	0	100	0	0	3
473	58594	0	2.78349711	24.1421561	24.0900946	23.7742827	24.3656667	0.10061609	1.28323868	0	100	0	0	3
474	58596	0	2.78938189	24.1542755	24.0928088	23.7742827	24.3656667	0.10061609	1.28323868	0	100	0	0	3
475	58599	0	2.79526666	24.1903522	24.0951857	23.7742827	24.3656667	0.10061609	1.28323868	0	100	0	0	3
476	58601	0	2.80115143	24.2304153	24.099684	23.7742827	24.3656667	0.10061609	1.28323868	0	100	0	0	3
477	58603	0	2.8070362	24.285102	24.1053553	23.7742827	24.3656667	0.101083709	1.28323868	0	100	0	0	3
478	58606	0	2.81292097	24.2810703	24.1096723	23.7742827	24.3656667	0.105400656	1.28323868	0	100	0	0	3
479	58608	0	2.81880575	24.2425814	24.1151367	23.7742827	24.3656667	0.110865052	1.28323868	0	100	0	0	3
480	58611	0	2.82469052	24.3765345	24.1219728	23.7742827	24.3765345	0.117701208	1.28323868	0	100	0	0	3
481	58613	0	2.83057529	24.2511924	24.1275835	23.8959112	24.3765345	0.12331191	1.28323868	0	100	0	0	3
482	58616	0	2.83646006	24.1956747	24.1311101	23.8995595	24.3765345	0.126838538	1.28323868	0	100	0	0	3
483	58618	0	2.84234483	24.0784771	24.1325805	23.8995595	24.3765345	0.12830892	1.28323868	0	100	0	0	3
484	58620	0	2.84822961	24.3082627	24.1366971	23.8995595	24.3765345	0.132425506	1.28323868	0	100	0	0	3
485	58623	0	2.85411438	24.3423118	24.1413958	23.8995595	24.3765345	0.137124157	1.28323868	0	100	0	0	3
486	58625	0	2.85999915	24.3125236	24.1461558	23.8995595	24.3765345	0.141884224	1.28323868	0	100	0	0	3
487	58628	0	2.86588392	24.2550768	24.1500089	23.8995595	24.3765345	0.145737312	1.28323868	0	100	0	0	3
488	58631	0	2.87176869	24.2153767	24.1523767	23.8995595	24.3765345	0.147592824	1.28323868	0	100	0	0	3
489	58633	0	2.87765347	24.2247965	24.1554079	23.8995595	24.3765345	0.148907669	1.28323868	0	100	0	0	3
490	58636	0	2.88353824	24.2227123	24.1574915	23.8995595	24.3765345	0.150368756	1.28323868	0	100	0	0	3
491	58638	0	2.88942301	24.2997859	24.1610194	23.8995595	24.3765345	0.152717245	1.28323868	0	100	0	0	3
492	58641	0	2.89530778	24.2833076	24.1632412	23.8995595	24.3765345	0.154468582	1.28323868	0	100	0	0	3
493	58643	0	2.90119255	24.1092204	24.1648507	23.8995595	24.3765345	0.155215511	1.28323868	0	100	0	0	3
494	58646	0	2.90707732	24.0554757	24.1655684	23.8995595	24.3765345	0.154141093	1.28323868	0	100	0	0	3
495	58649	0	2.9129621	23.9600581	24.1644657	23.8995595	24.3765345	0.154141093	1.28323868	0	100	0	0	3
496	58651	0	2.91884687	23.8808681	24.1632777	23.8808681	24.3765345	0.153076855	1.28323868	0	100	0	0	3
497	58654	0	2.92473164	23.7874101	24.1612397	23.7874101	24.3765345	0.151937695	1.28323868	0	100	0	0	3
498	58656	0	2.93061641	23.9421681	24.1595857	23.7874101	24.3765345	0.151707669	1.28323868	0	100	0	0	3
499	58659	0	2.93650118	24.0015441	24.1577617	23.7874101	24.3765345	0.151707669	1.28323868	0	100	0	0	3
500	58661	0	2.94238596	23.9001657	24.1536031	23.7874101	24.3765345	0.151707669	1.28323868	0	100	0	0	3
501	58668	0	2.94827073	24.1109115	24.1546752	23.7874101	24.3765345	0.151458135	1.28323868	0	100	0	0	3
502	58671	0	2.9541555	24.0604504	24.1536404	23.7874101	24.3765345	0.149871349	1.28323868	0	100	0	0	3
503	58673	0	2.96004027	23.9333763	24.1509226	23.7874101	24.3765345	0.147410774	1.28323868	0	100	0	0	3
504	58676	0	2.96592504	23.9766759	24.1470665	23.7874101	24.3765345	0.145789874	1.28323868	0	100	0	0	3
505	58678	0	2.97180982	24.0272941	24.1442446	23.7874101	24.3765345	0.1457667	1.28323868	0	100	0	0	3
506	58680	0	2.97769459	24.076227	24.1434671	23.7874101	24.3765345	0.142825429	1.28323868	0	100	0	0	3
507	58683	0	2.98357936	24.1485676	24.1437782	23.7874101	24.3765345	0.140631514	1.28323868	0	100	0	0	3
508	58685	0	2.98946413	24.1835249	24.1427837	23.7874101	24.3765345	0.138528646	1.28323868	0	100	0	0	3
509	58688	0	2.9953489	24.3400407	24.1435042	23.7874101	24.3765345	0.136876063	1.28323868	0	100	0	0	3
510	58690	0	3.00123368	24.2710415	24.1429467	23.7874101	24.3765345	0.1350704	1.28323868	0	100	0	0	3
511	58693	0	3.00711845	24.3148341	24.1431028	23.7874101	24.3765345	0.132876199	1.28323868	0	100	0	0	3
512	58695	0	3.01300322	24.3822285	24.1449995	23.7874101	24.3822285	0.129091407	1.28323868	0	100	0	0	3
513	58698	0	3.01888799	24.4409353	24.1473036	23.7874101	24.4409353	0.122485841	1.28323868	0	100	0	0	3
514	58700	0	3.02477276	24.5293822	24.1492297	23.7874101	24.5293822	0.116633329	1.28323868	0	100	0	0	3
515	58703	0	3.03065753	24.43421	24.1506771	23.7874101	24.5293822	0.110826343	1.28323868	0	100	0	0	3
516	58705	0	3.03654231	24.3191301	24.1502409	23.7874101	24.5293822	0.107299748	1.28323868	0	100	0	0	3
517	58708	0	3.04242708	24.3208043	24.1507255	23.7874101	24.5293822	0.103939174	1.28323868	0	100	0	0	3
518	58711	0	3.04831185	24.1260901	24.1506988	23.7874101	24.5293822	0.10049526	1.28323868	0	100	0	0	3
519	58713	0	3.05419662	24.1625769	24.1510213	23.7874101	24.5293822	0.0989959983	1.28323868	0	100	0	0	3
520	58716	0	3.06008139	24.1636453	24.1517249	23.7874101	24.5293822	0.0973463207	1.28323868	0	100	0	0	3
521	58718	0	3.06596617	24.0242272	24.1499834	23.7874101	24.5293822	0.0949772149	1.28323868	0	100	0	0	3
522	58721	0	3.07185094	23.8451116	24.1464992	23.7874101	24.5293822	0.0940232564	1.28323868	0	100	0	0	3
523	58723	0	3.07773571	23.9628762	24.1459264	23.7874101	24.5293822	0.0904586752	1.28323868	0	100	0	0	3
524	58726	0	3.08362048	24.0015261	24.1447567	23.7874101	24.5293822	0.0884963094	1.28323868	0	100	0	0	3
525	58729	0	3.08950525	23.9546095	24.1421354	23.7874101	24.5293822	0.0884963094	1.28323868	0	100	0	0	3
526	58731	0	3.09539003	23.9176108	24.1380959	23.7874101	24.5293822	0.0884963094	1.28323868	0	100	0	0	3
527	58734	0	3.1012748	24.0347694	24.1376707	23.7874101	24.5293822	0.0884963094	1.28323868	0	100	0	0	3
528	58736	0	3.10715957	24.1440112	24.1384219	23.7874101	24.5293822	0.0884963094	1.28323868	0	100	0	0	3
529	58739	0	3.11304434	24.2003641	24.137459	23.7874101	24.5293822	0.0884963094	1.28323868	0	100	0	0	3
530	58742	0	3.11892911	24.0896373	24.1359103	23.7874101	24.5293822	0.0884963094	1.28323868	0	100	0	0	3
531	58744	0	3.12481389	24.3282322	24.1395665	23.7874101	24.5293822	0.0884963094	1.28323868	0	100	0	0	3
532	58747	0	3.13069866	24.2986713	24.1427157	23.7874101	24.5293822	0.0884963094	1.28323868	0	100	0	0	3
533	58750	0	3.13658343	24.1992572	24.1433601	23.7874101	24.5293822	0.0884963094	1.28323868	0	100	0	0	3
534	58752	0	3.1424682	24.1034464	24.1440392	23.7874101	24.5293822	0.0884963094	1.28323868	0	100	0	0	3
535	58755	0	3.14835297	24.1538409	24.1444007	23.7874101	24.5293822	0.0884963094	1.28323868	0	100	0	0	3
536	58757	0	3.15423775	24.2697401	24.1446559	23.7874101	24.5293822	0.0884963094	1.28323868	0	100	0	0	3
537	58760	0	3.16012252	24.3691311	24.1465596	23.7874101	24.5293822	0.0884963094	1.28323868	0	100	0	0	3
538	58762	0	3.16600729	24.2986729	24.1492192	23.7874101	24.5293822	0.0884963094	1.28323868	0	100	0	0	3
539	58765	0	3.17189206	24.2731588	24.1536145	23.7874101	24.5293822	0.0884963094	1.28323868	0	100	0	0	3
540	58768	0	3.17777683	24.1355107	24.1549719	23.7874101	24.5293822	0.0884963094	1.28323868	0	100	0	0	3
541	58770	0	3.1836616	24.1596932	24.1541888	23.7874101	24.5293822	0.0884963094	1.28323868	0	100	0	0	3
542	58772	0	3.18954638	24.3015042	24.1564443	23.7874101	24.5293822	0.0884963094	1.28323868	0	100	0	0	3
543	58775	0	3.19543115	24.334384	24.1600215	23.7874101	24.5293822	0.0884963094	1.28323868	0	100	0	0	3
544	58777	0	3.20131592	24.3205041	24.1647471	23.7874101	24.5293822	0.0884963094	1.28323868	0	100	0	0	3
545	58780	0	3.20720069	24.157074	24.1662338	23.7874101	24.5293822	0.0891616885	1.28323868	0	100	0	0	3
546	58782	0	3.21308546	24.0914674	24.1651845	23.7874101	24.5293822	0.0891616885	1.28323868	0	100	0	0	3
547	58785	0	3.21897024	24.2853577	24.166425	23.7874101	24.5293822	0.0893528726	1.28323868	0	100	0	0	3
548	58788	0	3.22485501	24.1458981	24.1667381	23.7874101	24.5293822	0.0896660226	1.28323868	0	100	0	0	3
549	58790	0	3.23073978	24.1884907	24.168755	23.7874101	24.5293822	0.0916828684	1.28323868	0	100	0	0	3
550	58792	0	3.23662455	24.1769513	24.1706928	23.7874101	24.5293822	0.0923198529	1.28323868	0	100	0	0	3
551	58795	0	3.24250932	24.2280479	24.1717599	23.7874101	24.5293822	0.0911311708	1.28323868	0	100	0	0	3
552	58797	0	3.2483941	24.2402655	24.1726405	23.7874101	24.5293822	0.0907527118	1.28323868	0	100	0	0	3
553	58800	0	3.25427887	24.2363963	24.1747288	23.7874101	24.5293822	0.0911236725	1.28323868	0	100	0	0	3
554	58802	0	3.26016364	24.2548644	24.1765456	23.7874101	24.5293822	0.0920791597	1.28323868	0	100	0	0	3
555	58805	0	3.26604841	24.2937607	24.1789453	23.7874101	24.5293822	0.0933732921	1.28323868	0	100	0	0	3
556	58807	0	3.27193318	24.1740963	24.1792731	23.7874101	24.5293822	0.0916040394	1.28323868	0	100	0	0	3
557	58810	0	3.27781796	24.1840725	24.1791538	23.7874101	24.5293822	0.0891785532	1.28323868	0	100	0	0	3
558	58812	0	3.28370273	24.280464	24.180781	23.7874101	24.5293822	0.0879721948	1.28323868	0	100	0	0	3
559	58815	0	3.2895875	24.0529798	24.1795893	23.7874101	24.5293822	0.08559529	1.28323868	0	100	0	0	3
560	58817	0	3.29547227	23.982555	24.1771446	23.7874101	24.5293822	0.0810970176	1.28323868	0	100	0	0	3
561	58820	0	3.30135704	24.0291226	24.1747764	23.7874101	24.5293822	0.0754256662	1.28323868	0	100	0	0	3
562	58822	0	3.30724181	24.0568228	24.1720908	23.7874101	24.5293822	0.0711087191	1.28323868	0	100	0	0	3
563	58825	0	3.31312659	24.1943998	24.1710712	23.7874101	24.5293822	0.0656443232	1.28323868	0	100	0	0	3
564	58828	0	3.31901136	24.0480413	24.1687824	23.7874101	24.5293822	0.0588081674	1.28323868	0	100	0	0	3
565	58830	0	3.32489613	24.0968836	24.1654924	23.7874101	24.5293822	0.0531974651	1.28323868	0	100	0	0	3
566	58833	0	3.3307809	24.091267	24.163611	23.7874101	24.5293822	0.0496708367	1.28323868	0	100	0	0	3
567	58835	0	3.33666567	24.0881967	24.1623465	23.7874101	24.5293822	0.0482004553	1.28323868	0	100	0	0	3
568	58838	0	3.34255045	24.0257807	24.1617266	23.7874101	24.5293822	0.0448706463	1.28323868	0	100	0	0	3
569	58840	0	3.34843522	24.2715911	24.1612951	23.7874101	24.5293822	0.0448706463	1.28323868	0	100	0	0	3
570	58843	0	3.35431999	24.1616973	24.1591702	23.7874101	24.5293822	0.0448706463	1.28323868	0	100	0	0	3
571	58846	0	3.36020476	24.0781889	24.1564134	23.7874101	24.5293822	0.0448706463	1.28323868	0	100	0	0	3
572	58848	0	3.36608953	24.0812015	24.1543678	23.7874101	24.5293822	0.0448706463	1.28323868	0	100	0	0	3
573	58851	0	3.37197431	24.0517606	24.1524429	23.7874101	24.5293822	0.0448706463	1.28323868	0	100	0	0	3
574	58853	0	3.37785908	24.1420699	24.1514696	23.7874101	24.5293822	0.0448706463	1.28323868	0	100	0	0	3
575	58856	0	3.38374385	24.1396452	24.1504924	23.7874101	24.5293822	0.0448706463	1.28323868	0	100	0	0	3
576	58858	0	3.38962862	24.0292106	24.1473091	23.7874101	24.5293822	0.0448706463	1.28323868	0	100	0	0	3
577	58861	0	3.39551339	24.1513697	24.1457569	23.7874101	24.5293822	0.0448706463	1.28323868	0	100	0	0	3
578	58864	0	3.40139817	24.0619544	24.1452008	23.7874101	24.5293822	0.0448706463	1.28323868	0	100	0	0	3
579	58866	0	3.40728294	23.9828995	24.144347	23.7874101	24.5293822	0.0448706463	1.28323868	0	100	0	0	3
580	58869	0	3.41316771	24.0372689	24.1452554	23.7874101	24.5293822	0.0448706463	1.28323868	0	100	0	0	3
581	58871	0	3.41905248	24.0553476	24.1473081	23.7874101	24.5293822	0.0448706463	1.28323868	0	100	0	0	3
582	58874	0	3.42493725	23.7805137	24.1472269	23.7805137	24.5293822	0.0448706463	1.28323868	0	100	0	0	3
583	58877	0	3.43082202	23.8654111	24.1463239	23.7805137	24.5293822	0.0448706463	1.28323868	0	100	0	0	3
584	58879	0	3.4367068	24.0025966	24.1463363	23.7805137	24.5293822	0.0448706463	1.28323868	0	100	0	0	3
585	58881	0	3.44259157	23.9757119	24.1472251	23.7805137	24.5293822	0.0448706463	1.28323868	0	100	0	0	3
586	58884	0	3.44847634	23.8084272	24.1436664	23.7805137	24.5293822	0.0448706463	1.28323868	0	100	0	0	3
587	58886	0	3.45436111	23.7510164	24.140026	23.7510164	24.5293822	0.0448706463	1.28323868	0	100	0	0	3
588	58889	0	3.46024588	23.7295479	24.1376281	23.7295479	24.5293822	0.0448706463	1.28323868	0	100	0	0	3
589	58891	0	3.46613066	23.8772897	24.1364588	23.7295479	24.5293822	0.0448706463	1.28323868	0	100	0	0	3
590	58893	0	3.47201543	23.8654238	24.1345545	23.7295479	24.5293822	0.0462265285	1.28323868	0	100	0	0	3
591	58896	0	3.4779002	23.7619341	24.1308569	23.7295479	24.5293822	0.0499240914	1.28323868	0	100	0	0	3
592	58898	0	3.48378497	23.8447138	24.1272821	23.7295479	24.5293822	0.0534988421	1.28323868	0	100	0	0	3
593	58901	0	3.48966974	24.0514486	24.1257283	23.7295479	24.5293822	0.055052681	1.28323868	0	100	0	0	3
594	58904	0	3.49555452	24.0628781	24.1224676	23.7295479	24.5293822	0.0583134177	1.28323868	0	100	0	0	3
595	58906	0	3.50143929	23.9650632	24.1188678	23.7295479	24.5293822	0.0619131625	1.28323868	0	100	0	0	3
596	58909	0	3.50732406	24.0068454	24.1152444	23.7295479	24.5293822	0.0655365579	1.28323868	0	100	0	0	3
597	58911	0	3.51320883	24.1641892	24.1126793	23.7295479	24.5293822	0.0681017255	1.28323868	0	100	0	0	3
598	58914	0	3.5190936	24.238885	24.1103022	23.7295479	24.5293822	0.0704787886	1.28323868	0	100	0	0	3
599	58916	0	3.52497838	24.2311474	24.1067935	23.7295479	24.43421	0.0739874332	1.28323868	0	100	0	0	3
600	58919	0	3.53086315	24.153801	24.1034946	23.7295479	24.3691311	0.0772863627	1.28323868	0	100	0	0	3
601	58926	0	3.53674792	24.056874	24.1004093	23.7295479	24.3691311	0.0803717287	1.28323868	0	100	0	0	3
602	58928	0	3.54263269	24.1577666	24.0984912	23.7295479	24.3691311	0.0822898191	1.28323868	0	100	0	0	3
603	58931	0	3.54851746	24.3249376	24.1008305	23.7295479	24.3691311	0.0822898191	1.28323868	0	100	0	0	3
604	58933	0	3.55440224	24.159702	24.1007967	23.7295479	24.3691311	0.0822898191	1.28323868	0	100	0	0	3
605	58936	0	3.56028701	24.2155659	24.1014075	23.7295479	24.3691311	0.0822898191	1.28323868	0	100	0	0	3
606	58938	0	3.56617178	24.2297899	24.1038259	23.7295479	24.3691311	0.0822898191	1.28323868	0	100	0	0	3
607	58941	0	3.57205655	24.4069592	24.1104359	23.7295479	24.4069592	0.0822898191	1.28323868	0	100	0	0	3
608	58943	0	3.57794132	24.3119095	24.1145422	23.7295479	24.4069592	0.0822898191	1.28323868	0	100	0	0	3
609	58946	0	3.58382609	24.2311773	24.117244	23.7295479	24.4069592	0.0822898191	1.28323868	0	100	0	0	3
610	58949	0	3.58971087	24.1895969	24.1200085	23.7295479	24.4069592	0.0822898191	1.28323868	0	100	0	0	3
611	58951	0	3.59559564	24.2983643	24.124488	23.7295479	24.4069592	0.0822898191	1.28323868	0	100	0	0	3
612	58954	0	3.60148041	24.2454827	24.126967	23.7295479	24.4069592	0.0822898191	1.28323868	0	100	0	0	3
613	58956	0	3.60736518	24.3145521	24.1289733	23.7295479	24.4069592	0.0822898191	1.28323868	0	100	0	0	3
614	58959	0	3.61324995	24.2526467	24.1295884	23.7295479	24.4069592	0.0822898191	1.28323868	0	100	0	0	3
615	58961	0	3.61913473	24.2872685	24.1319135	23.7295479	24.4069592	0.0822898191	1.28323868	0	100	0	0	3
616	58964	0	3.6250195	24.1437495	24.1297431	23.7295479	24.4069592	0.0822898191	1.28323868	0	100	0	0	3
617	58966	0	3.63090427	24.2649768	24.1293467	23.7295479	24.4069592	0.0822898191	1.28323868	0	100	0	0	3
618	58969	0	3.63678904	24.2522551	24.1299702	23.7295479	24.4069592	0.0822898191	1.28323868	0	100	0	0	3
619	58971	0	3.64267381	24.4333712	24.1338517	23.7295479	24.4333712	0.0822898191	1.28323868	0	100	0	0	3
620	58974	0	3.64855859	24.2697528	24.1352153	23.7295479	24.4333712	0.0822898191	1.28323868	0	100	0	0	3
621	58976	0	3.65444336	24.1625561	24.1339543	23.7295479	24.4333712	0.0822898191	1.28323868	0	100	0	0	3
622	58979	0	3.66032813	24.206457	24.1320405	23.7295479	24.4333712	0.0822898191	1.28323868	0	100	0	0	3
623	58981	0	3.6662129	24.2017609	24.1309004	23.7295479	24.4333712	0.0822898191	1.28323868	0	100	0	0	3
624	58984	0	3.67209767	24.2524724	24.130657	23.7295479	24.4333712	0.0822898191	1.28323868	0	100	0	0	3
625	58986	0	3.67798245	24.1773853	24.1311497	23.7295479	24.4333712	0.0822898191	1.28323868	0	100	0	0	3
626	58988	0	3.68386722	24.1708736	24.1312812	23.7295479	24.4333712	0.0822898191	1.28323868	0	100	0	0	3
627	58991	0	3.68975199	24.257686	24.1307657	23.7295479	24.4333712	0.0822898191	1.28323868	0	100	0	0	3
628	58993	0	3.69563676	24.3292525	24.1307053	23.7295479	24.4333712	0.0822898191	1.28323868	0	100	0	0	3
629	58995	0	3.70152153	24.4542438	24.1322787	23.7295479	24.4542438	0.0822898191	1.28323868	0	100	0	0	3
630	58998	0	3.7074063	24.3153636	24.134141	23.7295479	24.4542438	0.0822898191	1.28323868	0	100	0	0	3
631	59000	0	3.71329108	24.2658057	24.136192	23.7295479	24.4542438	0.0822898191	1.28323868	0	100	0	0	3
632	59003	0	3.71917585	24.1132693	24.1341674	23.7295479	24.4542438	0.0822898191	1.28323868	0	100	0	0	3
633	59005	0	3.72506062	24.1348745	24.1340377	23.7295479	24.4542438	0.0822898191	1.28323868	0	100	0	0	3
634	59008	0	3.73094539	24.0323589	24.1322009	23.7295479	24.4542438	0.0822898191	1.28323868	0	100	0	0	3
635	59011	0	3.73683016	23.8681356	24.1285678	23.7295479	24.4542438	0.0822898191	1.28323868	0	100	0	0	3
636	59013	0	3.74271494	23.9085229	24.1248086	23.7295479	24.4542438	0.0822898191	1.28323868	0	100	0	0	3
637	59016	0	3.74859971	23.9303504	24.1211626	23.7295479	24.4542438	0.0822898191	1.28323868	0	100	0	0	3
638	59018	0	3.75448448	23.8475175	24.1165875	23.7295479	24.4542438	0.0822898191	1.28323868	0	100	0	0	3
639	59021	0	3.76036925	23.7681678	24.1108617	23.7295479	24.4542438	0.0822898191	1.28323868	0	100	0	0	3
640	59023	0	3.76625402	23.7239871	24.1041585	23.7239871	24.4542438	0.0822898191	1.28323868	0	100	0	0	3
641	59026	0	3.7721388	23.8676217	24.1005529	23.7239871	24.4542438	0.0822898191	1.28323868	0	100	0	0	3
642	59028	0	3.77802357	23.9190587	24.0974351	23.7239871	24.4542438	0.0833458914	1.28323868	0	100	0	0	3
643	59031	0	3.78390834	23.9672386	24.0937501	23.7239871	24.4542438	0.0858391817	1.28323868	0	100	0	0	3
644	59034	0	3.78979311	23.874329	24.0916483	23.7239871	24.4542438	0.085496282	1.28323868	0	100	0	0	3
645	59036	0	3.79567788	23.955682	24.0913322	23.7239871	24.4542438	0.0834442849	1.28323868	0	100	0	0	3
646	59039	0	3.80156266	23.9903432	24.0908759	23.7239871	24.4542438	0.0812148751	1.28323868	0	100	0	0	3
647	59041	0	3.80744743	24.2044202	24.0926124	23.7239871	24.4542438	0.0801952225	1.28323868	0	100	0	0	3
648	59044	0	3.8133322	24.239574	24.0931438	23.7239871	24.4542438	0.0779065146	1.28323868	0	100	0	0	3
649	59046	0	3.81921697	24.2311318	24.0952978	23.7239871	24.4542438	0.074616504	1.28323868	0	100	0	0	3
650	59049	0	3.82510174	24.1982663	24.0964906	23.7239871	24.4542438	0.0727350291	1.28323868	0	100	0	0	3
651	59052	0	3.83098651	24.2004461	24.097775	23.7239871	24.4542438	0.071470583	1.28323868	0	100	0	0	3
652	59054	0	3.83687129	24.1431682	24.0984218	23.7239871	24.4542438	0.0708506256	1.28323868	0	100	0	0	3
653	59057	0	3.84275606	24.3179401	24.1018589	23.7239871	24.4542438	0.0704191947	1.28323868	0	100	0	0	3
654	59059	0	3.84864083	24.3534832	24.1028224	23.7239871	24.4542438	0.0682943177	1.28323868	0	100	0	0	3
655	59062	0	3.8545256	24.3391452	24.10491	23.7239871	24.4542438	0.0655374388	1.28323868	0	100	0	0	3
656	59064	0	3.86041037	24.24021	24.1068161	23.7239871	24.4542438	0.0634918476	1.28323868	0	100	0	0	3
657	59067	0	3.86629515	24.3949898	24.1105077	23.7239871	24.4542438	0.061566952	1.28323868	0	100	0	0	3
658	59069	0	3.87217992	24.4311311	24.1149709	23.7239871	24.4542438	0.0605936974	1.28323868	0	100	0	0	3
659	59072	0	3.87806469	24.2601692	24.1163603	23.7239871	24.4542438	0.0596164369	1.28323868	0	100	0	0	3
660	59075	0	3.88394946	24.3215598	24.1185005	23.7239871	24.4542438	0.0564331985	1.28323868	0	100	0	0	3
661	59077	0	3.88983423	24.5608496	24.1247551	23.7239871	24.5608496	0.0564321421	1.28323868	0	100	0	0	3
662	59080	0	3.89571901	24.3885529	24.1275455	23.7239871	24.5608496	0.0564321421	1.28323868	0	100	0	0	3
663	59082	0	3.90160378	24.2379137	24.1296156	23.7239871	24.5608496	0.0564321421	1.28323868	0	100	0	0	3
664	59085	0	3.90748855	24.2852002	24.1331721	23.7239871	24.5608496	0.0564321421	1.28323868	0	100	0	0	3
665	59088	0	3.91337332	24.1686621	24.1347179	23.7239871	24.5608496	0.0564321421	1.28323868	0	100	0	0	3
666	59090	0	3.91925809	24.1811689	24.1361981	23.7239871	24.5608496	0.0563510086	1.28323868	0	100	0	0	3
667	59093	0	3.92514287	24.2217306	24.1413889	23.7239871	24.5608496	0.0563491455	1.28323868	0	100	0	0	3
668	59095	0	3.93102764	24.23168	24.1456979	23.7239871	24.5608496	0.0563491455	1.28323868	0	100	0	0	3
669	59098	0	3.93691241	24.3219568	24.1494551	23.7239871	24.5608496	0.0585791938	1.28323868	0	100	0	0	3
670	59100	0	3.94279718	24.2423432	24.152592	23.7239871	24.5608496	0.0617160326	1.28323868	0	100	0	0	3
671	59103	0	3.94868195	24.292577	24.1582878	23.7239871	24.5608496	0.0674119118	1.28323868	0	100	0	0	3
672	59105	0	3.95456673	24.1877788	24.1634262	23.7239871	24.5608496	0.0725502927	1.28323868	0	100	0	0	3
673	59108	0	3.9604515	24.0089405	24.1667132	23.7239871	24.5608496	0.0758372643	1.28323868	0	100	0	0	3
674	59111	0	3.96633627	24.1372567	24.1697716	23.7239871	24.5608496	0.0788956992	1.28323868	0	100	0	0	3
675	59113	0	3.97222104	24.2465412	24.1742554	23.7239871	24.5608496	0.0833794329	1.28323868	0	100	0	0	3
676	59116	0	3.97810581	24.124857	24.178525	23.7239871	24.5608496	0.0876491134	1.28323868	0	100	0	0	3
677	59118	0	3.98399058	23.9559626	24.1798339	23.7239871	24.5608496	0.0889579224	1.28323868	0	100	0	0	3
678	59121	0	3.98987536	24.0589514	24.1799221	23.7239871	24.5608496	0.0890461901	1.28323868	0	100	0	0	3
679	59124	0	3.99576013	23.9337618	24.1784031	23.7239871	24.5608496	0.0890461901	1.28323868	0	100	0	0	3
680	59127	0	4.0016449	23.9652684	24.1784055	23.7239871	24.5608496	0.0890461901	1.28323868	0	100	0	0	3
