Iteration	CPUTime	PhysTime	Travels	Value	AvValue	MinValue	MaxValue	Delta	Criteria	Progress	CriteriaType	CriteriaVarType	CriteriaPercentage
1	14	0	0.00588477191	-2.32190051	-2.32190051	-2.32190051	-2.32190051	0	0	0	0	0	0	3
2	18	0	0.0117695438	0.253100805	-1.03439985	-2.32190051	0.253100805	1.28750066	0	0	0	0	0	3
3	20	0	0.0176543157	2.02718828	-0.0138704733	-2.32190051	2.02718828	2.30803004	0	0	0	0	0	3
4	23	0	0.0235390876	-0.442055921	-0.120916835	-2.32190051	2.02718828	2.30803004	0	0	0	0	0	3
5	26	0	0.0294238596	0.692705524	0.0418076367	-2.32190051	2.02718828	2.36370815	0	0	0	0	0	3
6	28	0	0.0353086315	-0.924521129	-0.119247158	-2.32190051	2.02718828	2.36370815	0	0	0	0	0	3
7	30	0	0.0411934034	-0.0936025762	-0.115583646	-2.32190051	2.02718828	2.36370815	0	0	0	0	0	3
8	33	0	0.0470781753	-0.564030384	-0.171639488	-2.32190051	2.02718828	2.36370815	0	0	0	0	0	3
9	35	0	0.0529629472	0.0407220323	-0.148043764	-2.32190051	2.02718828	2.36370815	0	0	0	0	0	3
10	37	0	0.0588477191	-0.33557191	-0.166796578	-2.32190051	2.02718828	2.36370815	0	0	0	0	0	3
11	39	0	0.064732491	-0.143290473	-0.16465966	-2.32190051	2.02718828	2.36370815	0	0	0	0	0	3
12	41	0	0.0706172629	-0.388167315	-0.183285298	-2.32190051	2.02718828	2.36370815	0	0	0	0	0	3
13	44	0	0.0765020349	-0.471088216	-0.205423984	-2.32190051	2.02718828	2.36370815	0	0	0	0	0	3
14	46	0	0.0823868068	-0.518320476	-0.227773733	-2.32190051	2.02718828	2.36370815	0	0	0	0	0	3
15	48	0	0.0882715787	-0.313668219	-0.233500032	-2.32190051	2.02718828	2.36370815	0	0	0	0	0	3
16	50	0	0.0941563506	-0.517791093	-0.251268223	-2.32190051	2.02718828	2.36370815	0	0	0	0	0	3
17	52	0	0.100041123	-0.260664654	-0.251820955	-2.32190051	2.02718828	2.36370815	0	0	0	0	0	3
18	55	0	0.105925894	-0.33942085	-0.256687615	-2.32190051	2.02718828	2.36370815	0	0	0	0	0	3
19	57	0	0.111810666	-0.101761514	-0.24853361	-2.32190051	2.02718828	2.36370815	0	0	0	0	0	3
20	59	0	0.117695438	-0.249408171	-0.248577338	-2.32190051	2.02718828	2.36370815	0	0	0	0	0	3
21	62	0	0.12358021	-0.143668719	-0.24358169	-2.32190051	2.02718828	2.36370815	0	0	0	0	0	3
22	64	0	0.129464982	-0.203326097	-0.24175189	-2.32190051	2.02718828	2.36370815	0	0	0	0	0	3
23	66	0	0.135349754	-0.279615122	-0.243398117	-2.32190051	2.02718828	2.36370815	0	0	0	0	0	3
24	69	0	0.141234526	-0.112954522	-0.237962968	-2.32190051	2.02718828	2.36370815	0	0	0	0	0	3
25	71	0	0.147119298	-0.368192621	-0.243172154	-2.32190051	2.02718828	2.36370815	0	0	0	0	0	3
26	73	0	0.15300407	-0.16757847	-0.240264704	-2.32190051	2.02718828	2.36370815	0	0	0	0	0	3
27	76	0	0.158888842	-0.138978472	-0.236513362	-2.32190051	2.02718828	2.36370815	0	0	0	0	0	3
28	78	0	0.164773614	-0.0991191381	-0.231606426	-2.32190051	2.02718828	2.36370815	0	0	0	0	0	3
29	80	0	0.170658385	0.0733001184	-0.221092407	-2.32190051	2.02718828	2.36370815	0	0	0	0	0	3
30	82	0	0.176543157	0.0512913869	-0.212012947	-2.32190051	2.02718828	2.36370815	0	0	0	0	0	3
31	85	0	0.182427929	0.115646036	-0.201443303	-2.32190051	2.02718828	2.36370815	0	0	0	0	0	3
32	87	0	0.188312701	0.332804654	-0.184748054	-2.32190051	2.02718828	2.36370815	0	0	0	0	0	3
33	89	0	0.194197473	0.241943136	-0.171818018	-2.32190051	2.02718828	2.36370815	0	0	0	0	0	3
34	92	0	0.200082245	0.517344398	-0.151548535	-2.32190051	2.02718828	2.36370815	0	0	0	0	0	3
35	94	0	0.205967017	0.499870698	-0.132936557	-2.32190051	2.02718828	2.36370815	0	0	0	0	0	3
36	96	0	0.211851789	0.79846595	-0.107064265	-2.32190051	2.02718828	2.36370815	0	0	0	0	0	3
37	99	0	0.217736561	0.864923393	-0.0807943284	-2.32190051	2.02718828	2.36370815	0	0	0	0	0	3
38	101	0	0.223621333	0.963094993	-0.0533235568	-2.32190051	2.02718828	2.36370815	0	0	0	0	0	3
39	104	0	0.229506105	1.09225791	-0.0239496731	-2.32190051	2.02718828	2.36370815	0	0	0	0	0	3
40	106	0	0.235390876	1.41578672	0.0120437368	-2.32190051	2.02718828	2.36370815	0	0	0	0	0	3
41	109	0	0.241275648	1.58372147	0.0503773401	-2.32190051	2.02718828	2.37227785	0	0	0	0	0	3
42	111	0	0.24716042	1.59161928	0.0870735768	-2.32190051	2.02718828	2.40897409	0	0	0	0	0	3
43	114	0	0.253045192	1.60090704	0.122279006	-2.32190051	2.02718828	2.44417951	0	0	0	0	0	3
44	116	0	0.258929964	1.62693265	0.15647568	-2.32190051	2.02718828	2.47837619	0	0	0	0	0	3
45	119	0	0.264814736	1.41998263	0.184553612	-2.32190051	2.02718828	2.50645412	0	0	0	0	0	3
46	121	0	0.270699508	1.4995955	0.213141479	-2.32190051	2.02718828	2.53504199	0	0	0	0	0	3
47	124	0	0.27658428	1.44025231	0.23925022	-2.32190051	2.02718828	2.56115073	0	0	0	0	0	3
48	127	0	0.282469052	1.69954727	0.269673076	-2.32190051	2.02718828	2.59157358	0	0	0	0	0	3
49	129	0	0.288353824	1.74019822	0.299683793	-2.32190051	2.02718828	2.6215843	0	0	0	0	0	3
50	132	0	0.294238596	1.94888517	0.33266782	-2.32190051	2.02718828	2.65456833	0	0	0	0	0	3
51	134	0	0.300123368	1.89489599	0.363299745	-2.32190051	2.02718828	2.68520025	0	0	0	0	0	3
52	136	0	0.306008139	1.96723843	0.39414472	-2.32190051	2.02718828	2.71604523	0	0	0	0	0	3
53	139	0	0.311892911	2.06813649	0.42572947	-2.32190051	2.06813649	2.74762998	0	0	0	0	0	3
54	141	0	0.317777683	2.41669689	0.462599237	-2.32190051	2.41669689	2.78449975	0	0	0	0	0	3
55	144	0	0.323662455	2.45163055	0.498763443	-2.32190051	2.45163055	2.82066395	0	0	0	0	0	3
56	146	0	0.329547227	2.73683036	0.538728924	-2.32190051	2.73683036	2.86062943	0	0	0	0	0	3
57	148	0	0.335431999	2.81865925	0.578727701	-2.32190051	2.81865925	2.90062821	0	0	0	0	0	3
58	151	0	0.341316771	2.97922649	0.620115612	-2.32190051	2.97922649	2.94201612	0	0	0	0	0	3
59	153	0	0.347201543	2.8241353	0.657471878	-2.32190051	2.97922649	2.97937239	0	0	0	0	0	3
60	156	0	0.353086315	2.92347039	0.695238519	-2.32190051	2.97922649	3.01713903	0	0	0	0	0	3
61	159	0	0.358971087	2.9123958	0.73158536	-2.32190051	2.97922649	3.05348587	0	0	0	0	0	3
62	161	0	0.364855859	3.04141503	0.768840677	-2.32190051	3.04141503	3.09074119	0	0	0	0	0	3
63	164	0	0.37074063	2.91821621	0.802957749	-2.32190051	3.04141503	3.12485826	0	0	0	0	0	3
64	166	0	0.376625402	2.90509332	0.835803618	-2.32190051	3.04141503	3.15770413	0	0	0	0	0	3
65	169	0	0.382510174	2.85461373	0.866862235	-2.32190051	3.04141503	3.18876274	0	0	0	0	0	3
66	172	0	0.388394946	2.78805597	0.895971231	-2.32190051	3.04141503	3.21787174	0	0	0	0	0	3
67	174	0	0.394279718	2.80412102	0.924451079	-2.32190051	3.04141503	3.24635159	0	0	0	0	0	3
68	177	0	0.40016449	2.82506344	0.95240126	-2.32190051	3.04141503	3.27430177	0	0	0	0	0	3
69	179	0	0.406049262	2.79223819	0.979065564	-2.32190051	3.04141503	3.30096607	0	0	0	0	0	3
70	181	0	0.411934034	2.82463836	1.00543089	-2.32190051	3.04141503	3.3273314	0	0	0	0	0	3
71	184	0	0.417818806	2.73741382	1.02982502	-2.32190051	3.04141503	3.35172552	0	0	0	0	0	3
72	187	0	0.423703578	2.59618241	1.05157998	-2.32190051	3.04141503	3.37348049	0	0	0	0	0	3
73	189	0	0.42958835	2.36972671	1.06963678	-2.32190051	3.04141503	3.39153729	0	0	0	0	0	3
74	192	0	0.435473122	2.37138677	1.087228	-2.32190051	3.04141503	3.40912851	0	0	0	0	0	3
75	194	0	0.441357893	2.24390145	1.10265031	-2.32190051	3.04141503	3.42455082	0	0	0	0	0	3
76	197	0	0.447242665	2.17456989	1.11675452	-2.32190051	3.04141503	3.43865503	0	0	0	0	0	3
77	199	0	0.453127437	1.96799377	1.12780957	-2.32190051	3.04141503	3.44971008	0	0	0	0	0	3
78	202	0	0.459012209	1.92965295	1.13808962	-2.32190051	3.04141503	3.45999012	0	0	0	0	0	3
79	204	0	0.464896981	1.63848903	1.14442379	-2.32190051	3.04141503	3.46632429	0	0	0	0	0	3
80	207	0	0.470781753	1.51018026	1.14899574	-2.32190051	3.04141503	3.47089625	0	0	0	0	0	3
81	209	0	0.476666525	1.36300033	1.15163777	-2.32190051	3.04141503	3.47353828	0	0	0	0	0	3
82	211	0	0.482551297	1.4499153	1.1552753	-2.32190051	3.04141503	3.47717581	0	0	0	0	0	3
83	214	0	0.488436069	1.30772571	1.15711206	-2.32190051	3.04141503	3.47901256	0	0	0	0	0	3
84	216	0	0.494320841	1.37169763	1.15966665	-2.32190051	3.04141503	3.48156715	0	0	0	0	0	3
85	219	0	0.500205613	1.36789153	1.16211635	-2.32190051	3.04141503	3.48401686	0	0	0	0	0	3
86	221	0	0.506090384	1.56409876	1.20783399	-0.924521129	3.04141503	2.24223384	0	0	0	0	0	3
87	224	0	0.511975156	1.72787204	1.22518424	-0.924521129	3.04141503	1.48187185	0	0	0	0	0	3
88	226	0	0.517859928	1.84451271	1.22303511	-0.924521129	3.04141503	1.48187185	0	0	0	0	0	3
89	229	0	0.5237447	2.00743275	1.25185263	-0.924521129	3.04141503	1.50854024	0	0	0	0	0	3
90	231	0	0.529629472	2.11255581	1.26855675	-0.924521129	3.04141503	1.52524436	0	0	0	0	0	3
91	234	0	0.535514244	2.28190407	1.3062794	-0.564030384	3.04141503	1.56296701	0	0	0	0	0	3
92	236	0	0.541399016	2.3755027	1.3353277	-0.564030384	3.04141503	1.59201531	0	0	0	0	0	3
93	239	0	0.547283788	2.35741371	1.36969763	-0.518320476	3.04141503	1.62638524	0	0	0	0	0	3
94	241	0	0.55316856	2.44930813	1.39803393	-0.518320476	3.04141503	1.65472155	0	0	0	0	0	3
95	244	0	0.559053332	2.37470405	1.42991953	-0.518320476	3.04141503	1.68660715	0	0	0	0	0	3
96	246	0	0.564938104	2.47039314	1.46066875	-0.518320476	3.04141503	1.71735637	0	0	0	0	0	3
97	249	0	0.570822876	2.44716719	1.49402563	-0.518320476	3.04141503	1.75071324	0	0	0	0	0	3
98	251	0	0.576707647	2.56415634	1.52973439	-0.518320476	3.04141503	1.786422	0	0	0	0	0	3
99	254	0	0.582592419	2.57285543	1.56610116	-0.517791093	3.04141503	1.82278878	0	0	0	0	0	3
100	257	0	0.588477191	2.71081776	1.60168335	-0.517791093	3.04141503	1.85837097	0	0	0	0	0	3
101	264	0	0.594361963	2.76090617	1.64025626	-0.368192621	3.04141503	1.89694388	0	0	0	0	0	3
102	266	0	0.600246735	2.70565534	1.67515414	-0.368192621	3.04141503	1.93184176	0	0	0	0	0	3
103	268	0	0.606131507	2.63136374	1.71010455	-0.368192621	3.04141503	1.95868189	0	0	0	0	0	3
104	271	0	0.612016279	2.64462554	1.74241499	-0.368192621	3.04141503	1.99099232	0	0	0	0	0	3
105	273	0	0.617901051	2.59405241	1.77586746	-0.368192621	3.04141503	2.01944915	0	0	0	0	0	3
106	275	0	0.623785823	2.48449924	1.80678709	-0.368192621	3.04141503	2.0501852	0	0	0	0	0	3
107	278	0	0.629670595	2.20367535	1.83510475	-0.368192621	3.04141503	2.07850287	0	0	0	0	0	3
108	280	0	0.635555367	2.02551452	1.86222392	-0.368192621	3.04141503	2.10539608	0	0	0	0	0	3
109	283	0	0.641440138	1.7929406	1.88464622	-0.368192621	3.04141503	2.12781837	0	0	0	0	0	3
110	285	0	0.64732491	1.62231304	1.90806393	-0.16757847	3.04141503	2.14832864	0	0	0	0	0	3
111	287	0	0.653209682	1.42042657	1.92674634	-0.138978472	3.04141503	2.16325971	0	0	0	0	0	3
112	290	0	0.659094454	1.41284851	1.94500313	-0.0991191381	3.04141503	2.17660956	0	0	0	0	0	3
113	292	0	0.664979226	1.34844507	1.9620333	0.0512913869	3.04141503	2.18312571	0	0	0	0	0	3
114	295	0	0.670863998	1.28555761	1.97629515	0.0512913869	3.04141503	2.1883081	0	0	0	0	0	3
115	297	0	0.67674877	1.07180116	1.98830115	0.115646036	3.04141503	2.18974445	0	0	0	0	0	3
116	300	0	0.682633542	1.05564148	1.99935992	0.241943136	3.04141503	2.18410797	0	0	0	0	0	3
117	302	0	0.688518314	0.959409703	2.00673174	0.241943136	3.04141503	2.17854976	0	0	0	0	0	3
118	305	0	0.694403086	1.04454202	2.01617408	0.499870698	3.04141503	2.16772262	0	0	0	0	0	3
119	307	0	0.700287858	0.857775976	2.02017916	0.499870698	3.04141503	2.15311572	0	0	0	0	0	3
120	310	0	0.706172629	1.05534516	2.02671415	0.79846595	3.04141503	2.13377842	0	0	0	0	0	3
121	312	0	0.712057401	0.973546369	2.02877392	0.857775976	3.04141503	2.10956825	0	0	0	0	0	3
122	315	0	0.717942173	1.10522883	2.03160105	0.857775976	3.04141503	2.0849246	0	0	0	0	0	3
123	317	0	0.723826945	1.07114292	2.0328722	0.857775976	3.04141503	2.05682187	0	0	0	0	0	3
124	320	0	0.729711717	1.2286169	2.03447642	0.857775976	3.04141503	2.02243269	0	0	0	0	0	3
125	322	0	0.735596489	1.34411152	2.03363318	0.857775976	3.04141503	1.98409908	0	0	0	0	0	3
126	325	0	0.741481261	1.56653019	2.03343093	0.857775976	3.04141503	1.94740285	0	0	0	0	0	3
127	327	0	0.747366033	1.76631083	2.03548613	0.857775976	3.04141503	1.91320712	0	0	0	0	0	3
128	329	0	0.753250805	1.86499994	2.0385931	0.857775976	3.04141503	1.88211742	0	0	0	0	0	3
129	332	0	0.759135577	1.93458764	2.04221257	0.857775976	3.04141503	1.85765896	0	0	0	0	0	3
130	334	0	0.765020349	2.04459373	2.04956094	0.857775976	3.04141503	1.83641946	0	0	0	0	0	3
131	337	0	0.770905121	2.11999668	2.05685978	0.857775976	3.04141503	1.81760956	0	0	0	0	0	3
132	339	0	0.776789892	2.23154324	2.06616908	0.857775976	3.04141503	1.79649601	0	0	0	0	0	3
133	341	0	0.782674664	2.29934331	2.07322551	0.857775976	3.04141503	1.77354171	0	0	0	0	0	3
134	343	0	0.788559436	2.51054788	2.08228844	0.857775976	3.04141503	1.74962062	0	0	0	0	0	3
135	346	0	0.794444208	2.52026928	2.08901061	0.857775976	3.04141503	1.72571086	0	0	0	0	0	3
136	348	0	0.80032898	2.70647261	2.09855857	0.857775976	3.04141503	1.70441385	0	0	0	0	0	3
137	350	0	0.806213752	2.72916772	2.10752244	0.857775976	3.04141503	1.68179297	0	0	0	0	0	3
138	352	0	0.812098524	2.89907464	2.11729819	0.857775976	3.04141503	1.65469895	0	0	0	0	0	3
139	355	0	0.817983296	2.95730822	2.12365832	0.857775976	3.04141503	1.62489488	0	0	0	0	0	3
140	357	0	0.823868068	3.15281459	2.13190754	0.857775976	3.15281459	1.59317862	0	0	0	0	0	3
141	359	0	0.82975284	3.12003837	2.13641587	0.857775976	3.15281459	1.55768817	0	0	0	0	0	3
142	361	0	0.835637612	3.23493423	2.14131323	0.857775976	3.23493423	1.52119762	0	0	0	0	0	3
143	364	0	0.841522383	3.38878343	2.14613154	0.857775976	3.38878343	1.48865967	0	0	0	0	0	3
144	366	0	0.847407155	3.52791498	2.1544113	0.857775976	3.52791498	1.45917279	0	0	0	0	0	3
145	369	0	0.853291927	3.64502444	2.16290018	0.857775976	3.64502444	1.43131482	0	0	0	0	0	3
146	371	0	0.859176699	3.76813862	2.17296774	0.857775976	3.76813862	1.40412706	0	0	0	0	0	3
147	374	0	0.865061471	3.8259582	2.18219766	0.857775976	3.8259582	1.37923991	0	0	0	0	0	3
148	377	0	0.870946243	3.89102103	2.19364242	0.857775976	3.89102103	1.3578388	0	0	0	0	0	3
149	379	0	0.876831015	3.87421643	2.20504387	0.857775976	3.89102103	1.33818163	0	0	0	0	0	3
150	382	0	0.882715787	3.93167381	2.21771516	0.857775976	3.93167381	1.32174393	0	0	0	0	0	3
151	384	0	0.888600559	3.83718696	2.23005788	0.857775976	3.93167381	1.3056068	0	0	0	0	0	3
152	387	0	0.894485331	3.80070278	2.24178237	0.857775976	3.93167381	1.28938111	0	0	0	0	0	3
153	389	0	0.900370103	3.79417488	2.25318368	0.857775976	3.93167381	1.27411812	0	0	0	0	0	3
154	392	0	0.906254875	3.82994475	2.265392	0.857775976	3.93167381	1.25996111	0	0	0	0	0	3
155	394	0	0.912139646	3.81053716	2.27699081	0.857775976	3.93167381	1.24716579	0	0	0	0	0	3
156	397	0	0.918024418	3.7262116	2.28862372	0.857775976	3.93167381	1.23704374	0	0	0	0	0	3
157	399	0	0.92390919	3.49380932	2.29918404	0.857775976	3.93167381	1.22954725	0	0	0	0	0	3
158	402	0	0.929793962	3.46374602	2.31205485	0.857775976	3.93167381	1.22482685	0	0	0	0	0	3
159	405	0	0.935678734	3.19181784	2.32170698	0.857775976	3.93167381	1.21905667	0	0	0	0	0	3
160	407	0	0.941563506	3.13825429	2.33222878	0.857775976	3.93167381	1.21547426	0	0	0	0	0	3
161	410	0	0.947448278	2.83291215	2.33997398	0.857775976	3.93167381	1.21216441	0	0	0	0	0	3
162	412	0	0.95333305	2.72063533	2.34882859	0.857775976	3.93167381	1.21073898	0	0	0	0	0	3
163	414	0	0.959217822	2.52910409	2.35588096	0.857775976	3.93167381	1.21145717	0	0	0	0	0	3
164	417	0	0.965102594	2.35097716	2.36426317	0.857775976	3.93167381	1.21526743	0	0	0	0	0	3
165	419	0	0.970987366	2.27630559	2.37327641	0.857775976	3.93167381	1.22163864	0	0	0	0	0	3
166	421	0	0.976872137	2.38466121	2.38529595	0.857775976	3.93167381	1.23002065	0	0	0	0	0	3
167	424	0	0.982756909	2.36423236	2.39605262	0.857775976	3.93167381	1.23894056	0	0	0	0	0	3
168	426	0	0.988641681	2.41240366	2.40904883	0.857775976	3.93167381	1.24938219	0	0	0	0	0	3
169	428	0	0.994526453	2.32259062	2.42023581	0.857775976	3.93167381	1.25811946	0	0	0	0	0	3
170	431	0	1.00041123	2.28401499	2.43101373	0.857775976	3.93167381	1.22317974	0.145685848	0	11.9	0	0	3
171	433	0	1.006296	2.13810988	2.4377668	0.857775976	3.93167381	1.21473169	0.145685848	0	11.9	0	0	3
172	436	0	1.01218077	2.08112076	2.44192267	0.857775976	3.93167381	1.21888756	0.145685848	0	11.9	0	0	3
173	438	0	1.01806554	1.9842849	2.44356705	0.857775976	3.93167381	1.19171442	0.145685848	0	12.2	0	0	3
174	440	0	1.02395031	1.97484294	2.44318364	0.857775976	3.93167381	1.1750103	0.145685848	0	12.3	0	0	3
175	443	0	1.02983508	1.90337134	2.44072265	0.857775976	3.93167381	1.13728765	0.145685848	0	12.8	0	0	3
176	445	0	1.03571986	1.86692744	2.43584057	0.857775976	3.93167381	1.10823935	0.145685848	0	13.1	0	0	3
177	448	0	1.04160463	1.7728956	2.42875107	0.857775976	3.93167381	1.07386942	0.145685848	0	13.5	0	0	3
178	450	0	1.0474894	1.7610614	2.42173516	0.857775976	3.93167381	1.04553312	0.145685848	0	13.9	0	0	3
179	453	0	1.05337417	1.81201414	2.41423759	0.857775976	3.93167381	1.01364752	0.145685848	0	14.3	0	0	3
180	455	0	1.05925894	1.86048547	2.40818796	0.857775976	3.93167381	0.982898297	0.145685848	0	14.8	0	0	3
181	458	0	1.06514372	1.8525777	2.40091954	0.857775976	3.93167381	0.94954142	0.145685848	0	15.3	0	0	3
182	460	0	1.07102849	1.96280847	2.3952212	0.857775976	3.93167381	0.913832661	0.145685848	0	15.9	0	0	3
183	463	0	1.07691326	2.03597516	2.3890073	0.857775976	3.93167381	0.877465885	0.145685848	0	16.6	0	0	3
184	465	0	1.08279803	2.24270797	2.38512322	0.857775976	3.93167381	0.841883697	0.145685848	0	17.3	0	0	3
185	468	0	1.0886828	2.28640576	2.38013013	0.857775976	3.93167381	0.803310788	0.145685848	0	18.1	0	0	3
186	471	0	1.09456758	2.35186273	2.37531786	0.857775976	3.93167381	0.768412906	0.145685848	0	18.9	0	0	3
187	473	0	1.10045235	2.35759616	2.37122305	0.857775976	3.93167381	0.733462499	0.145685848	0	19.8	0	0	3
188	475	0	1.10633712	2.39946698	2.36849485	0.857775976	3.93167381	0.701152063	0.145685848	0	20.7	0	0	3
189	478	0	1.11222189	2.37827002	2.36536125	0.857775976	3.93167381	0.667699586	0.145685848	0	21.8	0	0	3
190	480	0	1.11810666	2.30143224	2.36191866	0.857775976	3.93167381	0.636779963	0.145685848	0	22.8	0	0	3
191	482	0	1.12399144	2.11021945	2.35751537	0.857775976	3.93167381	0.608462299	0.145685848	0	23.9	0	0	3
192	484	0	1.12987621	2.01644733	2.35531269	0.857775976	3.93167381	0.581343127	0.145685848	0	25	0	0	3
193	486	0	1.13576098	1.83196825	2.35303567	0.857775976	3.93167381	0.558920831	0.145685848	0	26	0	0	3
194	489	0	1.14164575	1.77423903	2.35281566	0.857775976	3.93167381	0.535503117	0.145685848	0	27.2	0	0	3
195	491	0	1.14753052	1.58521231	2.35237918	0.857775976	3.93167381	0.516820705	0.145685848	0	28.1	0	0	3
196	493	0	1.15341529	1.58457521	2.35431034	0.857775976	3.93167381	0.498563917	0.145685848	0	29.2	0	0	3
197	495	0	1.15930007	1.42268476	2.35442606	0.857775976	3.93167381	0.48153375	0.145685848	0	30.2	0	0	3
198	497	0	1.16518484	1.4248389	2.35532481	0.857775976	3.93167381	0.467271897	0.145685848	0	31.1	0	0	3
199	500	0	1.17106961	1.30170319	2.35551476	0.857775976	3.93167381	0.4552659	0.145685848	0	32	0	0	3
200	502	0	1.17695438	1.26750669	2.35781717	0.857775976	3.93167381	0.44420713	0.145685848	0	32.7	0	0	3
201	509	0	1.18283915	1.27723288	2.36042413	0.857775976	3.93167381	0.436835306	0.145685848	0	33.3	0	0	3
202	511	0	1.18872393	1.32932177	2.36477604	0.857775976	3.93167381	0.427392966	0.145685848	0	34	0	0	3
203	513	0	1.1946087	1.27691717	2.36750986	0.857775976	3.93167381	0.423387889	0.145685848	0	34.4	0	0	3
204	515	0	1.20049347	1.29524602	2.37265657	0.973546369	3.93167381	0.416852895	0.145685848	0	34.9	0	0	3
205	517	0	1.20637824	1.26817413	2.37516044	0.973546369	3.93167381	0.414793125	0.145685848	0	35.1	0	0	3
206	520	0	1.21226301	1.33721171	2.37943886	1.07114292	3.93167381	0.411966003	0.145685848	0	35.3	0	0	3
207	522	0	1.21814779	1.41436785	2.38307579	1.07114292	3.93167381	0.41069485	0.145685848	0	35.4	0	0	3
208	524	0	1.22403256	1.5204075	2.38836125	1.2286169	3.93167381	0.410136115	0.145685848	0	35.5	0	0	3
209	526	0	1.22991733	1.63391943	2.39312952	1.26750669	3.93167381	0.410136115	0.145685848	0	35.5	0	0	3
210	528	0	1.2358021	1.70740953	2.39740361	1.26750669	3.93167381	0.410136115	0.145685848	0	35.5	0	0	3
211	530	0	1.24168687	1.85341576	2.40077874	1.26750669	3.93167381	0.40808092	0.145685848	0	35.7	0	0	3
212	533	0	1.24757165	1.84729676	2.40173151	1.26750669	3.93167381	0.404973945	0.145685848	0	35.9	0	0	3
213	535	0	1.25345642	1.90075597	2.40215217	1.26750669	3.93167381	0.401354474	0.145685848	0	36.2	0	0	3
214	537	0	1.25934119	1.88685481	2.40159061	1.26750669	3.93167381	0.394006109	0.145685848	0	36.9	0	0	3
215	539	0	1.26522596	2.00588918	2.40113526	1.26750669	3.93167381	0.386707271	0.145685848	0	37.6	0	0	3
216	541	0	1.27111073	2.02858837	2.40005987	1.26750669	3.93167381	0.377397966	0.145685848	0	38.6	0	0	3
217	544	0	1.2769955	1.96048102	2.3968709	1.26750669	3.93167381	0.370341542	0.145685848	0	39.3	0	0	3
218	546	0	1.28288028	1.89426909	2.39210532	1.26750669	3.93167381	0.361278605	0.145685848	0	40.3	0	0	3
219	549	0	1.28876505	1.79471139	2.38368372	1.26750669	3.93167381	0.354556439	0.145685848	0	41	0	0	3
220	551	0	1.29464982	1.76611342	2.37481129	1.26750669	3.93167381	0.345008479	0.145685848	0	42.2	0	0	3
221	554	0	1.30053459	1.77930226	2.36390341	1.26750669	3.93167381	0.336044605	0.145685848	0	43.3	0	0	3
222	556	0	1.30641936	1.82708215	2.35329064	1.26750669	3.93167381	0.326268862	0.145685848	0	44.6	0	0	3
223	559	0	1.31230414	1.86752814	2.3411548	1.26750669	3.93167381	0.319908729	0.145685848	0	45.5	0	0	3
224	561	0	1.31818891	2.03214033	2.33027047	1.26750669	3.93167381	0.311659505	0.145685848	0	46.7	0	0	3
225	564	0	1.32407368	2.08782787	2.31774121	1.26750669	3.93167381	0.307151175	0.145685848	0	47.4	0	0	3
226	566	0	1.32995845	2.23984491	2.30738599	1.26750669	3.93167381	0.302253822	0.145685848	0	48.1	0	0	3
227	569	0	1.33584322	2.23196455	2.29558635	1.26750669	3.93167381	0.297435505	0.145685848	0	48.9	0	0	3
228	571	0	1.341728	2.23941824	2.28206441	1.26750669	3.93167381	0.289155745	0.145685848	0	50.3	0	0	3
229	574	0	1.34761277	2.02819578	2.26442065	1.26750669	3.93167381	0.280666873	0.145685848	0	51.9	0	0	3
230	576	0	1.35349754	1.97050856	2.24472047	1.26750669	3.93167381	0.270599311	0.145685848	0	53.8	0	0	3
231	579	0	1.35938231	1.94982173	2.2233285	1.26750669	3.93167381	0.261369391	0.145685848	0	55.7	0	0	3
232	581	0	1.36526708	1.98254648	2.20164131	1.26750669	3.93167381	0.249924629	0.145685848	0	58.2	0	0	3
233	584	0	1.37115186	1.9687578	2.17902644	1.26750669	3.93167381	0.264540605	0.145685848	0	55	0	0	3
234	586	0	1.37703663	1.98717486	2.15682596	1.26750669	3.93167381	0.286741094	0.145685848	0	50.8	0	0	3
235	588	0	1.3829214	1.88087626	2.13269893	1.26750669	3.83718696	0.310868124	0.145685848	0	46.8	0	0	3
236	591	0	1.38880617	1.93635164	2.11033616	1.26750669	3.82994475	0.333230892	0.145685848	0	43.7	0	0	3
237	593	0	1.39469094	1.98885616	2.08902031	1.26750669	3.82994475	0.354546735	0.145685848	0	41	0	0	3
238	595	0	1.40057572	2.13228795	2.0694687	1.26750669	3.82994475	0.374098346	0.145685848	0	38.9	0	0	3
239	598	0	1.40646049	2.17094116	2.04995101	1.26750669	3.81053716	0.393616035	0.145685848	0	37	0	0	3
240	600	0	1.41234526	2.4476716	2.0339173	1.26750669	3.7262116	0.409649748	0.145685848	0	35.5	0	0	3
241	602	0	1.41823003	2.48102831	2.01926809	1.26750669	3.49380932	0.424298963	0.145685848	0	34.3	0	0	3
242	604	0	1.4241148	2.60571363	2.0088199	1.26750669	3.46374602	0.434747147	0.145685848	0	33.5	0	0	3
243	607	0	1.42999957	2.48568483	1.9973133	1.26750669	3.19181784	0.44625375	0.145685848	0	32.6	0	0	3
244	609	0	1.43588435	2.33858879	1.98727531	1.26750669	3.13825429	0.456291739	0.145685848	0	31.9	0	0	3
245	611	0	1.44176912	2.11756255	1.97526717	1.26750669	2.83291215	0.468299877	0.145685848	0	31.1	0	0	3
246	614	0	1.44765389	2.06381236	1.96621894	1.26750669	2.72063533	0.47734811	0.145685848	0	30.5	0	0	3
247	616	0	1.45353866	2.01002115	1.95785877	1.26750669	2.60571363	0.485708276	0.145685848	0	29.9	0	0	3
248	619	0	1.45942343	1.9482132	1.95102476	1.26750669	2.60571363	0.492542287	0.145685848	0	29.5	0	0	3
249	621	0	1.46530821	1.89825106	1.94569857	1.26750669	2.60571363	0.497868476	0.145685848	0	29.2	0	0	3
250	624	0	1.47119298	1.82299589	1.94036552	1.26750669	2.60571363	0.503201531	0.145685848	0	28.9	0	0	3
251	626	0	1.47707775	1.69379931	1.93223773	1.26750669	2.60571363	0.511329319	0.145685848	0	28.4	0	0	3
252	629	0	1.48296252	1.6799893	1.92418781	1.26750669	2.60571363	0.519379237	0.145685848	0	28	0	0	3
253	631	0	1.48884729	1.65410821	1.91526669	1.26750669	2.60571363	0.52830036	0.145685848	0	27.5	0	0	3
254	633	0	1.49473207	1.75747202	1.90861824	1.26750669	2.60571363	0.534948814	0.145685848	0	27.2	0	0	3
255	636	0	1.50061684	1.79441787	1.90285827	1.26750669	2.60571363	0.54070878	0.145685848	0	26.9	0	0	3
256	638	0	1.50650161	1.87883452	1.89980797	1.26750669	2.60571363	0.543759079	0.145685848	0	26.7	0	0	3
257	641	0	1.51238638	1.86671211	1.89728552	1.26750669	2.60571363	0.546281533	0.145685848	0	26.6	0	0	3
258	643	0	1.51827115	1.97767718	1.89720778	1.26750669	2.60571363	0.545975862	0.145685848	0	26.6	0	0	3
259	645	0	1.52415593	1.86674114	1.89593599	1.26750669	2.60571363	0.544786653	0.145685848	0	26.7	0	0	3
260	648	0	1.5300407	1.76519526	1.89431039	1.26750669	2.60571363	0.541530176	0.145685848	0	26.9	0	0	3
261	650	0	1.53592547	1.78462662	1.89334215	1.26750669	2.60571363	0.535408926	0.145685848	0	27.2	0	0	3
262	653	0	1.54181024	1.67875818	1.89223465	1.26750669	2.60571363	0.529500516	0.145685848	0	27.5	0	0	3
263	655	0	1.54769501	1.71832967	1.89173192	1.26750669	2.60571363	0.522505665	0.145685848	0	27.8	0	0	3
264	657	0	1.55357978	1.51367038	1.88822199	1.26750669	2.60571363	0.519965962	0.145685848	0	28	0	0	3
265	660	0	1.55946456	1.5367351	1.88441317	1.26750669	2.60571363	0.517739004	0.145685848	0	28.1	0	0	3
266	4264	0	1.56534933	1.39934944	1.87908107	1.26750669	2.60571363	0.523071101	0.145685848	0	27.8	0	0	3
267	4266	0	1.5712341	1.45804499	1.87314268	1.26750669	2.60571363	0.529009495	0.145685848	0	27.5	0	0	3
268	4268	0	1.57711887	1.42722558	1.86598092	1.26750669	2.60571363	0.536171255	0.145685848	0	27.1	0	0	3
269	4271	0	1.58300364	1.38537208	1.85589461	1.26750669	2.60571363	0.546257559	0.145685848	0	26.6	0	0	3
270	4274	0	1.58888842	1.3294987	1.84463688	1.26750669	2.60571363	0.557515289	0.145685848	0	26.1	0	0	3
271	4277	0	1.59477319	1.26551706	1.83185634	1.26551706	2.60571363	0.570295827	0.145685848	0	25.5	0	0	3
272	58057	0	1.60065796	1.18541018	1.81806592	1.18541018	2.60571363	0.58408625	0.145685848	0	24.9	0	0	3
273	58061	0	1.60654273	1.04420373	1.80212165	1.04420373	2.60571363	0.600030524	0.145685848	0	24.2	0	0	3
274	58065	0	1.6124275	0.892196643	1.78463843	0.892196643	2.60571363	0.61751374	0.145685848	0	23.5	0	0	3
275	58069	0	1.61831228	0.825832586	1.76727843	0.825832586	2.60571363	0.634873736	0.145685848	0	22.9	0	0	3
276	58072	0	1.62419705	0.71614671	1.75087758	0.71614671	2.60571363	0.651274591	0.145685848	0	22.3	0	0	3
277	58076	0	1.63008182	0.729741529	1.73573986	0.71614671	2.60571363	0.666412307	0.145685848	0	21.8	0	0	3
278	58080	0	1.63596659	0.711930824	1.72256295	0.711930824	2.60571363	0.679589218	0.145685848	0	21.4	0	0	3
279	58083	0	1.64185136	0.668969251	1.70955978	0.668969251	2.60571363	0.692592392	0.145685848	0	21	0	0	3
280	58086	0	1.64773614	0.648340448	1.69853776	0.648340448	2.60571363	0.703614413	0.145685848	0	20.7	0	0	3
281	58089	0	1.65362091	0.594041416	1.68688442	0.594041416	2.60571363	0.715267752	0.145685848	0	20.3	0	0	3
282	58092	0	1.65950568	0.477342803	1.67576275	0.477342803	2.60571363	0.726389422	0.145685848	0	20	0	0	3
283	58095	0	1.66539045	0.406469516	1.66378193	0.406469516	2.60571363	0.738370239	0.145685848	0	19.7	0	0	3
284	58098	0	1.67127522	0.600945257	1.65553772	0.406469516	2.60571363	0.74661445	0.145685848	0	19.5	0	0	3
285	58101	0	1.67716	0.680040821	1.64862636	0.406469516	2.60571363	0.753525813	0.145685848	0	19.3	0	0	3
286	58104	0	1.68304477	0.962227719	1.64492041	0.406469516	2.60571363	0.757231756	0.145685848	0	19.2	0	0	3
287	58107	0	1.68892954	1.16746162	1.64301618	0.406469516	2.60571363	0.759135993	0.145685848	0	19.1	0	0	3
288	58110	0	1.69481431	1.38068016	1.64423692	0.406469516	2.60571363	0.759135993	0.145685848	0	19.1	0	0	3
289	58113	0	1.70069908	1.44237838	1.64596789	0.406469516	2.60571363	0.759135993	0.145685848	0	19.1	0	0	3
290	58116	0	1.70658385	1.57228921	1.64954571	0.406469516	2.60571363	0.759135993	0.145685848	0	19.1	0	0	3
291	58118	0	1.71246863	1.52203955	1.65172016	0.406469516	2.60571363	0.759135993	0.145685848	0	19.1	0	0	3
292	58121	0	1.7183534	1.52358953	1.65300512	0.406469516	2.60571363	0.759135993	0.145685848	0	19.1	0	0	3
293	58123	0	1.72423817	1.5117771	1.65290358	0.406469516	2.60571363	0.759135993	0.145685848	0	19.1	0	0	3
294	58126	0	1.73012294	1.54994792	1.65191568	0.406469516	2.60571363	0.759135993	0.145685848	0	19.1	0	0	3
295	58129	0	1.73600771	1.61418001	1.65081887	0.406469516	2.60571363	0.759135993	0.145685848	0	19.1	0	0	3
296	58132	0	1.74189249	1.63149061	1.64820798	0.406469516	2.60571363	0.759135993	0.145685848	0	19.1	0	0	3
297	58134	0	1.74777726	1.48573765	1.64395435	0.406469516	2.60571363	0.759135993	0.145685848	0	19.1	0	0	3
298	58137	0	1.75366203	1.52009286	1.63947596	0.406469516	2.60571363	0.762114652	0.145685848	0	19.1	0	0	3
299	58140	0	1.7595468	1.36699701	1.63335998	0.406469516	2.60571363	0.767775278	0.145685848	0	18.9	0	0	3
300	58142	0	1.76543157	1.44785352	1.62679486	0.406469516	2.60571363	0.773265012	0.145685848	0	18.8	0	0	3
301	58149	0	1.77131635	1.38480998	1.61922099	0.406469516	2.60571363	0.777649908	0.145685848	0	18.7	0	0	3
302	58151	0	1.77720112	1.56826696	1.61460671	0.406469516	2.60571363	0.777498612	0.145685848	0	18.7	0	0	3
303	58154	0	1.78308589	1.68422393	1.61213559	0.406469516	2.60571363	0.771548126	0.145685848	0	18.8	0	0	3
304	58157	0	1.78897066	1.81193823	1.61233826	0.406469516	2.60571363	0.762675704	0.145685848	0	19.1	0	0	3
305	58159	0	1.79485543	1.8851022	1.61373813	0.406469516	2.60571363	0.751767817	0.145685848	0	19.3	0	0	3
306	58162	0	1.80074021	2.00698373	1.61641673	0.406469516	2.60571363	0.741155046	0.145685848	0	19.6	0	0	3
307	58164	0	1.80662498	2.11950645	1.61985702	0.406469516	2.60571363	0.729019205	0.145685848	0	19.9	0	0	3
308	58167	0	1.81250975	2.21782248	1.62397813	0.406469516	2.60571363	0.718134877	0.145685848	0	20.2	0	0	3
309	58169	0	1.81839452	2.13498327	1.62518805	0.406469516	2.60571363	0.705605621	0.145685848	0	20.6	0	0	3
310	58172	0	1.82427929	2.17137224	1.62617092	0.406469516	2.60571363	0.695250404	0.145685848	0	20.9	0	0	3
311	58174	0	1.83016406	2.08896533	1.62439587	0.406469516	2.60571363	0.683450761	0.145685848	0	21.3	0	0	3
312	58177	0	1.83604884	2.01612875	1.62185662	0.406469516	2.60571363	0.669928817	0.145685848	0	21.7	0	0	3
313	58179	0	1.84193361	1.90499725	1.61792226	0.406469516	2.60571363	0.652285062	0.145685848	0	22.3	0	0	3
314	58182	0	1.84781838	1.87292636	1.61609556	0.406469516	2.60571363	0.632584875	0.145685848	0	23	0	0	3
315	58184	0	1.85370315	1.6002697	1.61173981	0.406469516	2.60571363	0.611588696	0.145685848	0	23.8	0	0	3
316	58187	0	1.85958792	1.56915664	1.60726139	0.406469516	2.60571363	0.594379912	0.145685848	0	24.5	0	0	3
317	58189	0	1.8654727	1.33396053	1.59963097	0.406469516	2.60571363	0.579395473	0.145685848	0	25.1	0	0	3
318	58192	0	1.87135747	1.34745581	1.59232154	0.406469516	2.60571363	0.564504419	0.145685848	0	25.8	0	0	3
319	58195	0	1.87724224	1.20129803	1.58307593	0.406469516	2.60571363	0.549622999	0.145685848	0	26.5	0	0	3
320	58198	0	1.88312701	1.2692818	1.5758807	0.406469516	2.60571363	0.53445546	0.145685848	0	27.2	0	0	3
321	58200	0	1.88901178	1.30262069	1.56842504	0.406469516	2.60571363	0.520595275	0.145685848	0	27.9	0	0	3
322	58203	0	1.89489656	1.38416306	1.561311	0.406469516	2.60571363	0.508157701	0.145685848	0	28.6	0	0	3
323	58206	0	1.90078133	1.42204274	1.55295518	0.406469516	2.60571363	0.496995838	0.145685848	0	29.3	0	0	3
324	58208	0	1.9066661	1.53759971	1.5455041	0.406469516	2.60571363	0.488413201	0.145685848	0	29.8	0	0	3
325	58211	0	1.91255087	1.63632616	1.53595886	0.406469516	2.60571363	0.483309226	0.145685848	0	30.1	0	0	3
326	58214	0	1.91843564	1.83985035	1.52841559	0.406469516	2.60571363	0.480404312	0.145685848	0	30.3	0	0	3
327	58216	0	1.92432042	1.8720443	1.51978419	0.406469516	2.48568483	0.477529113	0.145685848	0	30.5	0	0	3
328	58219	0	1.93020519	1.9505356	1.51348831	0.406469516	2.33858879	0.473786998	0.145685848	0	30.7	0	0	3
329	58221	0	1.93608996	2.0813973	1.51046253	0.406469516	2.21782248	0.464804642	0.145685848	0	31.3	0	0	3
330	58224	0	1.94197473	2.13464156	1.51066346	0.406469516	2.21782248	0.455756409	0.145685848	0	31.9	0	0	3
331	58226	0	1.9478595	2.10593818	1.51115906	0.406469516	2.21782248	0.447396242	0.145685848	0	32.5	0	0	3
332	58229	0	1.95374427	2.14849799	1.5127882	0.406469516	2.21782248	0.440562232	0.145685848	0	33	0	0	3
333	58231	0	1.95962905	2.11042247	1.51469654	0.406469516	2.21782248	0.435236042	0.145685848	0	33.4	0	0	3
334	58233	0	1.96551382	2.02438106	1.51618042	0.406469516	2.21782248	0.429902987	0.145685848	0	33.8	0	0	3
335	58236	0	1.97139859	1.96763123	1.51788202	0.406469516	2.21782248	0.4217752	0.145685848	0	34.5	0	0	3
336	58238	0	1.97728336	1.92842805	1.52064235	0.406469516	2.21782248	0.413725282	0.145685848	0	35.2	0	0	3
337	58241	0	1.98316813	1.82018302	1.52229169	0.406469516	2.21782248	0.404804159	0.145685848	0	35.9	0	0	3
338	58243	0	1.98905291	1.78064936	1.52378041	0.406469516	2.21782248	0.398155705	0.145685848	0	36.5	0	0	3
339	58246	0	1.99493768	1.75457123	1.52374628	0.406469516	2.21782248	0.392395738	0.145685848	0	37.1	0	0	3
340	58248	0	2.00082245	1.62127934	1.52170936	0.406469516	2.21782248	0.38934544	0.145685848	0	37.4	0	0	3
341	58251	0	2.00670722	1.47816847	1.51699564	0.406469516	2.21782248	0.386822985	0.145685848	0	37.6	0	0	3
342	58253	0	2.01259199	1.37030858	1.5111556	0.406469516	2.21782248	0.386745247	0.145685848	0	37.6	0	0	3
343	58256	0	2.01847677	1.27676965	1.50290963	0.406469516	2.21782248	0.393026362	0.145685848	0	37	0	0	3
344	58259	0	2.02436154	1.07338244	1.493576	0.406469516	2.21782248	0.400734393	0.145685848	0	36.3	0	0	3
345	58262	0	2.03024631	1.0513099	1.48517735	0.406469516	2.21782248	0.408164799	0.145685848	0	35.6	0	0	3
346	58264	0	2.03613108	1.07652449	1.47684673	0.406469516	2.21782248	0.415387913	0.145685848	0	35	0	0	3
347	58267	0	2.04201585	1.12234869	1.47030074	0.406469516	2.21782248	0.421431181	0.145685848	0	34.5	0	0	3
348	58270	0	2.04790063	1.10373253	1.46307019	0.406469516	2.21782248	0.425151809	0.145685848	0	34.2	0	0	3
349	58273	0	2.0537854	0.956953922	1.45652058	0.406469516	2.21782248	0.427892587	0.145685848	0	34	0	0	3
350	58275	0	2.05967017	0.930738534	1.44939121	0.406469516	2.21782248	0.429689861	0.145685848	0	33.9	0	0	3
351	58278	0	2.06555494	0.932272239	1.44389618	0.406469516	2.21782248	0.429246493	0.145685848	0	33.9	0	0	3
352	58280	0	2.07143971	0.842312668	1.43665227	0.406469516	2.21782248	0.429328643	0.145685848	0	33.9	0	0	3
353	58283	0	2.07732449	0.858160774	1.42995739	0.406469516	2.21782248	0.425937218	0.145685848	0	34.2	0	0	3
354	58285	0	2.08320926	0.95007803	1.42483629	0.406469516	2.21782248	0.419800595	0.145685848	0	34.7	0	0	3
355	58288	0	2.08909403	0.865938025	1.41938263	0.406469516	2.21782248	0.412473712	0.145685848	0	35.3	0	0	3
356	58290	0	2.0949788	0.85464178	1.4145488	0.406469516	2.21782248	0.403517116	0.145685848	0	36.1	0	0	3
357	58293	0	2.10086357	0.83071793	1.41037595	0.406469516	2.21782248	0.391745692	0.145685848	0	37.1	0	0	3
358	58295	0	2.10674834	0.904552599	1.408733	0.406469516	2.21782248	0.375905431	0.145685848	0	38.7	0	0	3
359	58298	0	2.11263312	0.824558079	1.40793725	0.406469516	2.21782248	0.359341183	0.145685848	0	40.5	0	0	3
360	58300	0	2.11851789	1.00881659	1.41009001	0.406469516	2.21782248	0.342940327	0.145685848	0	42.4	0	0	3
361	58303	0	2.12440266	1.17177358	1.41545032	0.406469516	2.21782248	0.327802611	0.145685848	0	44.4	0	0	3
362	58306	0	2.13028743	1.29132433	1.42205718	0.406469516	2.21782248	0.314625701	0.145685848	0	46.3	0	0	3
363	58308	0	2.1361722	1.4607192	1.43086645	0.406469516	2.21782248	0.301622527	0.145685848	0	48.3	0	0	3
364	58311	0	2.14205698	1.57628565	1.44154076	0.406469516	2.21782248	0.290600505	0.145685848	0	50.1	0	0	3
365	58314	0	2.14794175	1.66273063	1.45347477	0.406469516	2.21782248	0.278947166	0.145685848	0	52.2	0	0	3
366	58316	0	2.15382652	1.79501706	1.46760389	0.406469516	2.21782248	0.267825496	0.145685848	0	54.3	0	0	3
367	58319	0	2.15971129	1.86319316	1.48390801	0.406469516	2.21782248	0.25584468	0.145685848	0	56.9	0	0	3
368	58321	0	2.16559606	1.99768719	1.50262822	0.600945257	2.21782248	0.247600469	0.145685848	0	58.8	0	0	3
369	58324	0	2.17148084	2.01195845	1.51922838	0.680040821	2.21782248	0.245067866	0.145685848	0	59.4	0	0	3
370	58327	0	2.17736561	2.18042075	1.5368799	0.824558079	2.21782248	0.245067866	0.145685848	0	59.4	0	0	3
371	58329	0	2.18325038	2.26577792	1.55221579	0.824558079	2.26577792	0.245067866	0.145685848	0	59.4	0	0	3
372	58332	0	2.18913515	2.41522073	1.56689531	0.824558079	2.41522073	0.245067866	0.145685848	0	59.4	0	0	3
373	58335	0	2.19501992	2.52232292	1.5803264	0.824558079	2.52232292	0.245067866	0.145685848	0	59.4	0	0	3
374	58337	0	2.2009047	2.65322698	1.59457168	0.824558079	2.65322698	0.245067866	0.145685848	0	59.4	0	0	3
375	58340	0	2.20678947	2.62849965	1.60699768	0.824558079	2.65322698	0.245067866	0.145685848	0	59.4	0	0	3
376	58342	0	2.21267424	2.5769164	1.619408	0.824558079	2.65322698	0.245067866	0.145685848	0	59.4	0	0	3
377	58344	0	2.21855901	2.46441621	1.63047655	0.824558079	2.65322698	0.244966332	0.145685848	0	59.4	0	0	3
378	58347	0	2.22444378	2.33566013	1.64016929	0.824558079	2.65322698	0.243978432	0.145685848	0	59.7	0	0	3
379	58349	0	2.23032855	2.1729254	1.64749844	0.824558079	2.65322698	0.242881614	0.145685848	0	59.9	0	0	3
380	58352	0	2.23621333	2.04267337	1.65253953	0.824558079	2.65322698	0.244602282	0.145685848	0	59.5	0	0	3
381	58354	0	2.2420981	1.84426216	1.65504273	0.824558079	2.65322698	0.247105476	0.145685848	0	58.9	0	0	3
382	58357	0	2.24798287	1.69594477	1.65751575	0.824558079	2.65322698	0.249578501	0.145685848	0	58.3	0	0	3
383	58359	0	2.25386764	1.5769498	1.65818466	0.824558079	2.65322698	0.250247407	0.145685848	0	58.2	0	0	3
384	58362	0	2.25975241	1.51417698	1.65991619	0.824558079	2.65322698	0.251978936	0.145685848	0	57.8	0	0	3
385	58365	0	2.26563719	1.32426817	1.65846224	0.824558079	2.65322698	0.251978936	0.145685848	0	57.8	0	0	3
386	58368	0	2.27152196	1.19026264	1.65617345	0.824558079	2.65322698	0.251978936	0.145685848	0	57.8	0	0	3
387	58371	0	2.27740673	1.035544	1.64990612	0.824558079	2.65322698	0.251978936	0.145685848	0	57.8	0	0	3
388	58373	0	2.2832915	0.946707595	1.64122946	0.824558079	2.65322698	0.251978936	0.145685848	0	57.8	0	0	3
389	58376	0	2.28917627	0.831018721	1.62968923	0.824558079	2.65322698	0.251978936	0.145685848	0	57.8	0	0	3
390	58379	0	2.29506105	0.813049788	1.61707685	0.813049788	2.65322698	0.251978936	0.145685848	0	57.8	0	0	3
391	58381	0	2.30094582	0.777422683	1.60261142	0.777422683	2.65322698	0.251978936	0.145685848	0	57.8	0	0	3
392	58384	0	2.30683059	0.825866749	1.58739213	0.777422683	2.65322698	0.251978936	0.145685848	0	57.8	0	0	3
393	58387	0	2.31271536	0.990364613	1.57295145	0.777422683	2.65322698	0.251978936	0.145685848	0	57.8	0	0	3
394	58390	0	2.31860013	1.19854203	1.5619345	0.777422683	2.65322698	0.251978936	0.145685848	0	57.8	0	0	3
395	58392	0	2.32448491	1.24500494	1.55103606	0.777422683	2.65322698	0.251978936	0.145685848	0	57.8	0	0	3
396	58395	0	2.33036968	1.35358088	1.54238448	0.777422683	2.65322698	0.251978936	0.145685848	0	57.8	0	0	3
397	58397	0	2.33625445	1.36959833	1.53477824	0.777422683	2.65322698	0.251978936	0.145685848	0	57.8	0	0	3
398	58400	0	2.34213922	1.33313396	1.52805043	0.777422683	2.65322698	0.251978936	0.145685848	0	57.8	0	0	3
399	58402	0	2.34802399	1.39376871	1.52241328	0.777422683	2.65322698	0.251978936	0.145685848	0	57.8	0	0	3
400	58405	0	2.35390876	1.36589066	1.51965588	0.777422683	2.65322698	0.251978936	0.145685848	0	57.8	0	0	3
401	58412	0	2.35979354	1.37902162	1.517419	0.777422683	2.65322698	0.251978936	0.145685848	0	57.8	0	0	3
402	58415	0	2.36567831	1.42236155	1.51845901	0.777422683	2.65322698	0.251978936	0.145685848	0	57.8	0	0	3
403	58418	0	2.37156308	1.3241554	1.51818489	0.777422683	2.65322698	0.251978936	0.145685848	0	57.8	0	0	3
404	58420	0	2.37744785	1.30454024	1.5193995	0.777422683	2.65322698	0.251978936	0.145685848	0	57.8	0	0	3
405	58423	0	2.38333262	1.2510779	1.51918534	0.777422683	2.65322698	0.251978936	0.145685848	0	57.8	0	0	3
406	58426	0	2.3892174	1.37472288	1.5200336	0.777422683	2.65322698	0.251978936	0.145685848	0	57.8	0	0	3
407	58428	0	2.39510217	1.3754043	1.51993056	0.777422683	2.65322698	0.251978936	0.145685848	0	57.8	0	0	3
408	58431	0	2.40098694	1.53265094	1.52123183	0.777422683	2.65322698	0.251978936	0.145685848	0	57.8	0	0	3
409	58433	0	2.40687171	1.61204276	1.52210763	0.777422683	2.65322698	0.251978936	0.145685848	0	57.8	0	0	3
410	58436	0	2.41275648	1.65252123	1.52229816	0.777422683	2.65322698	0.251978936	0.145685848	0	57.8	0	0	3
411	58438	0	2.41864126	1.62458119	1.51976558	0.777422683	2.65322698	0.251978936	0.145685848	0	57.8	0	0	3
412	58441	0	2.42452603	1.60426745	1.51661527	0.777422683	2.65322698	0.251978936	0.145685848	0	57.8	0	0	3
413	58443	0	2.4304108	1.67648798	1.51339118	0.777422683	2.65322698	0.251978936	0.145685848	0	57.8	0	0	3
414	58446	0	2.43629557	1.92303045	1.51152804	0.777422683	2.65322698	0.251978936	0.145685848	0	57.8	0	0	3
415	58448	0	2.44218034	2.00484714	1.51000104	0.777422683	2.65322698	0.251978936	0.145685848	0	57.8	0	0	3
416	58450	0	2.44806512	2.12226121	1.51019308	0.777422683	2.65322698	0.251978936	0.145685848	0	57.8	0	0	3
417	58453	0	2.45394989	2.20459756	1.51085308	0.777422683	2.65322698	0.251978936	0.145685848	0	57.8	0	0	3
418	58455	0	2.45983466	2.20229541	1.51193393	0.777422683	2.65322698	0.251978936	0.145685848	0	57.8	0	0	3
419	58457	0	2.46571943	2.17868572	1.51374928	0.777422683	2.65322698	0.251978936	0.145685848	0	57.8	0	0	3
420	58460	0	2.4716042	2.29877187	1.51764505	0.777422683	2.65322698	0.251978936	0.145685848	0	57.8	0	0	3
421	58463	0	2.47748898	2.33673871	1.52244871	0.777422683	2.65322698	0.251978936	0.145685848	0	57.8	0	0	3
422	58465	0	2.48337375	2.43440778	1.52967488	0.777422683	2.65322698	0.251978936	0.145685848	0	57.8	0	0	3
423	58467	0	2.48925852	2.53241706	1.53851921	0.777422683	2.65322698	0.251978936	0.145685848	0	57.8	0	0	3
424	58470	0	2.49514329	2.71860146	1.54986074	0.777422683	2.71860146	0.251978936	0.145685848	0	57.8	0	0	3
425	58473	0	2.50102806	2.7859863	1.56356318	0.777422683	2.7859863	0.251978936	0.145685848	0	57.8	0	0	3
426	58475	0	2.50691283	2.84740189	1.5796718	0.777422683	2.84740189	0.251978936	0.145685848	0	57.8	0	0	3
427	58478	0	2.51279761	2.88870528	1.59753529	0.777422683	2.88870528	0.251978936	0.145685848	0	57.8	0	0	3
428	58480	0	2.51868238	2.84121473	1.61594053	0.777422683	2.88870528	0.251978936	0.145685848	0	57.8	0	0	3
429	58483	0	2.52456715	2.79568037	1.63620286	0.777422683	2.88870528	0.251978936	0.145685848	0	57.8	0	0	3
430	58485	0	2.53045192	2.81789638	1.65698623	0.777422683	2.88870528	0.251978936	0.145685848	0	57.8	0	0	3
431	58488	0	2.53633669	2.63664617	1.6753406	0.777422683	2.88870528	0.26740335	0.145685848	0	54.4	0	0	3
432	58490	0	2.54222147	2.59285193	1.69264064	0.777422683	2.88870528	0.284703388	0.145685848	0	51.1	0	0	3
433	58493	0	2.54810624	2.50247829	1.70909647	0.777422683	2.88870528	0.301159221	0.145685848	0	48.3	0	0	3
434	58495	0	2.55399101	2.36185565	1.72562473	0.777422683	2.88870528	0.317687476	0.145685848	0	45.8	0	0	3
435	58498	0	2.55987578	2.32430019	1.74201957	0.777422683	2.88870528	0.334082319	0.145685848	0	43.6	0	0	3
436	58500	0	2.56576055	2.36894041	1.75892155	0.777422683	2.88870528	0.350984298	0.145685848	0	41.5	0	0	3
437	58503	0	2.57164533	2.4173243	1.7774511	0.777422683	2.88870528	0.369513847	0.145685848	0	39.4	0	0	3
438	58505	0	2.5775301	2.41146484	1.79572526	0.777422683	2.88870528	0.387788012	0.145685848	0	37.5	0	0	3
439	58508	0	2.58341487	2.36069902	1.81232081	0.777422683	2.88870528	0.404383553	0.145685848	0	36	0	0	3
440	58510	0	2.58929964	2.28891839	1.82906175	0.777422683	2.88870528	0.421124499	0.145685848	0	34.5	0	0	3
441	58513	0	2.59518441	2.26536554	1.8456585	0.777422683	2.88870528	0.437721249	0.145685848	0	33.2	0	0	3
442	58516	0	2.60106919	2.18010956	1.8615337	0.777422683	2.88870528	0.453596444	0.145685848	0	32.1	0	0	3
443	58518	0	2.60695396	2.13294013	1.87598531	0.777422683	2.88870528	0.468048062	0.145685848	0	31.1	0	0	3
444	58521	0	2.61283873	2.12524257	1.89128748	0.777422683	2.88870528	0.48119748	0.145685848	0	30.2	0	0	3
445	58523	0	2.6187235	1.96836856	1.90257633	0.777422683	2.88870528	0.48712601	0.145685848	0	29.9	0	0	3
446	58526	0	2.62460827	1.88905085	1.91101489	0.777422683	2.88870528	0.48895771	0.145685848	0	29.7	0	0	3
447	58529	0	2.63049304	1.86770894	1.91779588	0.777422683	2.88870528	0.48692943	0.145685848	0	29.9	0	0	3
448	58531	0	2.63637782	1.94722246	1.92351945	0.777422683	2.88870528	0.481978687	0.145685848	0	30.2	0	0	3
449	58534	0	2.64226259	1.93476099	1.92773681	0.777422683	2.88870528	0.474262042	0.145685848	0	30.7	0	0	3
450	58536	0	2.64814736	1.97914971	1.93145939	0.777422683	2.88870528	0.463855494	0.145685848	0	31.4	0	0	3
451	58539	0	2.65403213	1.84374045	1.9320326	0.777422683	2.88870528	0.448124589	0.145685848	0	32.5	0	0	3
452	58542	0	2.6599169	1.8927499	1.93238033	0.777422683	2.88870528	0.429752107	0.145685848	0	33.8	0	0	3
453	58544	0	2.66580168	1.69292783	1.92879492	0.777422683	2.88870528	0.422379283	0.145685848	0	34.4	0	0	3
454	58547	0	2.67168645	1.76613099	1.92590284	0.777422683	2.88870528	0.422379283	0.145685848	0	34.4	0	0	3
455	58549	0	2.67757122	1.66351444	1.91982159	0.777422683	2.88870528	0.422379283	0.145685848	0	34.4	0	0	3
456	58552	0	2.68345599	1.77747849	1.91407689	0.777422683	2.88870528	0.422379283	0.145685848	0	34.4	0	0	3
457	58554	0	2.68934076	1.74842728	1.90623226	0.777422683	2.88870528	0.422379283	0.145685848	0	34.4	0	0	3
458	58557	0	2.69522554	1.86800589	1.89853441	0.777422683	2.88870528	0.422379283	0.145685848	0	34.4	0	0	3
459	58559	0	2.70111031	1.93011935	1.89002726	0.777422683	2.88870528	0.422379283	0.145685848	0	34.4	0	0	3
460	58562	0	2.70699508	2.03031544	1.8829898	0.777422683	2.88870528	0.422379283	0.145685848	0	34.4	0	0	3
461	58564	0	2.71287985	2.09164154	1.87728068	0.777422683	2.88870528	0.422379283	0.145685848	0	34.4	0	0	3
462	58566	0	2.71876462	2.22910838	1.87451236	0.777422683	2.88870528	0.422379283	0.145685848	0	34.4	0	0	3
463	58569	0	2.7246494	2.16371134	1.87248943	0.777422683	2.88870528	0.422379283	0.145685848	0	34.4	0	0	3
464	58571	0	2.73053417	2.21109261	1.87293846	0.777422683	2.88870528	0.422379283	0.145685848	0	34.4	0	0	3
465	58574	0	2.73641894	2.08651086	1.87345419	0.777422683	2.88870528	0.422379283	0.145685848	0	34.4	0	0	3
466	58576	0	2.74230371	2.07540216	1.87617349	0.777422683	2.88870528	0.422379283	0.145685848	0	34.4	0	0	3
467	58579	0	2.74818848	2.05991523	1.88045549	0.777422683	2.88870528	0.422379283	0.145685848	0	34.4	0	0	3
468	58581	0	2.75407326	2.15255646	1.88722733	0.777422683	2.88870528	0.422379283	0.145685848	0	34.4	0	0	3
469	58584	0	2.75995803	2.02584071	1.89324691	0.777422683	2.88870528	0.422379283	0.145685848	0	34.4	0	0	3
470	58587	0	2.7658428	2.24364625	1.90406312	0.777422683	2.88870528	0.422379283	0.145685848	0	34.4	0	0	3
471	58589	0	2.77172757	2.23564034	1.91636168	0.777422683	2.88870528	0.422379283	0.145685848	0	34.4	0	0	3
472	58592	0	2.77761234	2.32955296	1.93158532	0.777422683	2.88870528	0.422379283	0.145685848	0	34.4	0	0	3
473	58594	0	2.78349711	2.35596122	1.94816477	0.777422683	2.88870528	0.438163725	0.145685848	0	33.2	0	0	3
474	58596	0	2.78938189	2.41269996	1.96677278	0.777422683	2.88870528	0.45677174	0.145685848	0	31.8	0	0	3
475	58599	0	2.79526666	2.44453162	1.98596669	0.777422683	2.88870528	0.475965644	0.145685848	0	30.6	0	0	3
476	58601	0	2.80115143	2.57277017	2.00708842	0.825866749	2.88870528	0.497087379	0.145685848	0	29.3	0	0	3
477	58603	0	2.8070362	2.59466225	2.02789778	0.990364613	2.88870528	0.517896738	0.145685848	0	28.1	0	0	3
478	58606	0	2.81292097	2.76635362	2.04879177	1.19854203	2.88870528	0.538790726	0.145685848	0	27	0	0	3
479	58608	0	2.81880575	2.83347349	2.06802626	1.24500494	2.88870528	0.558025214	0.145685848	0	26.1	0	0	3
480	58611	0	2.82469052	2.98334002	2.08847726	1.2510779	2.98334002	0.578476215	0.145685848	0	25.1	0	0	3
481	58613	0	2.83057529	2.88227897	2.10646194	1.2510779	2.98334002	0.596460898	0.145685848	0	24.4	0	0	3
482	58616	0	2.83646006	2.90012405	2.12446813	1.2510779	2.98334002	0.614467083	0.145685848	0	23.7	0	0	3
483	58618	0	2.84234483	2.91392371	2.14306565	1.2510779	2.98334002	0.63306461	0.145685848	0	23	0	0	3
484	58620	0	2.84822961	2.88279387	2.1605836	1.2510779	2.98334002	0.650582553	0.145685848	0	22.3	0	0	3
485	58623	0	2.85411438	2.92228673	2.17889414	1.2510779	2.98334002	0.668893095	0.145685848	0	21.7	0	0	3
486	58625	0	2.85999915	3.0413291	2.1984507	1.2510779	3.0413291	0.688449653	0.145685848	0	21.1	0	0	3
487	58628	0	2.86588392	3.14940495	2.21876886	1.2510779	3.14940495	0.708767811	0.145685848	0	20.5	0	0	3
488	58631	0	2.87176869	3.29541079	2.2419601	1.2510779	3.29541079	0.731959051	0.145685848	0	19.9	0	0	3
489	58633	0	2.87765347	3.23534732	2.26467547	1.2510779	3.29541079	0.754674428	0.145685848	0	19.3	0	0	3
490	58636	0	2.88353824	3.23039764	2.28796159	1.37472288	3.29541079	0.777960543	0.145685848	0	18.7	0	0	3
491	58638	0	2.88942301	3.01059645	2.30720716	1.3754043	3.29541079	0.797206114	0.145685848	0	18.2	0	0	3
492	58641	0	2.89530778	2.88399868	2.32495533	1.53265094	3.29541079	0.814954283	0.145685848	0	17.8	0	0	3
493	58643	0	2.90119255	2.58271642	2.33730904	1.60426745	3.29541079	0.827307995	0.145685848	0	17.6	0	0	3
494	58646	0	2.90707732	2.31262876	2.34555123	1.60426745	3.29541079	0.835550183	0.145685848	0	17.4	0	0	3
495	58649	0	2.9129621	2.02282958	2.3499078	1.60426745	3.29541079	0.839906752	0.145685848	0	17.3	0	0	3
496	58651	0	2.91884687	1.76586164	2.35156992	1.60426745	3.29541079	0.841568875	0.145685848	0	17.3	0	0	3
497	58654	0	2.92473164	1.63387542	2.35191825	1.63387542	3.29541079	0.841917204	0.145685848	0	17.3	0	0	3
498	58656	0	2.93061641	1.64574932	2.35155662	1.63387542	3.29541079	0.841917204	0.145685848	0	17.3	0	0	3
499	58659	0	2.93650118	1.57386976	2.34744884	1.57386976	3.29541079	0.841917204	0.145685848	0	17.3	0	0	3
500	58661	0	2.94238596	1.61669856	2.34288239	1.57386976	3.29541079	0.841725168	0.145685848	0	17.3	0	0	3
501	58668	0	2.94827073	1.58833098	2.33660086	1.57386976	3.29541079	0.841065173	0.145685848	0	17.3	0	0	3
502	58671	0	2.9541555	1.71848977	2.33088194	1.57386976	3.29541079	0.839984315	0.145685848	0	17.3	0	0	3
503	58673	0	2.96004027	1.69742814	2.32494233	1.57386976	3.29541079	0.838168966	0.145685848	0	17.3	0	0	3
504	58676	0	2.96592504	1.89862853	2.32164754	1.57386976	3.29541079	0.834273194	0.145685848	0	17.4	0	0	3
505	58678	0	2.97180982	1.91485916	2.31713092	1.57386976	3.29541079	0.829469539	0.145685848	0	17.5	0	0	3
506	58680	0	2.97769459	2.07018142	2.31399495	1.57386976	3.29541079	0.822243366	0.145685848	0	17.7	0	0	3
507	58683	0	2.98357936	2.21839798	2.31145366	1.57386976	3.29541079	0.81339904	0.145685848	0	17.9	0	0	3
508	58685	0	2.98946413	2.306549	2.30879639	1.57386976	3.29541079	0.802057508	0.145685848	0	18.1	0	0	3
509	58688	0	2.9953489	2.43594019	2.30547096	1.57386976	3.29541079	0.788355073	0.145685848	0	18.4	0	0	3
510	58690	0	3.00123368	2.62850998	2.3036183	1.57386976	3.29541079	0.772246444	0.145685848	0	18.8	0	0	3
511	58693	0	3.00711845	2.89526226	2.30418136	1.57386976	3.29541079	0.754382954	0.145685848	0	19.3	0	0	3
512	58695	0	3.01300322	3.11328537	2.30682348	1.57386976	3.29541079	0.735977718	0.145685848	0	19.7	0	0	3
513	58698	0	3.01888799	3.3262182	2.3125294	1.57386976	3.3262182	0.715715389	0.145685848	0	20.3	0	0	3
514	58700	0	3.02477276	3.47028356	2.32046591	1.57386976	3.47028356	0.694932019	0.145685848	0	20.9	0	0	3
515	58703	0	3.03065753	3.42129837	2.32756476	1.57386976	3.47028356	0.676577646	0.145685848	0	21.5	0	0	3
516	58705	0	3.03654231	3.36195149	2.33609776	1.57386976	3.47028356	0.659277608	0.145685848	0	22	0	0	3
517	58708	0	3.04242708	3.26577499	2.3440145	1.57386976	3.47028356	0.642821775	0.145685848	0	22.6	0	0	3
518	58711	0	3.04831185	3.16066646	2.35175789	1.57386976	3.47028356	0.62629352	0.145685848	0	23.2	0	0	3
519	58713	0	3.05419662	2.87118827	2.35775004	1.57386976	3.47028356	0.61573047	0.145685848	0	23.6	0	0	3
520	58716	0	3.06008139	2.60824115	2.36109052	1.57386976	3.47028356	0.602168973	0.145685848	0	24.1	0	0	3
521	58718	0	3.06596617	2.39712497	2.36142211	1.57386976	3.47028356	0.583971008	0.145685848	0	24.9	0	0	3
522	58721	0	3.07185094	2.28814833	2.35990239	1.57386976	3.47028356	0.565696842	0.145685848	0	25.7	0	0	3
523	58723	0	3.07773571	2.10093957	2.35624915	1.57386976	3.47028356	0.549101301	0.145685848	0	26.5	0	0	3
524	58726	0	3.08362048	2.06816869	2.35280762	1.57386976	3.47028356	0.532360356	0.145685848	0	27.3	0	0	3
525	58729	0	3.08950525	2.04141781	2.34989585	1.57386976	3.47028356	0.515763606	0.145685848	0	28.2	0	0	3
526	58731	0	3.09539003	2.05421978	2.34741178	1.57386976	3.47028356	0.49988841	0.145685848	0	29.1	0	0	3
527	58734	0	3.1012748	2.04177306	2.34578429	1.57386976	3.47028356	0.488932677	0.145685848	0	29.7	0	0	3
528	58736	0	3.10715957	2.04481205	2.34474749	1.57386976	3.47028356	0.488932677	0.145685848	0	29.7	0	0	3
529	58739	0	3.11304434	2.12677105	2.34476547	1.57386976	3.47028356	0.488932677	0.145685848	0	29.7	0	0	3
530	58742	0	3.11892911	2.21174002	2.34762866	1.57386976	3.47028356	0.488932677	0.145685848	0	29.7	0	0	3
531	58744	0	3.12481389	2.21326347	2.35144293	1.57386976	3.47028356	0.488932677	0.145685848	0	29.7	0	0	3
532	58747	0	3.13069866	2.22858297	2.35568851	1.57386976	3.47028356	0.488932677	0.145685848	0	29.7	0	0	3
533	58750	0	3.13658343	2.25617133	2.3593232	1.57386976	3.47028356	0.488932677	0.145685848	0	29.7	0	0	3
534	58752	0	3.1424682	2.36659661	2.36440362	1.57386976	3.47028356	0.49191419	0.145685848	0	29.6	0	0	3
535	58755	0	3.14835297	2.22131919	2.36725267	1.57386976	3.47028356	0.494763243	0.145685848	0	29.4	0	0	3
536	58757	0	3.15423775	2.24969635	2.37202862	1.57386976	3.47028356	0.499539194	0.145685848	0	29.1	0	0	3
537	58760	0	3.16012252	2.28928001	2.37669368	1.57386976	3.47028356	0.504204255	0.145685848	0	28.8	0	0	3
538	58762	0	3.16600729	2.44774516	2.38557389	1.57386976	3.47028356	0.513084458	0.145685848	0	28.3	0	0	3
539	58765	0	3.17189206	2.42056903	2.39327316	1.57386976	3.47028356	0.520783729	0.145685848	0	27.9	0	0	3
540	58768	0	3.17777683	2.2782784	2.40050568	1.57386976	3.47028356	0.528016247	0.145685848	0	27.5	0	0	3
541	58770	0	3.1836616	2.25865454	2.40616657	1.57386976	3.47028356	0.533677141	0.145685848	0	27.2	0	0	3
542	58772	0	3.18954638	2.29320932	2.41257577	1.57386976	3.47028356	0.540086342	0.145685848	0	26.9	0	0	3
543	58775	0	3.19543115	2.2060191	2.4165524	1.57386976	3.47028356	0.544062968	0.145685848	0	26.7	0	0	3
544	58777	0	3.20131592	2.229377	2.42007308	1.57386976	3.47028356	0.547583646	0.145685848	0	26.6	0	0	3
545	58780	0	3.20720069	2.16574922	2.42166641	1.57386976	3.47028356	0.549176985	0.145685848	0	26.5	0	0	3
546	58782	0	3.21308546	2.37418511	2.42499046	1.57386976	3.47028356	0.552501027	0.145685848	0	26.3	0	0	3
547	58785	0	3.21897024	2.35460117	2.42646684	1.57386976	3.47028356	0.553977412	0.145685848	0	26.2	0	0	3
548	58788	0	3.22485501	2.44974831	2.42983198	1.57386976	3.47028356	0.556893527	0.145685848	0	26.1	0	0	3
549	58790	0	3.23073978	2.39653113	2.43201361	1.57386976	3.47028356	0.558559422	0.145685848	0	26	0	0	3
550	58792	0	3.23662455	2.51509456	2.43705577	1.57386976	3.47028356	0.560882289	0.145685848	0	25.9	0	0	3
551	58795	0	3.24250932	2.57166095	2.44289411	1.57386976	3.47028356	0.562438622	0.145685848	0	25.9	0	0	3
552	58797	0	3.2483941	2.72469899	2.4507151	1.57386976	3.47028356	0.563487764	0.145685848	0	25.8	0	0	3
553	58800	0	3.25427887	2.79816042	2.45831044	1.57386976	3.47028356	0.565063532	0.145685848	0	25.7	0	0	3
554	58802	0	3.26016364	2.86147153	2.46814139	1.57386976	3.47028356	0.56407827	0.145685848	0	25.8	0	0	3
555	58805	0	3.26604841	2.65036716	2.47292634	1.57386976	3.47028356	0.556564661	0.145685848	0	26.1	0	0	3
556	58807	0	3.27193318	2.53765318	2.47647943	1.57386976	3.47028356	0.544894118	0.145685848	0	26.7	0	0	3
557	58810	0	3.27781796	2.39657005	2.47726787	1.57386976	3.47028356	0.5291031	0.145685848	0	27.5	0	0	3
558	58812	0	3.28370273	2.30502791	2.47666865	1.57386976	3.47028356	0.510495085	0.145685848	0	28.5	0	0	3
559	58815	0	3.2895875	2.03733637	2.47225261	1.57386976	3.47028356	0.491301181	0.145685848	0	29.6	0	0	3
560	58817	0	3.29547227	1.94338263	2.46635674	1.57386976	3.47028356	0.470179446	0.145685848	0	30.9	0	0	3
561	58820	0	3.30135704	1.86270976	2.45800309	1.57386976	3.47028356	0.449370088	0.145685848	0	32.4	0	0	3
562	58822	0	3.30724181	1.92140484	2.45008241	1.57386976	3.47028356	0.428476099	0.145685848	0	34	0	0	3
563	58825	0	3.31312659	1.89711199	2.43985604	1.57386976	3.47028356	0.409241611	0.145685848	0	35.5	0	0	3
564	58828	0	3.31901136	1.92794835	2.4292028	1.57386976	3.47028356	0.38879061	0.145685848	0	37.4	0	0	3
565	58830	0	3.32489613	2.06149012	2.41835751	1.57386976	3.47028356	0.370805927	0.145685848	0	39.2	0	0	3
566	58833	0	3.3307809	2.16178666	2.40988113	1.57386976	3.47028356	0.352799742	0.145685848	0	41.2	0	0	3
567	58835	0	3.33666567	2.32473439	2.40311184	1.57386976	3.47028356	0.334202216	0.145685848	0	43.5	0	0	3
568	58838	0	3.34255045	2.49189188	2.39814676	1.57386976	3.47028356	0.316684273	0.145685848	0	46	0	0	3
569	58840	0	3.34843522	2.49300867	2.39356105	1.57386976	3.47028356	0.29837373	0.145685848	0	48.8	0	0	3
570	58843	0	3.35431999	2.48687153	2.38843852	1.57386976	3.47028356	0.278817172	0.145685848	0	52.2	0	0	3
571	58846	0	3.36020476	2.53041625	2.38242778	1.57386976	3.47028356	0.258499014	0.145685848	0	56.3	0	0	3
572	58848	0	3.36608953	2.53270654	2.37517251	1.57386976	3.47028356	0.235307774	0.145685848	0	61.9	0	0	3
573	58851	0	3.37197431	2.50308477	2.36585102	1.57386976	3.47028356	0.212592397	0.145685848	0	68.5	0	0	3
574	58853	0	3.37785908	2.47003025	2.35684729	1.57386976	3.47028356	0.189306282	0.145685848	0	76.9	0	0	3
575	58856	0	3.38374385	2.36665257	2.34668559	1.57386976	3.47028356	0.173649573	0.145685848	0	83.8	0	0	3
576	58858	0	3.38962862	2.25645556	2.33781334	1.57386976	3.47028356	0.173649573	0.145685848	0	83.8	0	0	3
577	58861	0	3.39551339	2.0608029	2.32812869	1.57386976	3.47028356	0.173649573	0.145685848	0	83.8	0	0	3
578	58864	0	3.40139817	1.94989546	2.32068373	1.57386976	3.47028356	0.173649573	0.145685848	0	83.8	0	0	3
579	58866	0	3.40728294	1.73560922	2.31389527	1.57386976	3.47028356	0.173649573	0.145685848	0	83.8	0	0	3
580	58869	0	3.41316771	1.638772	2.30937694	1.57386976	3.47028356	0.173649573	0.145685848	0	83.8	0	0	3
581	58871	0	3.41905248	1.50300332	2.30628449	1.50300332	3.47028356	0.173649573	0.145685848	0	83.8	0	0	3
582	58874	0	3.42493725	1.33091464	2.30272025	1.33091464	3.47028356	0.174547622	0.145685848	0	83.4	0	0	3
583	58877	0	3.43082202	1.18360472	2.29728325	1.18360472	3.47028356	0.179984617	0.145685848	0	80.9	0	0	3
584	58879	0	3.4367068	1.18625531	2.29272308	1.18360472	3.47028356	0.184544787	0.145685848	0	78.9	0	0	3
585	58881	0	3.44259157	0.925448313	2.28459073	0.925448313	3.47028356	0.192677143	0.145685848	0	75.6	0	0	3
586	58884	0	3.44847634	0.868551222	2.27612273	0.868551222	3.47028356	0.20114514	0.145685848	0	72.4	0	0	3
587	58886	0	3.45436111	0.740125154	2.26461256	0.740125154	3.47028356	0.212655312	0.145685848	0	68.5	0	0	3
588	58889	0	3.46024588	0.857749913	2.25473399	0.740125154	3.47028356	0.22253388	0.145685848	0	65.4	0	0	3
589	58891	0	3.46613066	0.821235568	2.24205878	0.740125154	3.47028356	0.235209091	0.145685848	0	61.9	0	0	3
590	58893	0	3.47201543	0.898323255	2.23009953	0.740125154	3.47028356	0.247168337	0.145685848	0	58.9	0	0	3
591	58896	0	3.4779002	1.06157343	2.21823356	0.740125154	3.47028356	0.259034313	0.145685848	0	56.2	0	0	3
592	58898	0	3.48378497	1.18302898	2.20605274	0.740125154	3.47028356	0.271215125	0.145685848	0	53.7	0	0	3
593	58901	0	3.48966974	1.38523983	2.19521381	0.740125154	3.47028356	0.282054056	0.145685848	0	51.6	0	0	3
594	58904	0	3.49555452	1.4659815	2.18380253	0.740125154	3.47028356	0.293465335	0.145685848	0	49.6	0	0	3
595	58906	0	3.50143929	1.51781281	2.17073551	0.740125154	3.47028356	0.30653236	0.145685848	0	47.5	0	0	3
596	58909	0	3.50732406	1.53981806	2.15478911	0.740125154	3.47028356	0.322478763	0.145685848	0	45.1	0	0	3
597	58911	0	3.51320883	1.67210652	2.13783406	0.740125154	3.47028356	0.339433808	0.145685848	0	42.9	0	0	3
598	58914	0	3.5190936	1.89498141	2.12099598	0.740125154	3.47028356	0.356271888	0.145685848	0	40.8	0	0	3
599	58916	0	3.52497838	2.08299754	2.10467497	0.740125154	3.42129837	0.3725929	0.145685848	0	39.1	0	0	3
600	58919	0	3.53086315	2.2702475	2.09113319	0.740125154	3.36195149	0.386134675	0.145685848	0	37.7	0	0	3
601	58926	0	3.53674792	2.30676221	2.0787192	0.740125154	3.26577499	0.398548666	0.145685848	0	36.5	0	0	3
602	58928	0	3.54263269	2.45570375	2.06918895	0.740125154	3.16066646	0.408078916	0.145685848	0	35.7	0	0	3
603	58931	0	3.54851746	2.44887827	2.06081497	0.740125154	2.87118827	0.416452895	0.145685848	0	34.9	0	0	3
604	58933	0	3.55440224	2.57955559	2.057384	0.740125154	2.86147153	0.419883868	0.145685848	0	34.6	0	0	3
605	58936	0	3.56028701	2.65856939	2.0579761	0.740125154	2.86147153	0.419883868	0.145685848	0	34.6	0	0	3
606	58938	0	3.56617178	2.63914326	2.06082337	0.740125154	2.86147153	0.419883868	0.145685848	0	34.6	0	0	3
607	58941	0	3.57205655	2.6368744	2.06492603	0.740125154	2.86147153	0.419883868	0.145685848	0	34.6	0	0	3
608	58943	0	3.57794132	2.63950059	2.07126204	0.740125154	2.86147153	0.419883868	0.145685848	0	34.6	0	0	3
609	58946	0	3.58382609	2.65594444	2.07817705	0.740125154	2.86147153	0.419883868	0.145685848	0	34.6	0	0	3
610	58949	0	3.58971087	2.73063298	2.08628547	0.740125154	2.86147153	0.419883868	0.145685848	0	34.6	0	0	3
611	58951	0	3.59559564	2.61879478	2.09292753	0.740125154	2.86147153	0.419883868	0.145685848	0	34.6	0	0	3
612	58954	0	3.60148041	2.73395416	2.10107083	0.740125154	2.86147153	0.419883868	0.145685848	0	34.6	0	0	3
613	58956	0	3.60736518	2.73565572	2.10919841	0.740125154	2.86147153	0.419883868	0.145685848	0	34.6	0	0	3
614	58959	0	3.61324995	2.83860531	2.11757293	0.740125154	2.86147153	0.419883868	0.145685848	0	34.6	0	0	3
615	58961	0	3.61913473	2.77878192	2.12424401	0.740125154	2.86147153	0.419883868	0.145685848	0	34.6	0	0	3
616	58964	0	3.6250195	2.83358329	2.13154189	0.740125154	2.86147153	0.419883868	0.145685848	0	34.6	0	0	3
617	58966	0	3.63090427	2.7727492	2.13794384	0.740125154	2.86147153	0.419883868	0.145685848	0	34.6	0	0	3
618	58969	0	3.63678904	2.87136347	2.1451814	0.740125154	2.87136347	0.419883868	0.145685848	0	34.6	0	0	3
619	58971	0	3.64267381	2.82563834	2.15058189	0.740125154	2.87136347	0.419883868	0.145685848	0	34.6	0	0	3
620	58974	0	3.64855859	2.88613578	2.15840326	0.740125154	2.88613578	0.419883868	0.145685848	0	34.6	0	0	3
621	58976	0	3.65444336	2.88814088	2.16591437	0.740125154	2.88814088	0.419883868	0.145685848	0	34.6	0	0	3
622	58979	0	3.66032813	2.89961438	2.17309478	0.740125154	2.89961438	0.419883868	0.145685848	0	34.6	0	0	3
623	58981	0	3.6662129	2.82456876	2.177528	0.740125154	2.89961438	0.419883868	0.145685848	0	34.6	0	0	3
624	58984	0	3.67209767	2.87735316	2.18290193	0.740125154	2.89961438	0.419883868	0.145685848	0	34.6	0	0	3
625	58986	0	3.67798245	3.01312612	2.19154719	0.740125154	3.01312612	0.419883868	0.145685848	0	34.6	0	0	3
626	58988	0	3.68386722	3.22854073	2.20295762	0.740125154	3.22854073	0.419883868	0.145685848	0	34.6	0	0	3
627	58991	0	3.68975199	3.36431828	2.2155589	0.740125154	3.36431828	0.419883868	0.145685848	0	34.6	0	0	3
628	58993	0	3.69563676	3.53450143	2.23118811	0.740125154	3.53450143	0.419883868	0.145685848	0	34.6	0	0	3
629	58995	0	3.70152153	3.66492677	2.24807693	0.740125154	3.66492677	0.419883868	0.145685848	0	34.6	0	0	3
630	58998	0	3.7074063	3.66067315	2.26566427	0.740125154	3.66492677	0.419883868	0.145685848	0	34.6	0	0	3
631	59000	0	3.71329108	3.45311186	2.27835752	0.740125154	3.66492677	0.419883868	0.145685848	0	34.6	0	0	3
632	59003	0	3.71917585	3.32776595	2.28980652	0.740125154	3.66492677	0.419883868	0.145685848	0	34.6	0	0	3
633	59005	0	3.72506062	3.07428113	2.29715397	0.740125154	3.66492677	0.419883868	0.145685848	0	34.6	0	0	3
634	59008	0	3.73094539	2.92338236	2.30335221	0.740125154	3.66492677	0.419883868	0.145685848	0	34.6	0	0	3
635	59011	0	3.73683016	2.67739587	2.30526164	0.740125154	3.66492677	0.419883868	0.145685848	0	34.6	0	0	3
636	59013	0	3.74271494	2.38606827	2.3030782	0.740125154	3.66492677	0.419883868	0.145685848	0	34.6	0	0	3
637	59016	0	3.74859971	2.18641111	2.2967454	0.740125154	3.66492677	0.419883868	0.145685848	0	34.6	0	0	3
638	59018	0	3.75448448	1.90981219	2.28629424	0.740125154	3.66492677	0.419883868	0.145685848	0	34.6	0	0	3
639	59021	0	3.76036925	1.76692589	2.27341724	0.740125154	3.66492677	0.419883868	0.145685848	0	34.6	0	0	3
640	59023	0	3.76625402	1.65328399	2.26168685	0.740125154	3.66492677	0.419883868	0.145685848	0	34.6	0	0	3
641	59026	0	3.7721388	1.60180306	2.25067685	0.740125154	3.66492677	0.419883868	0.145685848	0	34.6	0	0	3
642	59028	0	3.77802357	1.62573308	2.24160818	0.740125154	3.66492677	0.419284652	0.145685848	0	34.7	0	0	3
643	59031	0	3.78390834	1.62860373	2.23365024	0.740125154	3.66492677	0.41486861	0.145685848	0	35.1	0	0	3
644	59034	0	3.78979311	1.74113051	2.23016547	0.740125154	3.66492677	0.408972739	0.145685848	0	35.6	0	0	3
645	59036	0	3.79567788	1.80140582	2.22849515	0.740125154	3.66492677	0.400619087	0.145685848	0	36.3	0	0	3
646	59039	0	3.80156266	1.86004702	2.22846383	0.740125154	3.66492677	0.392698412	0.145685848	0	37	0	0	3
647	59041	0	3.80744743	1.94583425	2.22875123	0.740125154	3.66492677	0.38247204	0.145685848	0	38	0	0	3
648	59044	0	3.8133322	1.98976361	2.22984125	0.740125154	3.66492677	0.371818803	0.145685848	0	39.1	0	0	3
649	59046	0	3.81921697	2.0723258	2.23153981	0.740125154	3.66492677	0.36097351	0.145685848	0	40.3	0	0	3
650	59049	0	3.82510174	2.21640676	2.23336236	0.740125154	3.66492677	0.35249713	0.145685848	0	41.3	0	0	3
651	59052	0	3.83098651	2.357788	2.23566826	0.740125154	3.66492677	0.34572784	0.145685848	0	42.1	0	0	3
652	59054	0	3.83687129	2.50296672	2.23776511	0.740125154	3.66492677	0.340762759	0.145685848	0	42.7	0	0	3
653	59057	0	3.84275606	2.58478672	2.23885799	0.740125154	3.66492677	0.336177051	0.145685848	0	43.3	0	0	3
654	59059	0	3.84864083	2.66022905	2.24082529	0.740125154	3.66492677	0.331054519	0.145685848	0	44	0	0	3
655	59062	0	3.8545256	2.76647579	2.24411475	0.740125154	3.66492677	0.32504378	0.145685848	0	44.8	0	0	3
656	59064	0	3.86041037	2.75964639	2.24681157	0.740125154	3.66492677	0.317788505	0.145685848	0	45.8	0	0	3
657	59067	0	3.86629515	2.73760822	2.24922218	0.740125154	3.66492677	0.308467022	0.145685848	0	47.2	0	0	3
658	59069	0	3.87217992	2.81760574	2.25292243	0.740125154	3.66492677	0.299463292	0.145685848	0	48.6	0	0	3
659	59072	0	3.87806469	2.82442286	2.25709175	0.740125154	3.66492677	0.289301585	0.145685848	0	50.3	0	0	3
660	59075	0	3.88394946	2.96692877	2.26415383	0.740125154	3.66492677	0.28042934	0.145685848	0	51.9	0	0	3
661	59077	0	3.88983423	3.05623237	2.27356296	0.740125154	3.66492677	0.270744683	0.145685848	0	53.8	0	0	3
662	59080	0	3.89571901	3.12417661	2.28607324	0.740125154	3.66492677	0.263299731	0.145685848	0	55.3	0	0	3
663	59082	0	3.90160378	3.11653421	2.29979841	0.740125154	3.66492677	0.256511266	0.145685848	0	56.7	0	0	3
664	59085	0	3.90748855	3.15825042	2.31653536	0.740125154	3.66492677	0.259151359	0.145685848	0	56.2	0	0	3
665	59088	0	3.91337332	3.07433684	2.33342436	0.740125154	3.66492677	0.276040357	0.145685848	0	52.7	0	0	3
666	59090	0	3.91925809	3.01204702	2.35117781	0.740125154	3.66492677	0.293793812	0.145685848	0	49.5	0	0	3
667	59093	0	3.92514287	2.90857648	2.36973854	0.740125154	3.66492677	0.31235454	0.145685848	0	46.6	0	0	3
668	59095	0	3.93102764	2.8822074	2.3897221	0.740125154	3.66492677	0.3323381	0.145685848	0	43.8	0	0	3
669	59098	0	3.93691241	2.76928695	2.408346	0.740125154	3.66492677	0.350962002	0.145685848	0	41.5	0	0	3
670	59100	0	3.94279718	2.65502083	2.42869392	0.740125154	3.66492677	0.371309914	0.145685848	0	39.2	0	0	3
671	59103	0	3.94868195	2.52887507	2.44822714	0.740125154	3.66492677	0.390843136	0.145685848	0	37.2	0	0	3
672	59105	0	3.95456673	2.36272401	2.46731654	0.821235568	3.66492677	0.409932534	0.145685848	0	35.5	0	0	3
673	59108	0	3.9604515	2.20729967	2.48319359	0.821235568	3.66492677	0.42580959	0.145685848	0	34.2	0	0	3
674	59111	0	3.96633627	2.01617226	2.49725167	0.898323255	3.66492677	0.439867669	0.145685848	0	33.1	0	0	3
675	59113	0	3.97222104	1.87817177	2.5087793	1.06157343	3.66492677	0.451395298	0.145685848	0	32.2	0	0	3
676	59116	0	3.97810581	1.79021461	2.51735155	1.18302898	3.66492677	0.459967548	0.145685848	0	31.6	0	0	3
677	59118	0	3.98399058	1.60028136	2.5222604	1.38523983	3.66492677	0.464876399	0.145685848	0	31.3	0	0	3
678	59121	0	3.98987536	1.59209249	2.52469396	1.4659815	3.66492677	0.46730996	0.145685848	0	31.1	0	0	3
679	59124	0	3.99576013	1.5729919	2.52595291	1.51781281	3.66492677	0.468568906	0.145685848	0	31	0	0	3
680	59127	0	4.0016449	1.65080324	2.5275175	1.53981806	3.66492677	0.470133499	0.145685848	0	30.9	0	0	3
