Iteration	CPUTime	PhysTime	Travels	Value	AvValue	MinValue	MaxValue	Delta	Criteria	Progress	CriteriaType	CriteriaVarType	CriteriaPercentage
1	14	0	0.00588477191	293.200016	293.200016	293.200016	293.200016	0	0	0	0	0	0	3
2	18	0	0.0117695438	293.200021	293.200018	293.200016	293.200021	2.36096446e-06	0	0	0	0	0	3
3	20	0	0.0176543157	293.200021	293.200019	293.200016	293.200021	3.07706233e-06	0	0	0	0	0	3
4	23	0	0.0235390876	293.200019	293.200019	293.200016	293.200021	3.09032032e-06	0	0	0	0	0	3
5	26	0	0.0294238596	293.200018	293.200019	293.200016	293.200021	3.09032032e-06	0	0	0	0	0	3
6	28	0	0.0353086315	293.200015	293.200018	293.200015	293.200021	3.09032032e-06	0	0	0	0	0	3
7	30	0	0.0411934034	293.200012	293.200017	293.200012	293.200021	3.09032032e-06	0	0	0	0	0	3
8	33	0	0.0470781753	293.200008	293.200016	293.200008	293.200021	3.09032032e-06	0	0	0	0	0	3
9	35	0	0.0529629472	293.200004	293.200015	293.200004	293.200021	4.35244482e-06	0	0	0	0	0	3
10	37	0	0.0588477191	293.2	293.200013	293.2	293.200021	5.81088835e-06	0	0	0	0	0	3
11	39	0	0.064732491	293.199995	293.200012	293.199995	293.200021	7.49660256e-06	0	0	0	0	0	3
12	41	0	0.0706172629	293.19999	293.20001	293.19999	293.200021	9.34232469e-06	0	0	0	0	0	3
13	44	0	0.0765020349	293.199984	293.200008	293.199984	293.200021	1.12958326e-05	0	0	0	0	0	3
14	46	0	0.0823868068	293.19998	293.200006	293.19998	293.200021	1.33225144e-05	0	0	0	0	0	3
15	48	0	0.0882715787	293.199975	293.200004	293.199975	293.200021	1.53932211e-05	0	0	0	0	0	3
16	50	0	0.0941563506	293.199968	293.200002	293.199968	293.200021	1.76266371e-05	0	0	0	0	0	3
17	52	0	0.100041123	293.199962	293.199999	293.199962	293.200021	1.99696206e-05	0	0	0	0	0	3
18	55	0	0.105925894	293.199956	293.199997	293.199956	293.200021	2.23859976e-05	0	0	0	0	0	3
19	57	0	0.111810666	293.19995	293.199994	293.19995	293.200021	2.48448989e-05	0	0	0	0	0	3
20	59	0	0.117695438	293.199945	293.199992	293.199945	293.200021	2.73271585e-05	0	0	0	0	0	3
21	62	0	0.12358021	293.199937	293.199989	293.199937	293.200021	2.9930792e-05	0	0	0	0	0	3
22	64	0	0.129464982	293.19993	293.199987	293.19993	293.200021	3.26192762e-05	0	0	0	0	0	3
23	66	0	0.135349754	293.199924	293.199984	293.199924	293.200021	3.53610705e-05	0	0	0	0	0	3
24	69	0	0.141234526	293.199917	293.199981	293.199917	293.200021	3.81356161e-05	0	0	0	0	0	3
25	71	0	0.147119298	293.199911	293.199978	293.199911	293.200021	4.09261589e-05	0	0	0	0	0	3
26	73	0	0.15300407	293.199903	293.199975	293.199903	293.200021	4.38281374e-05	0	0	0	0	0	3
27	76	0	0.158888842	293.199895	293.199972	293.199895	293.200021	4.68142047e-05	0	0	0	0	0	3
28	78	0	0.164773614	293.199887	293.199969	293.199887	293.200021	4.98630375e-05	0	0	0	0	0	3
29	80	0	0.170658385	293.19988	293.199966	293.19988	293.200021	5.29598448e-05	0	0	0	0	0	3
30	82	0	0.176543157	293.199872	293.199963	293.199872	293.200021	5.60936493e-05	0	0	0	0	0	3
31	85	0	0.182427929	293.199861	293.19996	293.199861	293.200021	5.93712759e-05	0	0	0	0	0	3
32	87	0	0.188312701	293.199851	293.199956	293.199851	293.200021	6.27751166e-05	0	0	0	0	0	3
33	89	0	0.194197473	293.19984	293.199953	293.19984	293.200021	6.62935368e-05	0	0	0	0	0	3
34	92	0	0.200082245	293.19983	293.199949	293.19983	293.200021	6.9921334e-05	0	0	0	0	0	3
35	94	0	0.205967017	293.199819	293.199946	293.199819	293.200021	7.36560617e-05	0	0	0	0	0	3
36	96	0	0.211851789	293.199801	293.199942	293.199801	293.200021	7.76707887e-05	0	0	0	0	0	3
37	99	0	0.217736561	293.199783	293.199937	293.199783	293.200021	8.19684863e-05	0	0	0	0	0	3
38	101	0	0.223621333	293.199763	293.199933	293.199763	293.200021	8.6554838e-05	0	0	0	0	0	3
39	104	0	0.229506105	293.199743	293.199928	293.199743	293.200021	9.14276723e-05	0	0	0	0	0	3
40	106	0	0.235390876	293.199722	293.199923	293.199722	293.200021	9.65761762e-05	0	0	0	0	0	3
41	109	0	0.241275648	293.199692	293.199917	293.199692	293.200021	0.000102189029	0	0	0	0	0	3
42	111	0	0.24716042	293.199666	293.199911	293.199666	293.200021	0.00010816468	0	0	0	0	0	3
43	114	0	0.253045192	293.199644	293.199905	293.199644	293.200021	0.000114371893	0	0	0	0	0	3
44	116	0	0.258929964	293.199627	293.199899	293.199627	293.200021	0.000120675569	0	0	0	0	0	3
45	119	0	0.264814736	293.199616	293.199892	293.199616	293.200021	0.000126952668	0	0	0	0	0	3
46	121	0	0.270699508	293.199609	293.199886	293.199609	293.200021	0.000133105025	0	0	0	0	0	3
47	124	0	0.27658428	293.199606	293.19988	293.199606	293.200021	0.000139064127	0	0	0	0	0	3
48	127	0	0.282469052	293.199605	293.199874	293.199605	293.200021	0.00014479179	0	0	0	0	0	3
49	129	0	0.288353824	293.199606	293.199869	293.199605	293.200021	0.000150270852	0	0	0	0	0	3
50	132	0	0.294238596	293.199607	293.199864	293.199605	293.200021	0.000155503508	0	0	0	0	0	3
51	134	0	0.300123368	293.199609	293.199859	293.199605	293.200021	0.000160503398	0	0	0	0	0	3
52	136	0	0.306008139	293.19961	293.199854	293.199605	293.200021	0.0001652885	0	0	0	0	0	3
53	139	0	0.311892911	293.199611	293.199849	293.199605	293.200021	0.000169878452	0	0	0	0	0	3
54	141	0	0.317777683	293.199611	293.199845	293.199605	293.200021	0.000174291825	0	0	0	0	0	3
55	144	0	0.323662455	293.199611	293.199841	293.199605	293.200021	0.00017854465	0	0	0	0	0	3
56	146	0	0.329547227	293.199611	293.199837	293.199605	293.200021	0.000182652571	0	0	0	0	0	3
57	148	0	0.335431999	293.19961	293.199833	293.199605	293.200021	0.000186624865	0	0	0	0	0	3
58	151	0	0.341316771	293.19961	293.199829	293.199605	293.200021	0.000190468409	0	0	0	0	0	3
59	153	0	0.347201543	293.199609	293.199825	293.199605	293.200021	0.000194187556	0	0	0	0	0	3
60	156	0	0.353086315	293.199609	293.199821	293.199605	293.200021	0.000197787554	0	0	0	0	0	3
61	159	0	0.358971087	293.199609	293.199818	293.199605	293.200021	0.000201269805	0	0	0	0	0	3
62	161	0	0.364855859	293.199609	293.199815	293.199605	293.200021	0.000204640122	0	0	0	0	0	3
63	164	0	0.37074063	293.199609	293.199811	293.199605	293.200021	0.000207904098	0	0	0	0	0	3
64	166	0	0.376625402	293.199609	293.199808	293.199605	293.200021	0.000211067159	0	0	0	0	0	3
65	169	0	0.382510174	293.199609	293.199805	293.199605	293.200021	0.000214133689	0	0	0	0	0	3
66	172	0	0.388394946	293.199609	293.199802	293.199605	293.200021	0.000217108351	0	0	0	0	0	3
67	174	0	0.394279718	293.199609	293.199799	293.199605	293.200021	0.000219995462	0	0	0	0	0	3
68	177	0	0.40016449	293.199609	293.199796	293.199605	293.200021	0.000222798286	0	0	0	0	0	3
69	179	0	0.406049262	293.199609	293.199794	293.199605	293.200021	0.000225520599	0	0	0	0	0	3
70	181	0	0.411934034	293.199609	293.199791	293.199605	293.200021	0.000228165435	0	0	0	0	0	3
71	184	0	0.417818806	293.199608	293.199788	293.199605	293.200021	0.00023073845	0	0	0	0	0	3
72	187	0	0.423703578	293.199608	293.199786	293.199605	293.200021	0.000233241804	0	0	0	0	0	3
73	189	0	0.42958835	293.199608	293.199784	293.199605	293.200021	0.000235678178	0	0	0	0	0	3
74	192	0	0.435473122	293.199608	293.199781	293.199605	293.200021	0.000238050102	0	0	0	0	0	3
75	194	0	0.441357893	293.199608	293.199779	293.199605	293.200021	0.000240359491	0	0	0	0	0	3
76	197	0	0.447242665	293.199608	293.199777	293.199605	293.200021	0.000242609327	0	0	0	0	0	3
77	199	0	0.453127437	293.199608	293.199774	293.199605	293.200021	0.000244801603	0	0	0	0	0	3
78	202	0	0.459012209	293.199608	293.199772	293.199605	293.200021	0.000246938769	0	0	0	0	0	3
79	204	0	0.464896981	293.199608	293.19977	293.199605	293.200021	0.000249023202	0	0	0	0	0	3
80	207	0	0.470781753	293.199608	293.199768	293.199605	293.200021	0.000251056624	0	0	0	0	0	3
81	209	0	0.476666525	293.199607	293.199766	293.199605	293.200021	0.000253039891	0	0	0	0	0	3
82	211	0	0.482551297	293.199607	293.199764	293.199605	293.200021	0.000254975295	0	0	0	0	0	3
83	214	0	0.488436069	293.199607	293.199762	293.199605	293.200021	0.000256864994	0	0	0	0	0	3
84	216	0	0.494320841	293.199607	293.19976	293.199605	293.200021	0.000258710972	0	0	0	0	0	3
85	219	0	0.500205613	293.199607	293.199759	293.199605	293.200021	0.000260514413	0	0	0	0	0	3
86	221	0	0.506090384	293.199607	293.199754	293.199605	293.200021	0.000265325052	0	0	0	0	0	3
87	224	0	0.511975156	293.199607	293.199749	293.199605	293.200021	0.000270191151	0	0	0	0	0	3
88	226	0	0.517859928	293.199607	293.199744	293.199605	293.200019	0.000275054373	0	0	0	0	0	3
89	229	0	0.5237447	293.199607	293.199739	293.199605	293.200018	0.000279612923	0	0	0	0	0	3
90	231	0	0.529629472	293.199607	293.199734	293.199605	293.200015	0.000283811262	0	0	0	0	0	3
91	234	0	0.535514244	293.199607	293.19973	293.199605	293.200012	0.000287677112	0	0	0	0	0	3
92	236	0	0.541399016	293.199608	293.199725	293.199605	293.200008	0.00029126285	0	0	0	0	0	3
93	239	0	0.547283788	293.199608	293.19972	293.199605	293.200004	0.000294635064	0	0	0	0	0	3
94	241	0	0.55316856	293.199608	293.199716	293.199605	293.2	0.000297837982	0	0	0	0	0	3
95	244	0	0.559053332	293.199608	293.199711	293.199605	293.199995	0.000300765734	0	0	0	0	0	3
96	246	0	0.564938104	293.199608	293.199706	293.199605	293.19999	0.000303468408	0	0	0	0	0	3
97	249	0	0.570822876	293.199608	293.199702	293.199605	293.199984	0.000305999772	0	0	0	0	0	3
98	251	0	0.576707647	293.199608	293.199697	293.199605	293.19998	0.000308396774	0	0	0	0	0	3
99	254	0	0.582592419	293.199609	293.199693	293.199605	293.199975	0.000310690057	0	0	0	0	0	3
100	257	0	0.588477191	293.199609	293.199689	293.199605	293.199968	0.000312763731	0	0	0	0	0	3
101	264	0	0.594361963	293.199609	293.199685	293.199605	293.199962	0.000314648623	0	0	0	0	0	3
102	266	0	0.600246735	293.199609	293.19968	293.199605	293.199956	0.000316385934	0	0	0	0	0	3
103	268	0	0.606131507	293.199609	293.199676	293.199605	293.19995	0.000318009917	0	0	0	0	0	3
104	271	0	0.612016279	293.199609	293.199672	293.199605	293.199945	0.00031954455	0	0	0	0	0	3
105	273	0	0.617901051	293.199609	293.199668	293.199605	293.199937	0.000320894799	0	0	0	0	0	3
106	275	0	0.623785823	293.199609	293.199665	293.199605	293.19993	0.000322072028	0	0	0	0	0	3
107	278	0	0.629670595	293.199609	293.199661	293.199605	293.199924	0.000318311446	0	0	0	0	0	3
108	280	0	0.635555367	293.199608	293.199657	293.199605	293.199917	0.000312041829	0	0	0	0	0	3
109	283	0	0.641440138	293.199608	293.199653	293.199605	293.199911	0.000306092806	0	0	0	0	0	3
110	285	0	0.64732491	293.199608	293.19965	293.199605	293.199903	0.000297614395	0	0	0	0	0	3
111	287	0	0.653209682	293.199608	293.199646	293.199605	293.199895	0.000289540038	0	0	0	0	0	3
112	290	0	0.659094454	293.199608	293.199643	293.199605	293.199887	0.000281810471	0	0	0	0	0	3
113	292	0	0.664979226	293.199608	293.19964	293.199605	293.19988	0.000274321547	0	0	0	0	0	3
114	295	0	0.670863998	293.199608	293.199636	293.199605	293.199872	0.000267018013	0	0	0	0	0	3
115	297	0	0.67674877	293.199608	293.199633	293.199605	293.199861	0.000256291919	0	0	0	0	0	3
116	300	0	0.682633542	293.199607	293.19963	293.199605	293.199851	0.000245697816	0	0	0	0	0	3
117	302	0	0.688518314	293.199607	293.199628	293.199605	293.19984	0.000235109009	0	0	0	0	0	3
118	305	0	0.694403086	293.199607	293.199625	293.199605	293.19983	0.000224353349	0	0	0	0	0	3
119	307	0	0.700287858	293.199607	293.199622	293.199605	293.199819	0.000213355195	0	0	0	0	0	3
120	310	0	0.706172629	293.199607	293.19962	293.199605	293.199801	0.000195805757	0	0	0	0	0	3
121	312	0	0.712057401	293.199607	293.199617	293.199605	293.199783	0.000177306396	0	0	0	0	0	3
122	315	0	0.717942173	293.199607	293.199615	293.199605	293.199763	0.000157742137	0	0	0	0	0	3
123	317	0	0.723826945	293.199607	293.199614	293.199605	293.199743	0.000137396621	0	0	0	0	0	3
124	320	0	0.729711717	293.199607	293.199612	293.199605	293.199722	0.000116624163	0	0	0	0	0	3
125	322	0	0.735596489	293.199607	293.199611	293.199605	293.199692	8.72888388e-05	0	0	0	0	0	3
126	325	0	0.741481261	293.199607	293.19961	293.199605	293.199666	6.08256524e-05	0	0	0	0	0	3
127	327	0	0.747366033	293.199607	293.199609	293.199605	293.199644	3.89171416e-05	0	0	0	0	0	3
128	329	0	0.753250805	293.199608	293.199608	293.199605	293.199627	2.2258366e-05	0	0	0	0	0	3
129	332	0	0.759135577	293.199608	293.199608	293.199605	293.199616	1.08469425e-05	0	0	0	0	0	3
130	334	0	0.765020349	293.199608	293.199608	293.199605	293.199611	5.7947895e-06	0	0	0	0	0	3
131	337	0	0.770905121	293.199608	293.199608	293.199605	293.199611	5.7947895e-06	0	0	0	0	0	3
132	339	0	0.776789892	293.199608	293.199608	293.199605	293.199611	5.7947895e-06	0	0	0	0	0	3
133	341	0	0.782674664	293.199608	293.199608	293.199606	293.199611	5.06861505e-06	0	0	0	0	0	3
134	343	0	0.788559436	293.199608	293.199608	293.199607	293.199611	3.88760537e-06	0	0	0	0	0	3
135	346	0	0.794444208	293.199608	293.199608	293.199607	293.199611	3.88760537e-06	0	0	0	0	0	3
136	348	0	0.80032898	293.199608	293.199608	293.199607	293.199611	3.88760537e-06	0	0	0	0	0	3
137	350	0	0.806213752	293.199608	293.199608	293.199607	293.199611	3.88760537e-06	0	0	0	0	0	3
138	352	0	0.812098524	293.199608	293.199608	293.199607	293.199611	3.88760537e-06	0	0	0	0	0	3
139	355	0	0.817983296	293.199609	293.199608	293.199607	293.199611	3.88760537e-06	0	0	0	0	0	3
140	357	0	0.823868068	293.199609	293.199608	293.199607	293.199611	3.49660286e-06	0	0	0	0	0	3
141	359	0	0.82975284	293.199609	293.199608	293.199607	293.19961	3.01147202e-06	0	0	0	0	0	3
142	361	0	0.835637612	293.199609	293.199608	293.199607	293.19961	2.53442965e-06	0	0	0	0	0	3
143	364	0	0.841522383	293.199609	293.199608	293.199607	293.199609	2.18672943e-06	0	0	0	0	0	3
144	366	0	0.847407155	293.199609	293.199608	293.199607	293.199609	1.93010379e-06	0	0	0	0	0	3
145	369	0	0.853291927	293.199609	293.199608	293.199607	293.199609	2.03244798e-06	0	0	0	0	0	3
146	371	0	0.859176699	293.199609	293.199608	293.199607	293.199609	2.14183314e-06	0	0	0	0	0	3
147	374	0	0.865061471	293.199609	293.199608	293.199607	293.199609	2.26201905e-06	0	0	0	0	0	3
148	377	0	0.870946243	293.199609	293.199608	293.199607	293.199609	2.34022434e-06	0	0	0	0	0	3
149	379	0	0.876831015	293.19961	293.199608	293.199607	293.19961	2.44335899e-06	0	0	0	0	0	3
150	382	0	0.882715787	293.19961	293.199608	293.199607	293.19961	2.52760771e-06	0	0	0	0	0	3
151	384	0	0.888600559	293.19961	293.199608	293.199607	293.19961	2.61693856e-06	0	0	0	0	0	3
152	387	0	0.894485331	293.19961	293.199608	293.199607	293.19961	2.66758616e-06	0	0	0	0	0	3
153	389	0	0.900370103	293.19961	293.199608	293.199607	293.19961	2.67841239e-06	0	0	0	0	0	3
154	392	0	0.906254875	293.19961	293.199608	293.199607	293.19961	2.67841239e-06	0	0	0	0	0	3
155	394	0	0.912139646	293.19961	293.199608	293.199607	293.19961	2.67841239e-06	0	0	0	0	0	3
156	397	0	0.918024418	293.19961	293.199608	293.199607	293.19961	2.67841239e-06	0	0	0	0	0	3
157	399	0	0.92390919	293.199609	293.199608	293.199607	293.19961	2.67841239e-06	0	0	0	0	0	3
158	402	0	0.929793962	293.199609	293.199608	293.199607	293.19961	2.67841239e-06	0	0	0	0	0	3
159	405	0	0.935678734	293.199609	293.199608	293.199607	293.19961	2.67841239e-06	0	0	0	0	0	3
160	407	0	0.941563506	293.199609	293.199608	293.199607	293.19961	2.67841239e-06	0	0	0	0	0	3
161	410	0	0.947448278	293.199609	293.199608	293.199607	293.19961	2.67841239e-06	0	0	0	0	0	3
162	412	0	0.95333305	293.199609	293.199608	293.199607	293.19961	2.67841239e-06	0	0	0	0	0	3
163	414	0	0.959217822	293.199609	293.199608	293.199607	293.19961	2.67841239e-06	0	0	0	0	0	3
164	417	0	0.965102594	293.199609	293.199608	293.199607	293.19961	2.67841239e-06	0	0	0	0	0	3
165	419	0	0.970987366	293.199609	293.199608	293.199607	293.19961	2.67841239e-06	0	0	0	0	0	3
166	421	0	0.976872137	293.199609	293.199608	293.199607	293.19961	2.67841239e-06	0	0	0	0	0	3
167	424	0	0.982756909	293.199609	293.199608	293.199607	293.19961	2.67841239e-06	0	0	0	0	0	3
168	426	0	0.988641681	293.199608	293.199608	293.199607	293.19961	2.67841239e-06	0	0	0	0	0	3
169	428	0	0.994526453	293.199608	293.199608	293.199607	293.19961	2.67841239e-06	0	0	0	0	0	3
170	431	0	1.00041123	293.199608	293.199608	293.199607	293.19961	2.67841239e-06	1.24623279e-05	0	0	0	0	3
171	433	0	1.006296	293.199608	293.199608	293.199607	293.19961	2.67841239e-06	1.24623279e-05	0	0	0	0	3
172	436	0	1.01218077	293.199608	293.199608	293.199607	293.19961	2.67841239e-06	1.24623279e-05	0	0	0	0	3
173	438	0	1.01806554	293.199608	293.199608	293.199607	293.19961	2.67841239e-06	1.24623279e-05	0	0	0	0	3
174	440	0	1.02395031	293.199608	293.199608	293.199607	293.19961	2.67841239e-06	1.24623279e-05	0	0	0	0	3
175	443	0	1.02983508	293.199608	293.199608	293.199607	293.19961	2.67841239e-06	1.24623279e-05	0	0	0	0	3
176	445	0	1.03571986	293.199608	293.199608	293.199607	293.19961	2.67841239e-06	1.24623279e-05	0	0	0	0	3
177	448	0	1.04160463	293.199608	293.199608	293.199607	293.19961	2.67841239e-06	1.24623279e-05	0	0	0	0	3
178	450	0	1.0474894	293.199608	293.199608	293.199607	293.19961	2.67841239e-06	1.24623279e-05	0	0	0	0	3
179	453	0	1.05337417	293.199608	293.199608	293.199607	293.19961	2.67841239e-06	1.24623279e-05	0	0	0	0	3
180	455	0	1.05925894	293.199608	293.199608	293.199607	293.19961	2.67841239e-06	1.24623279e-05	0	0	0	0	3
181	458	0	1.06514372	293.199608	293.199608	293.199607	293.19961	2.67841239e-06	1.24623279e-05	0	0	0	0	3
182	460	0	1.07102849	293.199608	293.199608	293.199607	293.19961	2.67841239e-06	1.24623279e-05	0	0	0	0	3
183	463	0	1.07691326	293.199608	293.199608	293.199607	293.19961	2.67841239e-06	1.24623279e-05	0	0	0	0	3
184	465	0	1.08279803	293.199608	293.199608	293.199607	293.19961	2.67841239e-06	1.24623279e-05	0	0	0	0	3
185	468	0	1.0886828	293.199608	293.199608	293.199607	293.19961	2.67841239e-06	1.24623279e-05	0	0	0	0	3
186	471	0	1.09456758	293.199608	293.199608	293.199607	293.19961	2.67841239e-06	1.24623279e-05	0	0	0	0	3
187	473	0	1.10045235	293.199609	293.199608	293.199607	293.19961	2.67841239e-06	1.24623279e-05	0	0	0	0	3
188	475	0	1.10633712	293.199609	293.199608	293.199607	293.19961	2.67841239e-06	1.24623279e-05	0	0	0	0	3
189	478	0	1.11222189	293.199609	293.199608	293.199607	293.19961	2.67841239e-06	1.24623279e-05	0	0	0	0	3
190	480	0	1.11810666	293.199609	293.199608	293.199607	293.19961	2.67841239e-06	1.24623279e-05	0	0	0	0	3
191	482	0	1.12399144	293.199609	293.199608	293.199607	293.19961	2.67841239e-06	1.24623279e-05	0	0	0	0	3
192	484	0	1.12987621	293.199609	293.199608	293.199607	293.19961	2.67841239e-06	1.24623279e-05	0	0	0	0	3
193	486	0	1.13576098	293.199609	293.199608	293.199607	293.19961	2.67841239e-06	1.24623279e-05	0	0	0	0	3
194	489	0	1.14164575	293.199608	293.199608	293.199607	293.19961	2.67841239e-06	1.24623279e-05	0	0	0	0	3
195	491	0	1.14753052	293.199608	293.199608	293.199607	293.19961	2.67841239e-06	1.24623279e-05	0	0	0	0	3
196	493	0	1.15341529	293.199608	293.199608	293.199607	293.19961	2.67841239e-06	1.24623279e-05	0	0	0	0	3
197	495	0	1.15930007	293.199608	293.199608	293.199607	293.19961	2.67841239e-06	1.24623279e-05	0	0	0	0	3
198	497	0	1.16518484	293.199608	293.199608	293.199607	293.19961	2.67841239e-06	1.24623279e-05	0	0	0	0	3
199	500	0	1.17106961	293.199608	293.199608	293.199607	293.19961	2.67841239e-06	1.24623279e-05	0	0	0	0	3
200	502	0	1.17695438	293.199608	293.199608	293.199607	293.19961	2.67841239e-06	1.24623279e-05	0	0	0	0	3
201	509	0	1.18283915	293.199608	293.199608	293.199607	293.19961	2.67841239e-06	1.24623279e-05	0	0	0	0	3
202	511	0	1.18872393	293.199607	293.199608	293.199607	293.19961	2.67841239e-06	1.24623279e-05	0	0	0	0	3
203	513	0	1.1946087	293.199607	293.199608	293.199607	293.19961	2.67841239e-06	1.24623279e-05	0	0	0	0	3
204	515	0	1.20049347	293.199608	293.199608	293.199607	293.19961	2.67841239e-06	1.24623279e-05	0	0	0	0	3
205	517	0	1.20637824	293.199608	293.199608	293.199607	293.19961	2.67841239e-06	1.24623279e-05	0	0	0	0	3
206	520	0	1.21226301	293.199608	293.199608	293.199607	293.19961	2.67841239e-06	1.24623279e-05	0	0	0	0	3
207	522	0	1.21814779	293.199608	293.199608	293.199607	293.19961	2.67841239e-06	1.24623279e-05	0	0	0	0	3
208	524	0	1.22403256	293.199608	293.199608	293.199607	293.19961	2.67841239e-06	1.24623279e-05	0	0	0	0	3
209	526	0	1.22991733	293.199608	293.199608	293.199607	293.19961	2.53624836e-06	1.24623279e-05	0	0	0	0	3
210	528	0	1.2358021	293.199608	293.199608	293.199607	293.19961	1.53415891e-06	1.24623279e-05	0	0	0	0	3
211	530	0	1.24168687	293.199608	293.199608	293.199607	293.19961	8.45298814e-07	1.24623279e-05	0	0	0	0	3
212	533	0	1.24757165	293.199608	293.199608	293.199607	293.19961	4.39950895e-07	1.24623279e-05	0	0	0	0	3
213	535	0	1.25345642	293.199608	293.199608	293.199607	293.19961	4.44757859e-07	1.24623279e-05	0	0	0	0	3
214	537	0	1.25934119	293.199608	293.199608	293.199607	293.19961	4.4958972e-07	1.24623279e-05	0	0	0	0	3
215	539	0	1.26522596	293.199608	293.199608	293.199607	293.19961	4.53747305e-07	1.24623279e-05	0	0	0	0	3
216	541	0	1.27111073	293.199608	293.199608	293.199607	293.19961	4.57492376e-07	1.24623279e-05	0	0	0	0	3
217	544	0	1.2769955	293.199608	293.199608	293.199607	293.19961	4.60173908e-07	1.24623279e-05	0	0	0	0	3
218	546	0	1.28288028	293.199608	293.199608	293.199607	293.19961	4.61732668e-07	1.24623279e-05	0	0	0	0	3
219	549	0	1.28876505	293.199608	293.199608	293.199607	293.19961	4.61803324e-07	1.24623279e-05	0	0	0	0	3
220	551	0	1.29464982	293.199608	293.199608	293.199607	293.19961	4.62270464e-07	1.24623279e-05	0	0	0	0	3
221	554	0	1.30053459	293.199608	293.199608	293.199607	293.19961	4.63000276e-07	1.24623279e-05	0	0	0	0	3
222	556	0	1.30641936	293.199608	293.199608	293.199607	293.19961	4.63808988e-07	1.24623279e-05	0	0	0	0	3
223	559	0	1.31230414	293.199608	293.199608	293.199607	293.19961	4.63808988e-07	1.24623279e-05	0	0	0	0	3
224	561	0	1.31818891	293.199608	293.199608	293.199607	293.19961	4.63808988e-07	1.24623279e-05	0	0	0	0	3
225	564	0	1.32407368	293.199608	293.199608	293.199607	293.19961	4.63808988e-07	1.24623279e-05	0	0	0	0	3
226	566	0	1.32995845	293.199608	293.199608	293.199607	293.19961	4.63808988e-07	1.24623279e-05	0	0	0	0	3
227	569	0	1.33584322	293.199608	293.199608	293.199607	293.19961	4.63808988e-07	1.24623279e-05	0	0	0	0	3
228	571	0	1.341728	293.199608	293.199608	293.199607	293.19961	4.63808988e-07	1.24623279e-05	0	0	0	0	3
229	574	0	1.34761277	293.199608	293.199608	293.199607	293.19961	4.62219248e-07	1.24623279e-05	0	0	0	0	3
230	576	0	1.35349754	293.199608	293.199608	293.199607	293.19961	4.59138676e-07	1.24623279e-05	0	0	0	0	3
231	579	0	1.35938231	293.199608	293.199608	293.199607	293.19961	4.54353994e-07	1.24623279e-05	0	0	0	0	3
232	581	0	1.36526708	293.199608	293.199608	293.199607	293.19961	4.48165167e-07	1.24623279e-05	0	0	0	0	3
233	584	0	1.37115186	293.199609	293.199608	293.199607	293.19961	4.39947428e-07	1.24623279e-05	0	0	0	0	3
234	586	0	1.37703663	293.199609	293.199608	293.199607	293.19961	4.30130569e-07	1.24623279e-05	0	0	0	0	3
235	588	0	1.3829214	293.199609	293.199608	293.199607	293.19961	4.18442141e-07	1.24623279e-05	0	0	0	0	3
236	591	0	1.38880617	293.199609	293.199608	293.199607	293.19961	4.05177161e-07	1.24623279e-05	0	0	0	0	3
237	593	0	1.39469094	293.199609	293.199608	293.199607	293.19961	3.9128156e-07	1.24623279e-05	0	0	0	0	3
238	595	0	1.40057572	293.199609	293.199608	293.199607	293.19961	3.76850437e-07	1.24623279e-05	0	0	0	0	3
239	598	0	1.40646049	293.199609	293.199608	293.199607	293.19961	3.62692731e-07	1.24623279e-05	0	0	0	0	3
240	600	0	1.41234526	293.199609	293.199608	293.199607	293.19961	3.47794241e-07	1.24623279e-05	0	0	0	0	3
241	602	0	1.41823003	293.199609	293.199608	293.199607	293.199609	3.33228172e-07	1.24623279e-05	0	0	0	0	3
242	604	0	1.4241148	293.199609	293.199608	293.199607	293.199609	3.18987702e-07	1.24623279e-05	0	0	0	0	3
243	607	0	1.42999957	293.199609	293.199608	293.199607	293.199609	3.04925095e-07	1.24623279e-05	0	0	0	0	3
244	609	0	1.43588435	293.199609	293.199608	293.199607	293.199609	2.91335766e-07	1.24623279e-05	0	0	0	0	3
245	611	0	1.44176912	293.199609	293.199608	293.199607	293.199609	2.770214e-07	1.24623279e-05	0	0	0	0	3
246	614	0	1.44765389	293.199609	293.199608	293.199607	293.199609	2.62782692e-07	1.24623279e-05	0	0	0	0	3
247	616	0	1.45353866	293.199609	293.199608	293.199607	293.199609	2.48854178e-07	1.24623279e-05	0	0	0	0	3
248	619	0	1.45942343	293.199609	293.199608	293.199607	293.199609	2.34890308e-07	1.24623279e-05	0	0	0	0	3
249	621	0	1.46530821	293.199609	293.199608	293.199607	293.199609	2.21486061e-07	1.24623279e-05	0	0	0	0	3
250	624	0	1.47119298	293.199609	293.199608	293.199607	293.199609	2.08780307e-07	1.24623279e-05	0	0	0	0	3
251	626	0	1.47707775	293.199608	293.199608	293.199607	293.199609	1.96447047e-07	1.24623279e-05	0	0	0	0	3
252	629	0	1.48296252	293.199608	293.199608	293.199607	293.199609	1.84048474e-07	1.24623279e-05	0	0	0	0	3
253	631	0	1.48884729	293.199608	293.199608	293.199607	293.199609	1.75301295e-07	1.24623279e-05	0	0	0	0	3
254	633	0	1.49473207	293.199608	293.199608	293.199607	293.199609	1.75713126e-07	1.24623279e-05	0	0	0	0	3
255	636	0	1.50061684	293.199608	293.199608	293.199607	293.199609	1.77217373e-07	1.24623279e-05	0	0	0	0	3
256	638	0	1.50650161	293.199608	293.199608	293.199607	293.199609	1.78733103e-07	1.24623279e-05	0	0	0	0	3
257	641	0	1.51238638	293.199608	293.199608	293.199607	293.199609	1.80598477e-07	1.24623279e-05	0	0	0	0	3
258	643	0	1.51827115	293.199608	293.199608	293.199607	293.199609	1.8191389e-07	1.24623279e-05	0	0	0	0	3
259	645	0	1.52415593	293.199608	293.199608	293.199607	293.199609	1.83995496e-07	1.24623279e-05	0	0	0	0	3
260	648	0	1.5300407	293.199608	293.199608	293.199607	293.199609	1.85912711e-07	1.24623279e-05	0	0	0	0	3
261	650	0	1.53592547	293.199608	293.199608	293.199607	293.199609	1.87660532e-07	1.24623279e-05	0	0	0	0	3
262	653	0	1.54181024	293.199608	293.199608	293.199607	293.199609	1.88657054e-07	1.24623279e-05	0	0	0	0	3
263	655	0	1.54769501	293.199608	293.199608	293.199607	293.199609	1.90705521e-07	1.24623279e-05	0	0	0	0	3
264	657	0	1.55357978	293.199608	293.199608	293.199607	293.199609	1.94887718e-07	1.24623279e-05	0	0	0	0	3
265	660	0	1.55946456	293.199608	293.199608	293.199607	293.199609	2.00176657e-07	1.24623279e-05	0	0	0	0	3
266	4264	0	1.56534933	293.199608	293.199608	293.199607	293.199609	2.05764877e-07	1.24623279e-05	0	0	0	0	3
267	4266	0	1.5712341	293.199608	293.199608	293.199607	293.199609	2.12092857e-07	1.24623279e-05	0	0	0	0	3
268	4268	0	1.57711887	293.199608	293.199608	293.199607	293.199609	2.18884395e-07	1.24623279e-05	0	0	0	0	3
269	4271	0	1.58300364	293.199608	293.199608	293.199607	293.199609	2.26439795e-07	1.24623279e-05	0	0	0	0	3
270	4274	0	1.58888842	293.199608	293.199608	293.199607	293.199609	2.34951699e-07	1.24623279e-05	0	0	0	0	3
271	4277	0	1.59477319	293.199608	293.199608	293.199607	293.199609	2.44747639e-07	1.24623279e-05	0	0	0	0	3
272	58057	0	1.60065796	293.199608	293.199608	293.199607	293.199609	2.56392696e-07	1.24623279e-05	0	0	0	0	3
273	58061	0	1.60654273	293.199607	293.199608	293.199607	293.199609	2.69735608e-07	1.24623279e-05	0	0	0	0	3
274	58065	0	1.6124275	293.199607	293.199608	293.199607	293.199609	2.82942153e-07	1.24623279e-05	0	0	0	0	3
275	58069	0	1.61831228	293.199607	293.199608	293.199607	293.199609	2.96620613e-07	1.24623279e-05	0	0	0	0	3
276	58072	0	1.62419705	293.199607	293.199608	293.199607	293.199609	3.11138137e-07	1.24623279e-05	0	0	0	0	3
277	58076	0	1.63008182	293.199607	293.199608	293.199607	293.199609	3.26104498e-07	1.24623279e-05	0	0	0	0	3
278	58080	0	1.63596659	293.199607	293.199608	293.199607	293.199609	3.39623227e-07	1.24623279e-05	0	0	0	0	3
279	58083	0	1.64185136	293.199607	293.199608	293.199607	293.199609	3.53018265e-07	1.24623279e-05	0	0	0	0	3
280	58086	0	1.64773614	293.199607	293.199608	293.199607	293.199609	3.66167399e-07	1.24623279e-05	0	0	0	0	3
281	58089	0	1.65362091	293.199607	293.199608	293.199607	293.199609	3.7884098e-07	1.24623279e-05	0	0	0	0	3
282	58092	0	1.65950568	293.199607	293.199608	293.199607	293.199609	3.90028902e-07	1.24623279e-05	0	0	0	0	3
283	58095	0	1.66539045	293.199607	293.199608	293.199607	293.199609	3.9839972e-07	1.24623279e-05	0	0	0	0	3
284	58098	0	1.67127522	293.199607	293.199608	293.199607	293.199609	4.0392689e-07	1.24623279e-05	0	0	0	0	3
285	58101	0	1.67716	293.199608	293.199608	293.199607	293.199609	4.06459037e-07	1.24623279e-05	0	0	0	0	3
286	58104	0	1.68304477	293.199608	293.199608	293.199607	293.199609	4.06459037e-07	1.24623279e-05	0	0	0	0	3
287	58107	0	1.68892954	293.199608	293.199608	293.199607	293.199609	4.06459037e-07	1.24623279e-05	0	0	0	0	3
288	58110	0	1.69481431	293.199608	293.199608	293.199607	293.199609	4.06459037e-07	1.24623279e-05	0	0	0	0	3
289	58113	0	1.70069908	293.199608	293.199608	293.199607	293.199609	4.06459037e-07	1.24623279e-05	0	0	0	0	3
290	58116	0	1.70658385	293.199608	293.199608	293.199607	293.199609	4.06459037e-07	1.24623279e-05	0	0	0	0	3
291	58118	0	1.71246863	293.199608	293.199608	293.199607	293.199609	4.06459037e-07	1.24623279e-05	0	0	0	0	3
292	58121	0	1.7183534	293.199608	293.199608	293.199607	293.199609	4.06459037e-07	1.24623279e-05	0	0	0	0	3
293	58123	0	1.72423817	293.199608	293.199608	293.199607	293.199609	4.06459037e-07	1.24623279e-05	0	0	0	0	3
294	58126	0	1.73012294	293.199608	293.199608	293.199607	293.199609	4.06459037e-07	1.24623279e-05	0	0	0	0	3
295	58129	0	1.73600771	293.199608	293.199608	293.199607	293.199609	4.06459037e-07	1.24623279e-05	0	0	0	0	3
296	58132	0	1.74189249	293.199608	293.199608	293.199607	293.199609	4.06459037e-07	1.24623279e-05	0	0	0	0	3
297	58134	0	1.74777726	293.199608	293.199608	293.199607	293.199609	4.06459037e-07	1.24623279e-05	0	0	0	0	3
298	58137	0	1.75366203	293.199608	293.199608	293.199607	293.199609	4.06459037e-07	1.24623279e-05	0	0	0	0	3
299	58140	0	1.7595468	293.199608	293.199608	293.199607	293.199609	4.06459037e-07	1.24623279e-05	0	0	0	0	3
300	58142	0	1.76543157	293.199608	293.199608	293.199607	293.199609	4.06459037e-07	1.24623279e-05	0	0	0	0	3
301	58149	0	1.77131635	293.199608	293.199608	293.199607	293.199609	4.06459037e-07	1.24623279e-05	0	0	0	0	3
302	58151	0	1.77720112	293.199608	293.199608	293.199607	293.199609	4.06459037e-07	1.24623279e-05	0	0	0	0	3
303	58154	0	1.78308589	293.199608	293.199608	293.199607	293.199609	4.06459037e-07	1.24623279e-05	0	0	0	0	3
304	58157	0	1.78897066	293.199608	293.199608	293.199607	293.199609	4.06459037e-07	1.24623279e-05	0	0	0	0	3
305	58159	0	1.79485543	293.199609	293.199608	293.199607	293.199609	4.06459037e-07	1.24623279e-05	0	0	0	0	3
306	58162	0	1.80074021	293.199609	293.199608	293.199607	293.199609	4.06459037e-07	1.24623279e-05	0	0	0	0	3
307	58164	0	1.80662498	293.199609	293.199608	293.199607	293.199609	4.06373204e-07	1.24623279e-05	0	0	0	0	3
308	58167	0	1.81250975	293.199609	293.199608	293.199607	293.199609	4.05198932e-07	1.24623279e-05	0	0	0	0	3
309	58169	0	1.81839452	293.199609	293.199608	293.199607	293.199609	4.02276726e-07	1.24623279e-05	0	0	0	0	3
310	58172	0	1.82427929	293.199609	293.199608	293.199607	293.199609	3.98209124e-07	1.24623279e-05	0	0	0	0	3
311	58174	0	1.83016406	293.199609	293.199608	293.199607	293.199609	3.93592927e-07	1.24623279e-05	0	0	0	0	3
312	58177	0	1.83604884	293.199609	293.199608	293.199607	293.199609	3.87233626e-07	1.24623279e-05	0	0	0	0	3
313	58179	0	1.84193361	293.199608	293.199608	293.199607	293.199609	3.79369226e-07	1.24623279e-05	0	0	0	0	3
314	58182	0	1.84781838	293.199608	293.199608	293.199607	293.199609	3.70146893e-07	1.24623279e-05	0	0	0	0	3
315	58184	0	1.85370315	293.199608	293.199608	293.199607	293.199609	3.60215893e-07	1.24623279e-05	0	0	0	0	3
316	58187	0	1.85958792	293.199608	293.199608	293.199607	293.199609	3.49820425e-07	1.24623279e-05	0	0	0	0	3
317	58189	0	1.8654727	293.199608	293.199608	293.199607	293.199609	3.3900892e-07	1.24623279e-05	0	0	0	0	3
318	58192	0	1.87135747	293.199608	293.199608	293.199607	293.199609	3.27633018e-07	1.24623279e-05	0	0	0	0	3
319	58195	0	1.87724224	293.199608	293.199608	293.199607	293.199609	3.16545481e-07	1.24623279e-05	0	0	0	0	3
320	58198	0	1.88312701	293.199608	293.199608	293.199607	293.199609	3.05568108e-07	1.24623279e-05	0	0	0	0	3
321	58200	0	1.88901178	293.199608	293.199608	293.199607	293.199609	2.94362621e-07	1.24623279e-05	0	0	0	0	3
322	58203	0	1.89489656	293.199608	293.199608	293.199607	293.199609	2.83248085e-07	1.24623279e-05	0	0	0	0	3
323	58206	0	1.90078133	293.199608	293.199608	293.199607	293.199609	2.72628142e-07	1.24623279e-05	0	0	0	0	3
324	58208	0	1.9066661	293.199608	293.199608	293.199607	293.199609	2.63050651e-07	1.24623279e-05	0	0	0	0	3
325	58211	0	1.91255087	293.199608	293.199608	293.199607	293.199609	2.61153389e-07	1.24623279e-05	0	0	0	0	3
326	58214	0	1.91843564	293.199608	293.199608	293.199607	293.199609	2.67666735e-07	1.24623279e-05	0	0	0	0	3
327	58216	0	1.92432042	293.199608	293.199608	293.199607	293.199609	2.76092635e-07	1.24623279e-05	0	0	0	0	3
328	58219	0	1.93020519	293.199608	293.199608	293.199607	293.199609	2.84360965e-07	1.24623279e-05	0	0	0	0	3
329	58221	0	1.93608996	293.199608	293.199608	293.199607	293.199609	2.91750155e-07	1.24623279e-05	0	0	0	0	3
330	58224	0	1.94197473	293.199608	293.199608	293.199607	293.199609	2.98265491e-07	1.24623279e-05	0	0	0	0	3
331	58226	0	1.9478595	293.199608	293.199608	293.199607	293.199609	3.04081198e-07	1.24623279e-05	0	0	0	0	3
332	58229	0	1.95374427	293.199608	293.199608	293.199607	293.199609	3.07844573e-07	1.24623279e-05	0	0	0	0	3
333	58231	0	1.95962905	293.199608	293.199608	293.199607	293.199609	3.09927827e-07	1.24623279e-05	0	0	0	0	3
334	58233	0	1.96551382	293.199608	293.199608	293.199607	293.199609	3.10888993e-07	1.24623279e-05	0	0	0	0	3
335	58236	0	1.97139859	293.199609	293.199608	293.199607	293.199609	3.09728875e-07	1.24623279e-05	0	0	0	0	3
336	58238	0	1.97728336	293.199609	293.199608	293.199607	293.199609	3.09055167e-07	1.24623279e-05	0	0	0	0	3
337	58241	0	1.98316813	293.199608	293.199608	293.199607	293.199609	3.08839105e-07	1.24623279e-05	0	0	0	0	3
338	58243	0	1.98905291	293.199608	293.199608	293.199607	293.199609	3.08427275e-07	1.24623279e-05	0	0	0	0	3
339	58246	0	1.99493768	293.199608	293.199608	293.199607	293.199609	3.06923027e-07	1.24623279e-05	0	0	0	0	3
340	58248	0	2.00082245	293.199608	293.199608	293.199607	293.199609	3.05525759e-07	1.24623279e-05	0	0	0	0	3
341	58251	0	2.00670722	293.199608	293.199608	293.199607	293.199609	3.04483251e-07	1.24623279e-05	0	0	0	0	3
342	58253	0	2.01259199	293.199608	293.199608	293.199607	293.199609	3.04732112e-07	1.24623279e-05	0	0	0	0	3
343	58256	0	2.01847677	293.199608	293.199608	293.199607	293.199609	3.05419064e-07	1.24623279e-05	0	0	0	0	3
344	58259	0	2.02436154	293.199608	293.199608	293.199607	293.199609	3.05867673e-07	1.24623279e-05	0	0	0	0	3
345	58262	0	2.03024631	293.199608	293.199608	293.199607	293.199609	3.07750838e-07	1.24623279e-05	0	0	0	0	3
346	58264	0	2.03613108	293.199607	293.199608	293.199607	293.199609	3.12033535e-07	1.24623279e-05	0	0	0	0	3
347	58267	0	2.04201585	293.199607	293.199608	293.199607	293.199609	3.17611239e-07	1.24623279e-05	0	0	0	0	3
348	58270	0	2.04790063	293.199607	293.199608	293.199607	293.199609	3.21143546e-07	1.24623279e-05	0	0	0	0	3
349	58273	0	2.0537854	293.199607	293.199608	293.199607	293.199609	3.22885342e-07	1.24623279e-05	0	0	0	0	3
350	58275	0	2.05967017	293.199607	293.199608	293.199607	293.199609	3.22368464e-07	1.24623279e-05	0	0	0	0	3
351	58278	0	2.06555494	293.199607	293.199608	293.199607	293.199609	3.2228229e-07	1.24623279e-05	0	0	0	0	3
352	58280	0	2.07143971	293.199607	293.199608	293.199607	293.199609	3.20934191e-07	1.24623279e-05	0	0	0	0	3
353	58283	0	2.07732449	293.199607	293.199608	293.199607	293.199609	3.18795969e-07	1.24623279e-05	0	0	0	0	3
354	58285	0	2.08320926	293.199607	293.199608	293.199607	293.199609	3.15617569e-07	1.24623279e-05	0	0	0	0	3
355	58288	0	2.08909403	293.199607	293.199608	293.199607	293.199609	3.10991481e-07	1.24623279e-05	0	0	0	0	3
356	58290	0	2.0949788	293.199607	293.199608	293.199607	293.199609	3.03981892e-07	1.24623279e-05	0	0	0	0	3
357	58293	0	2.10086357	293.199607	293.199608	293.199607	293.199609	2.92885261e-07	1.24623279e-05	0	0	0	0	3
358	58295	0	2.10674834	293.199607	293.199608	293.199607	293.199609	2.81149767e-07	1.24623279e-05	0	0	0	0	3
359	58298	0	2.11263312	293.199607	293.199608	293.199607	293.199609	2.67537985e-07	1.24623279e-05	0	0	0	0	3
360	58300	0	2.11851789	293.199608	293.199608	293.199607	293.199609	2.5302046e-07	1.24623279e-05	0	0	0	0	3
361	58303	0	2.12440266	293.199608	293.199608	293.199607	293.199609	2.38054099e-07	1.24623279e-05	0	0	0	0	3
362	58306	0	2.13028743	293.199608	293.199608	293.199607	293.199609	2.2453537e-07	1.24623279e-05	0	0	0	0	3
363	58308	0	2.1361722	293.199608	293.199608	293.199607	293.199609	2.20387221e-07	1.24623279e-05	0	0	0	0	3
364	58311	0	2.14205698	293.199608	293.199608	293.199607	293.199609	2.20387221e-07	1.24623279e-05	0	0	0	0	3
365	58314	0	2.14794175	293.199608	293.199608	293.199607	293.199609	2.20387221e-07	1.24623279e-05	0	0	0	0	3
366	58316	0	2.15382652	293.199608	293.199608	293.199607	293.199609	2.20387221e-07	1.24623279e-05	0	0	0	0	3
367	58319	0	2.15971129	293.199608	293.199608	293.199607	293.199609	2.20387221e-07	1.24623279e-05	0	0	0	0	3
368	58321	0	2.16559606	293.199609	293.199608	293.199607	293.199609	2.20387221e-07	1.24623279e-05	0	0	0	0	3
369	58324	0	2.17148084	293.199609	293.199608	293.199607	293.199609	2.20387221e-07	1.24623279e-05	0	0	0	0	3
370	58327	0	2.17736561	293.199609	293.199608	293.199607	293.199609	2.20387221e-07	1.24623279e-05	0	0	0	0	3
371	58329	0	2.18325038	293.199609	293.199608	293.199607	293.199609	2.20387221e-07	1.24623279e-05	0	0	0	0	3
372	58332	0	2.18913515	293.199609	293.199608	293.199607	293.199609	2.20387221e-07	1.24623279e-05	0	0	0	0	3
373	58335	0	2.19501992	293.199609	293.199608	293.199607	293.199609	2.20387221e-07	1.24623279e-05	0	0	0	0	3
374	58337	0	2.2009047	293.199609	293.199608	293.199607	293.199609	2.20387221e-07	1.24623279e-05	0	0	0	0	3
375	58340	0	2.20678947	293.199609	293.199608	293.199607	293.199609	2.20387221e-07	1.24623279e-05	0	0	0	0	3
376	58342	0	2.21267424	293.199609	293.199608	293.199607	293.199609	2.20387221e-07	1.24623279e-05	0	0	0	0	3
377	58344	0	2.21855901	293.199609	293.199608	293.199607	293.199609	2.20387221e-07	1.24623279e-05	0	0	0	0	3
378	58347	0	2.22444378	293.199609	293.199608	293.199607	293.199609	2.24924293e-07	1.24623279e-05	0	0	0	0	3
379	58349	0	2.23032855	293.199609	293.199608	293.199607	293.199609	2.38460927e-07	1.24623279e-05	0	0	0	0	3
380	58352	0	2.23621333	293.199609	293.199608	293.199607	293.199609	2.51263089e-07	1.24623279e-05	0	0	0	0	3
381	58354	0	2.2420981	293.199609	293.199608	293.199607	293.199609	2.63457025e-07	1.24623279e-05	0	0	0	0	3
382	58357	0	2.24798287	293.199609	293.199608	293.199607	293.199609	2.72936916e-07	1.24623279e-05	0	0	0	0	3
383	58359	0	2.25386764	293.199609	293.199608	293.199607	293.199609	2.79324638e-07	1.24623279e-05	0	0	0	0	3
384	58362	0	2.25975241	293.199609	293.199608	293.199607	293.199609	2.82300959e-07	1.24623279e-05	0	0	0	0	3
385	58365	0	2.26563719	293.199608	293.199608	293.199607	293.199609	2.82518499e-07	1.24623279e-05	0	0	0	0	3
386	58368	0	2.27152196	293.199608	293.199608	293.199607	293.199609	2.82518499e-07	1.24623279e-05	0	0	0	0	3
387	58371	0	2.27740673	293.199608	293.199608	293.199607	293.199609	2.82518499e-07	1.24623279e-05	0	0	0	0	3
388	58373	0	2.2832915	293.199608	293.199608	293.199607	293.199609	2.82518499e-07	1.24623279e-05	0	0	0	0	3
389	58376	0	2.28917627	293.199608	293.199608	293.199607	293.199609	2.82518499e-07	1.24623279e-05	0	0	0	0	3
390	58379	0	2.29506105	293.199608	293.199608	293.199607	293.199609	2.82518499e-07	1.24623279e-05	0	0	0	0	3
391	58381	0	2.30094582	293.199608	293.199608	293.199607	293.199609	2.82518499e-07	1.24623279e-05	0	0	0	0	3
392	58384	0	2.30683059	293.199607	293.199608	293.199607	293.199609	2.82518499e-07	1.24623279e-05	0	0	0	0	3
393	58387	0	2.31271536	293.199607	293.199608	293.199607	293.199609	2.82518499e-07	1.24623279e-05	0	0	0	0	3
394	58390	0	2.31860013	293.199608	293.199608	293.199607	293.199609	2.82518499e-07	1.24623279e-05	0	0	0	0	3
395	58392	0	2.32448491	293.199608	293.199608	293.199607	293.199609	2.82518499e-07	1.24623279e-05	0	0	0	0	3
396	58395	0	2.33036968	293.199608	293.199608	293.199607	293.199609	2.82518499e-07	1.24623279e-05	0	0	0	0	3
397	58397	0	2.33625445	293.199608	293.199608	293.199607	293.199609	2.82518499e-07	1.24623279e-05	0	0	0	0	3
398	58400	0	2.34213922	293.199608	293.199608	293.199607	293.199609	2.82518499e-07	1.24623279e-05	0	0	0	0	3
399	58402	0	2.34802399	293.199608	293.199608	293.199607	293.199609	2.82518499e-07	1.24623279e-05	0	0	0	0	3
400	58405	0	2.35390876	293.199608	293.199608	293.199607	293.199609	2.82518499e-07	1.24623279e-05	0	0	0	0	3
401	58412	0	2.35979354	293.199607	293.199608	293.199607	293.199609	2.82518499e-07	1.24623279e-05	0	0	0	0	3
402	58415	0	2.36567831	293.199608	293.199608	293.199607	293.199609	2.82518499e-07	1.24623279e-05	0	0	0	0	3
403	58418	0	2.37156308	293.199608	293.199608	293.199607	293.199609	2.82518499e-07	1.24623279e-05	0	0	0	0	3
404	58420	0	2.37744785	293.199608	293.199608	293.199607	293.199609	2.82518499e-07	1.24623279e-05	0	0	0	0	3
405	58423	0	2.38333262	293.199608	293.199608	293.199607	293.199609	2.82518499e-07	1.24623279e-05	0	0	0	0	3
406	58426	0	2.3892174	293.199608	293.199608	293.199607	293.199609	2.82518499e-07	1.24623279e-05	0	0	0	0	3
407	58428	0	2.39510217	293.199608	293.199608	293.199607	293.199609	2.82518499e-07	1.24623279e-05	0	0	0	0	3
408	58431	0	2.40098694	293.199608	293.199608	293.199607	293.199609	2.82518499e-07	1.24623279e-05	0	0	0	0	3
409	58433	0	2.40687171	293.199608	293.199608	293.199607	293.199609	2.82518499e-07	1.24623279e-05	0	0	0	0	3
410	58436	0	2.41275648	293.199608	293.199608	293.199607	293.199609	2.82518499e-07	1.24623279e-05	0	0	0	0	3
411	58438	0	2.41864126	293.199608	293.199608	293.199607	293.199609	2.82518499e-07	1.24623279e-05	0	0	0	0	3
412	58441	0	2.42452603	293.199608	293.199608	293.199607	293.199609	2.82518499e-07	1.24623279e-05	0	0	0	0	3
413	58443	0	2.4304108	293.199608	293.199608	293.199607	293.199609	2.82518499e-07	1.24623279e-05	0	0	0	0	3
414	58446	0	2.43629557	293.199608	293.199608	293.199607	293.199609	2.82518499e-07	1.24623279e-05	0	0	0	0	3
415	58448	0	2.44218034	293.199608	293.199608	293.199607	293.199609	2.82518499e-07	1.24623279e-05	0	0	0	0	3
416	58450	0	2.44806512	293.199608	293.199608	293.199607	293.199609	2.82518499e-07	1.24623279e-05	0	0	0	0	3
417	58453	0	2.45394989	293.199608	293.199608	293.199607	293.199609	2.82518499e-07	1.24623279e-05	0	0	0	0	3
418	58455	0	2.45983466	293.199609	293.199608	293.199607	293.199609	2.82518499e-07	1.24623279e-05	0	0	0	0	3
419	58457	0	2.46571943	293.199609	293.199608	293.199607	293.199609	2.82518499e-07	1.24623279e-05	0	0	0	0	3
420	58460	0	2.4716042	293.199609	293.199608	293.199607	293.199609	2.82518499e-07	1.24623279e-05	0	0	0	0	3
421	58463	0	2.47748898	293.199609	293.199608	293.199607	293.199609	2.82518499e-07	1.24623279e-05	0	0	0	0	3
422	58465	0	2.48337375	293.199609	293.199608	293.199607	293.199609	2.82518499e-07	1.24623279e-05	0	0	0	0	3
423	58467	0	2.48925852	293.199609	293.199608	293.199607	293.199609	2.82518499e-07	1.24623279e-05	0	0	0	0	3
424	58470	0	2.49514329	293.199609	293.199608	293.199607	293.199609	2.82518499e-07	1.24623279e-05	0	0	0	0	3
425	58473	0	2.50102806	293.199609	293.199608	293.199607	293.199609	2.82518499e-07	1.24623279e-05	0	0	0	0	3
426	58475	0	2.50691283	293.199609	293.199608	293.199607	293.199609	2.82518499e-07	1.24623279e-05	0	0	0	0	3
427	58478	0	2.51279761	293.199609	293.199608	293.199607	293.199609	2.82518499e-07	1.24623279e-05	0	0	0	0	3
428	58480	0	2.51868238	293.199609	293.199608	293.199607	293.199609	2.82518499e-07	1.24623279e-05	0	0	0	0	3
429	58483	0	2.52456715	293.199609	293.199608	293.199607	293.199609	2.82518499e-07	1.24623279e-05	0	0	0	0	3
430	58485	0	2.53045192	293.199609	293.199608	293.199607	293.199609	2.82518499e-07	1.24623279e-05	0	0	0	0	3
431	58488	0	2.53633669	293.199609	293.199608	293.199607	293.199609	2.82518499e-07	1.24623279e-05	0	0	0	0	3
432	58490	0	2.54222147	293.199609	293.199608	293.199607	293.199609	2.82518499e-07	1.24623279e-05	0	0	0	0	3
433	58493	0	2.54810624	293.199609	293.199608	293.199607	293.199609	2.82518499e-07	1.24623279e-05	0	0	0	0	3
434	58495	0	2.55399101	293.199609	293.199608	293.199607	293.199609	2.9792227e-07	1.24623279e-05	0	0	0	0	3
435	58498	0	2.55987578	293.199609	293.199608	293.199607	293.199609	3.19239916e-07	1.24623279e-05	0	0	0	0	3
436	58500	0	2.56576055	293.199609	293.199608	293.199607	293.199609	3.4177134e-07	1.24623279e-05	0	0	0	0	3
437	58503	0	2.57164533	293.199609	293.199608	293.199607	293.199609	3.6421244e-07	1.24623279e-05	0	0	0	0	3
438	58505	0	2.5775301	293.199609	293.199608	293.199607	293.199609	3.86715442e-07	1.24623279e-05	0	0	0	0	3
439	58508	0	2.58341487	293.199609	293.199608	293.199607	293.199609	4.09570021e-07	1.24623279e-05	0	0	0	0	3
440	58510	0	2.58929964	293.199609	293.199608	293.199607	293.199609	4.32945285e-07	1.24623279e-05	0	0	0	0	3
441	58513	0	2.59518441	293.199609	293.199608	293.199607	293.199609	4.55054476e-07	1.24623279e-05	0	0	0	0	3
442	58516	0	2.60106919	293.199609	293.199608	293.199607	293.199609	4.74702006e-07	1.24623279e-05	0	0	0	0	3
443	58518	0	2.60695396	293.199609	293.199608	293.199607	293.199609	4.93849029e-07	1.24623279e-05	0	0	0	0	3
444	58521	0	2.61283873	293.199609	293.199608	293.199607	293.199609	5.08919925e-07	1.24623279e-05	0	0	0	0	3
445	58523	0	2.6187235	293.199609	293.199608	293.199607	293.199609	5.1901651e-07	1.24623279e-05	0	0	0	0	3
446	58526	0	2.62460827	293.199609	293.199608	293.199607	293.199609	5.25472444e-07	1.24623279e-05	0	0	0	0	3
447	58529	0	2.63049304	293.199609	293.199608	293.199607	293.199609	5.29928002e-07	1.24623279e-05	0	0	0	0	3
448	58531	0	2.63637782	293.199609	293.199608	293.199607	293.199609	5.31411786e-07	1.24623279e-05	0	0	0	0	3
449	58534	0	2.64226259	293.199609	293.199608	293.199607	293.199609	5.29124407e-07	1.24623279e-05	0	0	0	0	3
450	58536	0	2.64814736	293.199609	293.199609	293.199607	293.199609	5.22478786e-07	1.24623279e-05	0	0	0	0	3
451	58539	0	2.65403213	293.199609	293.199609	293.199607	293.199609	5.11577241e-07	1.24623279e-05	0	0	0	0	3
452	58542	0	2.6599169	293.199609	293.199609	293.199607	293.199609	4.98209488e-07	1.24623279e-05	0	0	0	0	3
453	58544	0	2.66580168	293.199608	293.199609	293.199607	293.199609	4.88143201e-07	1.24623279e-05	0	0	0	0	3
454	58547	0	2.67168645	293.199608	293.199609	293.199607	293.199609	4.88143201e-07	1.24623279e-05	0	0	0	0	3
455	58549	0	2.67757122	293.199608	293.199608	293.199607	293.199609	4.88143201e-07	1.24623279e-05	0	0	0	0	3
456	58552	0	2.68345599	293.199608	293.199608	293.199607	293.199609	4.88143201e-07	1.24623279e-05	0	0	0	0	3
457	58554	0	2.68934076	293.199608	293.199608	293.199607	293.199609	4.88143201e-07	1.24623279e-05	0	0	0	0	3
458	58557	0	2.69522554	293.199608	293.199608	293.199607	293.199609	4.88143201e-07	1.24623279e-05	0	0	0	0	3
459	58559	0	2.70111031	293.199608	293.199608	293.199607	293.199609	4.88143201e-07	1.24623279e-05	0	0	0	0	3
460	58562	0	2.70699508	293.199609	293.199608	293.199607	293.199609	4.88143201e-07	1.24623279e-05	0	0	0	0	3
461	58564	0	2.71287985	293.199609	293.199608	293.199607	293.199609	4.88143201e-07	1.24623279e-05	0	0	0	0	3
462	58566	0	2.71876462	293.199609	293.199608	293.199607	293.199609	4.88143201e-07	1.24623279e-05	0	0	0	0	3
463	58569	0	2.7246494	293.199608	293.199608	293.199607	293.199609	4.88143201e-07	1.24623279e-05	0	0	0	0	3
464	58571	0	2.73053417	293.199608	293.199608	293.199607	293.199609	4.88143201e-07	1.24623279e-05	0	0	0	0	3
465	58574	0	2.73641894	293.199608	293.199608	293.199607	293.199609	4.88143201e-07	1.24623279e-05	0	0	0	0	3
466	58576	0	2.74230371	293.199608	293.199608	293.199607	293.199609	4.88143201e-07	1.24623279e-05	0	0	0	0	3
467	58579	0	2.74818848	293.199608	293.199608	293.199607	293.199609	4.88143201e-07	1.24623279e-05	0	0	0	0	3
468	58581	0	2.75407326	293.199609	293.199608	293.199607	293.199609	4.88143201e-07	1.24623279e-05	0	0	0	0	3
469	58584	0	2.75995803	293.199609	293.199608	293.199607	293.199609	4.88143201e-07	1.24623279e-05	0	0	0	0	3
470	58587	0	2.7658428	293.199609	293.199608	293.199607	293.199609	4.88143201e-07	1.24623279e-05	0	0	0	0	3
471	58589	0	2.77172757	293.199609	293.199608	293.199607	293.199609	4.88143201e-07	1.24623279e-05	0	0	0	0	3
472	58592	0	2.77761234	293.199609	293.199608	293.199607	293.199609	4.88143201e-07	1.24623279e-05	0	0	0	0	3
473	58594	0	2.78349711	293.199609	293.199608	293.199607	293.199609	4.88143201e-07	1.24623279e-05	0	0	0	0	3
474	58596	0	2.78938189	293.199609	293.199608	293.199607	293.199609	4.88143201e-07	1.24623279e-05	0	0	0	0	3
475	58599	0	2.79526666	293.199609	293.199608	293.199607	293.199609	4.88143201e-07	1.24623279e-05	0	0	0	0	3
476	58601	0	2.80115143	293.199609	293.199608	293.199607	293.199609	4.88143201e-07	1.24623279e-05	0	0	0	0	3
477	58603	0	2.8070362	293.199609	293.199609	293.199607	293.199609	4.97370422e-07	1.24623279e-05	0	0	0	0	3
478	58606	0	2.81292097	293.199609	293.199609	293.199607	293.199609	5.15678153e-07	1.24623279e-05	0	0	0	0	3
479	58608	0	2.81880575	293.199609	293.199609	293.199607	293.199609	5.34758442e-07	1.24623279e-05	0	0	0	0	3
480	58611	0	2.82469052	293.199609	293.199609	293.199607	293.199609	5.53788652e-07	1.24623279e-05	0	0	0	0	3
481	58613	0	2.83057529	293.199609	293.199609	293.199607	293.199609	5.724022e-07	1.24623279e-05	0	0	0	0	3
482	58616	0	2.83646006	293.199609	293.199609	293.199607	293.199609	5.92238848e-07	1.24623279e-05	0	0	0	0	3
483	58618	0	2.84234483	293.199609	293.199609	293.199607	293.199609	6.13157056e-07	1.24623279e-05	0	0	0	0	3
484	58620	0	2.84822961	293.199609	293.199609	293.199607	293.199609	6.35094125e-07	1.24623279e-05	0	0	0	0	3
485	58623	0	2.85411438	293.199609	293.199609	293.199607	293.199609	6.57546764e-07	1.24623279e-05	0	0	0	0	3
486	58625	0	2.85999915	293.199609	293.199609	293.199608	293.199609	6.8040697e-07	1.24623279e-05	0	0	0	0	3
487	58628	0	2.86588392	293.199609	293.199609	293.199608	293.199609	7.02220746e-07	1.24623279e-05	0	0	0	0	3
488	58631	0	2.87176869	293.199609	293.199609	293.199608	293.199609	7.21961385e-07	1.24623279e-05	0	0	0	0	3
489	58633	0	2.87765347	293.199609	293.199609	293.199608	293.199609	7.39837844e-07	1.24623279e-05	0	0	0	0	3
490	58636	0	2.88353824	293.199609	293.199609	293.199608	293.199609	7.55715462e-07	1.24623279e-05	0	0	0	0	3
491	58638	0	2.88942301	293.199609	293.199609	293.199608	293.199609	7.71499913e-07	1.24623279e-05	0	0	0	0	3
492	58641	0	2.89530778	293.199609	293.199609	293.199608	293.199609	7.86217527e-07	1.24623279e-05	0	0	0	0	3
493	58643	0	2.90119255	293.199609	293.199609	293.199608	293.199609	7.99461816e-07	1.24623279e-05	0	0	0	0	3
494	58646	0	2.90707732	293.199609	293.199609	293.199608	293.199609	8.11086352e-07	1.24623279e-05	0	0	0	0	3
495	58649	0	2.9129621	293.199609	293.199609	293.199608	293.199609	8.21211529e-07	1.24623279e-05	0	0	0	0	3
496	58651	0	2.91884687	293.199609	293.199609	293.199608	293.199609	8.30297211e-07	1.24623279e-05	0	0	0	0	3
497	58654	0	2.92473164	293.199609	293.199609	293.199608	293.199609	8.39039899e-07	1.24623279e-05	0	0	0	0	3
498	58656	0	2.93061641	293.199609	293.199609	293.199608	293.199609	8.4599111e-07	1.24623279e-05	0	0	0	0	3
499	58659	0	2.93650118	293.199609	293.199609	293.199608	293.199609	8.51042273e-07	1.24623279e-05	0	0	0	0	3
500	58661	0	2.94238596	293.199608	293.199609	293.199608	293.199609	8.53350798e-07	1.24623279e-05	0	0	0	0	3
501	58668	0	2.94827073	293.199608	293.199609	293.199608	293.199609	8.533558e-07	1.24623279e-05	0	0	0	0	3
502	58671	0	2.9541555	293.199608	293.199609	293.199608	293.199609	8.52016683e-07	1.24623279e-05	0	0	0	0	3
503	58673	0	2.96004027	293.199608	293.199609	293.199608	293.199609	8.50060587e-07	1.24623279e-05	0	0	0	0	3
504	58676	0	2.96592504	293.199608	293.199609	293.199608	293.199609	8.48203626e-07	1.24623279e-05	0	0	0	0	3
505	58678	0	2.97180982	293.199608	293.199609	293.199608	293.199609	8.45397665e-07	1.24623279e-05	0	0	0	0	3
506	58680	0	2.97769459	293.199608	293.199609	293.199608	293.199609	8.411875e-07	1.24623279e-05	0	0	0	0	3
507	58683	0	2.98357936	293.199608	293.199609	293.199608	293.199609	8.34973093e-07	1.24623279e-05	0	0	0	0	3
508	58685	0	2.98946413	293.199609	293.199609	293.199608	293.199609	8.2667691e-07	1.24623279e-05	0	0	0	0	3
509	58688	0	2.9953489	293.199609	293.199609	293.199608	293.199609	8.16655643e-07	1.24623279e-05	0	0	0	0	3
510	58690	0	3.00123368	293.199609	293.199609	293.199608	293.199609	8.04245417e-07	1.24623279e-05	0	0	0	0	3
511	58693	0	3.00711845	293.199609	293.199609	293.199608	293.199609	7.89692763e-07	1.24623279e-05	0	0	0	0	3
512	58695	0	3.01300322	293.199609	293.199609	293.199608	293.199609	7.73076749e-07	1.24623279e-05	0	0	0	0	3
513	58698	0	3.01888799	293.199609	293.199609	293.199608	293.199609	7.54727409e-07	1.24623279e-05	0	0	0	0	3
514	58700	0	3.02477276	293.199609	293.199609	293.199608	293.199609	7.34091373e-07	1.24623279e-05	0	0	0	0	3
515	58703	0	3.03065753	293.199609	293.199609	293.199608	293.199609	7.12636904e-07	1.24623279e-05	0	0	0	0	3
516	58705	0	3.03654231	293.199609	293.199609	293.199608	293.199609	6.90116224e-07	1.24623279e-05	0	0	0	0	3
517	58708	0	3.04242708	293.199609	293.199609	293.199608	293.199609	6.68028463e-07	1.24623279e-05	0	0	0	0	3
518	58711	0	3.04831185	293.199609	293.199609	293.199608	293.199609	6.45974012e-07	1.24623279e-05	0	0	0	0	3
519	58713	0	3.05419662	293.199609	293.199609	293.199608	293.199609	6.24656366e-07	1.24623279e-05	0	0	0	0	3
520	58716	0	3.06008139	293.199609	293.199609	293.199608	293.199609	6.02124942e-07	1.24623279e-05	0	0	0	0	3
521	58718	0	3.06596617	293.199609	293.199609	293.199608	293.199609	5.79683842e-07	1.24623279e-05	0	0	0	0	3
522	58721	0	3.07185094	293.199609	293.199609	293.199608	293.199609	5.5718084e-07	1.24623279e-05	0	0	0	0	3
523	58723	0	3.07773571	293.199609	293.199609	293.199608	293.199609	5.34326261e-07	1.24623279e-05	0	0	0	0	3
524	58726	0	3.08362048	293.199609	293.199609	293.199608	293.199609	5.10950997e-07	1.24623279e-05	0	0	0	0	3
525	58729	0	3.08950525	293.199609	293.199609	293.199608	293.199609	4.88841806e-07	1.24623279e-05	0	0	0	0	3
526	58731	0	3.09539003	293.199609	293.199609	293.199608	293.199609	4.69194276e-07	1.24623279e-05	0	0	0	0	3
527	58734	0	3.1012748	293.199609	293.199609	293.199608	293.199609	4.50047253e-07	1.24623279e-05	0	0	0	0	3
528	58736	0	3.10715957	293.199608	293.199609	293.199608	293.199609	4.47000332e-07	1.24623279e-05	0	0	0	0	3
529	58739	0	3.11304434	293.199608	293.199609	293.199608	293.199609	4.47000332e-07	1.24623279e-05	0	0	0	0	3
530	58742	0	3.11892911	293.199608	293.199609	293.199608	293.199609	4.47000332e-07	1.24623279e-05	0	0	0	0	3
531	58744	0	3.12481389	293.199608	293.199609	293.199608	293.199609	4.47000332e-07	1.24623279e-05	0	0	0	0	3
532	58747	0	3.13069866	293.199608	293.199609	293.199608	293.199609	4.47000332e-07	1.24623279e-05	0	0	0	0	3
533	58750	0	3.13658343	293.199608	293.199609	293.199608	293.199609	4.47000332e-07	1.24623279e-05	0	0	0	0	3
534	58752	0	3.1424682	293.199609	293.199609	293.199608	293.199609	4.47000332e-07	1.24623279e-05	0	0	0	0	3
535	58755	0	3.14835297	293.199609	293.199609	293.199608	293.199609	4.47000332e-07	1.24623279e-05	0	0	0	0	3
536	58757	0	3.15423775	293.199609	293.199609	293.199608	293.199609	4.47000332e-07	1.24623279e-05	0	0	0	0	3
537	58760	0	3.16012252	293.199609	293.199609	293.199608	293.199609	4.47000332e-07	1.24623279e-05	0	0	0	0	3
538	58762	0	3.16600729	293.199609	293.199609	293.199608	293.199609	4.47000332e-07	1.24623279e-05	0	0	0	0	3
539	58765	0	3.17189206	293.199609	293.199609	293.199608	293.199609	4.47000332e-07	1.24623279e-05	0	0	0	0	3
540	58768	0	3.17777683	293.199609	293.199609	293.199608	293.199609	4.47000332e-07	1.24623279e-05	0	0	0	0	3
541	58770	0	3.1836616	293.199609	293.199609	293.199608	293.199609	4.47000332e-07	1.24623279e-05	0	0	0	0	3
542	58772	0	3.18954638	293.199609	293.199609	293.199608	293.199609	4.47000332e-07	1.24623279e-05	0	0	0	0	3
543	58775	0	3.19543115	293.199609	293.199609	293.199608	293.199609	4.47000332e-07	1.24623279e-05	0	0	0	0	3
544	58777	0	3.20131592	293.199609	293.199609	293.199608	293.199609	4.47000332e-07	1.24623279e-05	0	0	0	0	3
545	58780	0	3.20720069	293.199609	293.199609	293.199608	293.199609	4.47000332e-07	1.24623279e-05	0	0	0	0	3
546	58782	0	3.21308546	293.199609	293.199609	293.199608	293.199609	4.47000332e-07	1.24623279e-05	0	0	0	0	3
547	58785	0	3.21897024	293.199609	293.199609	293.199608	293.199609	4.47000332e-07	1.24623279e-05	0	0	0	0	3
548	58788	0	3.22485501	293.199609	293.199609	293.199608	293.199609	4.47000332e-07	1.24623279e-05	0	0	0	0	3
549	58790	0	3.23073978	293.199609	293.199609	293.199608	293.199609	4.47000332e-07	1.24623279e-05	0	0	0	0	3
550	58792	0	3.23662455	293.199609	293.199609	293.199608	293.199609	4.47000332e-07	1.24623279e-05	0	0	0	0	3
551	58795	0	3.24250932	293.199609	293.199609	293.199608	293.199609	4.47000332e-07	1.24623279e-05	0	0	0	0	3
552	58797	0	3.2483941	293.199609	293.199609	293.199608	293.199609	4.47000332e-07	1.24623279e-05	0	0	0	0	3
553	58800	0	3.25427887	293.199609	293.199609	293.199608	293.199609	4.46878403e-07	1.24623279e-05	0	0	0	0	3
554	58802	0	3.26016364	293.199609	293.199609	293.199608	293.199609	4.43676299e-07	1.24623279e-05	0	0	0	0	3
555	58805	0	3.26604841	293.199609	293.199609	293.199608	293.199609	4.38164193e-07	1.24623279e-05	0	0	0	0	3
556	58807	0	3.27193318	293.199609	293.199609	293.199608	293.199609	4.30271882e-07	1.24623279e-05	0	0	0	0	3
557	58810	0	3.27781796	293.199609	293.199609	293.199608	293.199609	4.19885964e-07	1.24623279e-05	0	0	0	0	3
558	58812	0	3.28370273	293.199609	293.199609	293.199608	293.199609	4.07436232e-07	1.24623279e-05	0	0	0	0	3
559	58815	0	3.2895875	293.199609	293.199609	293.199608	293.199609	3.93453092e-07	1.24623279e-05	0	0	0	0	3
560	58817	0	3.29547227	293.199609	293.199609	293.199608	293.199609	3.76669561e-07	1.24623279e-05	0	0	0	0	3
561	58820	0	3.30135704	293.199609	293.199609	293.199608	293.199609	3.57777026e-07	1.24623279e-05	0	0	0	0	3
562	58822	0	3.30724181	293.199609	293.199609	293.199608	293.199609	3.39469295e-07	1.24623279e-05	0	0	0	0	3
563	58825	0	3.31312659	293.199609	293.199609	293.199608	293.199609	3.20389006e-07	1.24623279e-05	0	0	0	0	3
564	58828	0	3.31901136	293.199609	293.199609	293.199608	293.199609	3.01358796e-07	1.24623279e-05	0	0	0	0	3
565	58830	0	3.32489613	293.199609	293.199609	293.199608	293.199609	2.82745248e-07	1.24623279e-05	0	0	0	0	3
566	58833	0	3.3307809	293.199609	293.199609	293.199608	293.199609	2.629086e-07	1.24623279e-05	0	0	0	0	3
567	58835	0	3.33666567	293.199609	293.199609	293.199608	293.199609	2.41990392e-07	1.24623279e-05	0	0	0	0	3
568	58838	0	3.34255045	293.199609	293.199609	293.199608	293.199609	2.20053323e-07	1.24623279e-05	0	0	0	0	3
569	58840	0	3.34843522	293.199609	293.199609	293.199608	293.199609	1.97600684e-07	1.24623279e-05	0	0	0	0	3
570	58843	0	3.35431999	293.199609	293.199609	293.199608	293.199609	1.74740478e-07	1.24623279e-05	0	0	0	0	3
571	58846	0	3.36020476	293.199609	293.199609	293.199608	293.199609	1.52926702e-07	1.24623279e-05	0	0	0	0	3
572	58848	0	3.36608953	293.199609	293.199609	293.199608	293.199609	1.37604388e-07	1.24623279e-05	0	0	0	0	3
573	58851	0	3.37197431	293.199609	293.199609	293.199608	293.199609	1.37604388e-07	1.24623279e-05	0	0	0	0	3
574	58853	0	3.37785908	293.199609	293.199609	293.199608	293.199609	1.37604388e-07	1.24623279e-05	0	0	0	0	3
575	58856	0	3.38374385	293.199609	293.199609	293.199608	293.199609	1.37604388e-07	1.24623279e-05	0	0	0	0	3
576	58858	0	3.38962862	293.199609	293.199609	293.199608	293.199609	1.37604388e-07	1.24623279e-05	0	0	0	0	3
577	58861	0	3.39551339	293.199609	293.199609	293.199608	293.199609	1.37604388e-07	1.24623279e-05	0	0	0	0	3
578	58864	0	3.40139817	293.199609	293.199609	293.199608	293.199609	1.37604388e-07	1.24623279e-05	0	0	0	0	3
579	58866	0	3.40728294	293.199609	293.199609	293.199608	293.199609	1.37604388e-07	1.24623279e-05	0	0	0	0	3
580	58869	0	3.41316771	293.199608	293.199609	293.199608	293.199609	1.37604388e-07	1.24623279e-05	0	0	0	0	3
581	58871	0	3.41905248	293.199608	293.199609	293.199608	293.199609	1.37604388e-07	1.24623279e-05	0	0	0	0	3
582	58874	0	3.42493725	293.199608	293.199609	293.199608	293.199609	1.40469183e-07	1.24623279e-05	0	0	0	0	3
583	58877	0	3.43082202	293.199608	293.199609	293.199608	293.199609	1.48053402e-07	1.24623279e-05	0	0	0	0	3
584	58879	0	3.4367068	293.199608	293.199609	293.199608	293.199609	1.56535407e-07	1.24623279e-05	0	0	0	0	3
585	58881	0	3.44259157	293.199608	293.199609	293.199608	293.199609	1.65739721e-07	1.24623279e-05	0	0	0	0	3
586	58884	0	3.44847634	293.199608	293.199609	293.199608	293.199609	1.74151694e-07	1.24623279e-05	0	0	0	0	3
587	58886	0	3.45436111	293.199608	293.199609	293.199608	293.199609	1.79301026e-07	1.24623279e-05	0	0	0	0	3
588	58889	0	3.46024588	293.199608	293.199609	293.199608	293.199609	1.80378152e-07	1.24623279e-05	0	0	0	0	3
589	58891	0	3.46613066	293.199608	293.199609	293.199608	293.199609	1.79974847e-07	1.24623279e-05	0	0	0	0	3
590	58893	0	3.47201543	293.199608	293.199609	293.199608	293.199609	1.80261168e-07	1.24623279e-05	0	0	0	0	3
591	58896	0	3.4779002	293.199608	293.199609	293.199608	293.199609	1.84297221e-07	1.24623279e-05	0	0	0	0	3
592	58898	0	3.48378497	293.199608	293.199609	293.199608	293.199609	1.91376614e-07	1.24623279e-05	0	0	0	0	3
593	58901	0	3.48966974	293.199608	293.199609	293.199608	293.199609	1.9973811e-07	1.24623279e-05	0	0	0	0	3
594	58904	0	3.49555452	293.199608	293.199609	293.199608	293.199609	2.08431914e-07	1.24623279e-05	0	0	0	0	3
595	58906	0	3.50143929	293.199608	293.199609	293.199608	293.199609	2.1877139e-07	1.24623279e-05	0	0	0	0	3
596	58909	0	3.50732406	293.199608	293.199609	293.199608	293.199609	2.29081081e-07	1.24623279e-05	0	0	0	0	3
597	58911	0	3.51320883	293.199608	293.199609	293.199608	293.199609	2.38215534e-07	1.24623279e-05	0	0	0	0	3
598	58914	0	3.5190936	293.199608	293.199609	293.199608	293.199609	2.46267348e-07	1.24623279e-05	0	0	0	0	3
599	58916	0	3.52497838	293.199608	293.199609	293.199608	293.199609	2.52566394e-07	1.24623279e-05	0	0	0	0	3
600	58919	0	3.53086315	293.199609	293.199609	293.199608	293.199609	2.57953729e-07	1.24623279e-05	0	0	0	0	3
601	58926	0	3.53674792	293.199609	293.199609	293.199608	293.199609	2.62645926e-07	1.24623279e-05	0	0	0	0	3
602	58928	0	3.54263269	293.199609	293.199609	293.199608	293.199609	2.67229268e-07	1.24623279e-05	0	0	0	0	3
603	58931	0	3.54851746	293.199609	293.199609	293.199608	293.199609	2.71489171e-07	1.24623279e-05	0	0	0	0	3
604	58933	0	3.55440224	293.199609	293.199609	293.199608	293.199609	2.74858735e-07	1.24623279e-05	0	0	0	0	3
605	58936	0	3.56028701	293.199609	293.199609	293.199608	293.199609	2.76360936e-07	1.24623279e-05	0	0	0	0	3
606	58938	0	3.56617178	293.199609	293.199609	293.199608	293.199609	2.76712058e-07	1.24623279e-05	0	0	0	0	3
607	58941	0	3.57205655	293.199609	293.199609	293.199608	293.199609	2.76712058e-07	1.24623279e-05	0	0	0	0	3
608	58943	0	3.57794132	293.199609	293.199609	293.199608	293.199609	2.76712058e-07	1.24623279e-05	0	0	0	0	3
609	58946	0	3.58382609	293.199609	293.199609	293.199608	293.199609	2.76712058e-07	1.24623279e-05	0	0	0	0	3
610	58949	0	3.58971087	293.199609	293.199609	293.199608	293.199609	2.76712058e-07	1.24623279e-05	0	0	0	0	3
611	58951	0	3.59559564	293.199609	293.199609	293.199608	293.199609	2.76712058e-07	1.24623279e-05	0	0	0	0	3
612	58954	0	3.60148041	293.199609	293.199609	293.199608	293.199609	2.76712058e-07	1.24623279e-05	0	0	0	0	3
613	58956	0	3.60736518	293.199609	293.199609	293.199608	293.199609	2.76712058e-07	1.24623279e-05	0	0	0	0	3
614	58959	0	3.61324995	293.199609	293.199609	293.199608	293.199609	2.76712058e-07	1.24623279e-05	0	0	0	0	3
615	58961	0	3.61913473	293.19961	293.199609	293.199608	293.19961	2.76712058e-07	1.24623279e-05	0	0	0	0	3
616	58964	0	3.6250195	293.19961	293.199609	293.199608	293.19961	2.76712058e-07	1.24623279e-05	0	0	0	0	3
617	58966	0	3.63090427	293.19961	293.199609	293.199608	293.19961	2.76712058e-07	1.24623279e-05	0	0	0	0	3
618	58969	0	3.63678904	293.19961	293.199609	293.199608	293.19961	2.76712058e-07	1.24623279e-05	0	0	0	0	3
619	58971	0	3.64267381	293.19961	293.199609	293.199608	293.19961	2.76712058e-07	1.24623279e-05	0	0	0	0	3
620	58974	0	3.64855859	293.19961	293.199609	293.199608	293.19961	2.76712058e-07	1.24623279e-05	0	0	0	0	3
621	58976	0	3.65444336	293.19961	293.199609	293.199608	293.19961	2.76712058e-07	1.24623279e-05	0	0	0	0	3
622	58979	0	3.66032813	293.19961	293.199609	293.199608	293.19961	2.76712058e-07	1.24623279e-05	0	0	0	0	3
623	58981	0	3.6662129	293.19961	293.199609	293.199608	293.19961	2.76712058e-07	1.24623279e-05	0	0	0	0	3
624	58984	0	3.67209767	293.199609	293.199609	293.199608	293.19961	2.76712058e-07	1.24623279e-05	0	0	0	0	3
625	58986	0	3.67798245	293.199609	293.199609	293.199608	293.19961	2.76712058e-07	1.24623279e-05	0	0	0	0	3
626	58988	0	3.68386722	293.199609	293.199609	293.199608	293.19961	2.76712058e-07	1.24623279e-05	0	0	0	0	3
627	58991	0	3.68975199	293.199609	293.199609	293.199608	293.19961	2.76712058e-07	1.24623279e-05	0	0	0	0	3
628	58993	0	3.69563676	293.199609	293.199609	293.199608	293.19961	2.76712058e-07	1.24623279e-05	0	0	0	0	3
629	58995	0	3.70152153	293.19961	293.199609	293.199608	293.19961	2.76712058e-07	1.24623279e-05	0	0	0	0	3
630	58998	0	3.7074063	293.19961	293.199609	293.199608	293.19961	2.76712058e-07	1.24623279e-05	0	0	0	0	3
631	59000	0	3.71329108	293.19961	293.199609	293.199608	293.19961	2.76712058e-07	1.24623279e-05	0	0	0	0	3
632	59003	0	3.71917585	293.199609	293.199609	293.199608	293.19961	2.76712058e-07	1.24623279e-05	0	0	0	0	3
633	59005	0	3.72506062	293.199609	293.199609	293.199608	293.19961	2.76712058e-07	1.24623279e-05	0	0	0	0	3
634	59008	0	3.73094539	293.199609	293.199609	293.199608	293.19961	2.76712058e-07	1.24623279e-05	0	0	0	0	3
635	59011	0	3.73683016	293.199609	293.199609	293.199608	293.19961	2.76712058e-07	1.24623279e-05	0	0	0	0	3
636	59013	0	3.74271494	293.199609	293.199609	293.199608	293.19961	2.76712058e-07	1.24623279e-05	0	0	0	0	3
637	59016	0	3.74859971	293.199609	293.199609	293.199608	293.19961	2.76712058e-07	1.24623279e-05	0	0	0	0	3
638	59018	0	3.75448448	293.199609	293.199609	293.199608	293.19961	2.76712058e-07	1.24623279e-05	0	0	0	0	3
639	59021	0	3.76036925	293.199609	293.199609	293.199608	293.19961	2.76712058e-07	1.24623279e-05	0	0	0	0	3
640	59023	0	3.76625402	293.199609	293.199609	293.199608	293.19961	2.76712058e-07	1.24623279e-05	0	0	0	0	3
641	59026	0	3.7721388	293.199608	293.199609	293.199608	293.19961	2.76712058e-07	1.24623279e-05	0	0	0	0	3
642	59028	0	3.77802357	293.199608	293.199609	293.199608	293.19961	2.75744526e-07	1.24623279e-05	0	0	0	0	3
643	59031	0	3.78390834	293.199608	293.199609	293.199608	293.19961	2.73646776e-07	1.24623279e-05	0	0	0	0	3
644	59034	0	3.78979311	293.199608	293.199609	293.199608	293.19961	2.72018895e-07	1.24623279e-05	0	0	0	0	3
645	59036	0	3.79567788	293.199608	293.199609	293.199608	293.19961	2.70215651e-07	1.24623279e-05	0	0	0	0	3
646	59039	0	3.80156266	293.199608	293.199609	293.199608	293.19961	2.67278097e-07	1.24623279e-05	0	0	0	0	3
647	59041	0	3.80744743	293.199608	293.199609	293.199608	293.19961	2.62943331e-07	1.24623279e-05	0	0	0	0	3
648	59044	0	3.8133322	293.199608	293.199609	293.199608	293.19961	2.57552017e-07	1.24623279e-05	0	0	0	0	3
649	59046	0	3.81921697	293.199608	293.199609	293.199608	293.19961	2.51831068e-07	1.24623279e-05	0	0	0	0	3
650	59049	0	3.82510174	293.199608	293.199609	293.199608	293.19961	2.46011837e-07	1.24623279e-05	0	0	0	0	3
651	59052	0	3.83098651	293.199609	293.199609	293.199608	293.19961	2.39556982e-07	1.24623279e-05	0	0	0	0	3
652	59054	0	3.83687129	293.199609	293.199609	293.199608	293.19961	2.33538856e-07	1.24623279e-05	0	0	0	0	3
653	59057	0	3.84275606	293.199609	293.199609	293.199608	293.19961	2.33538856e-07	1.24623279e-05	0	0	0	0	3
654	59059	0	3.84864083	293.199609	293.199609	293.199608	293.19961	2.33538856e-07	1.24623279e-05	0	0	0	0	3
655	59062	0	3.8545256	293.199609	293.199609	293.199608	293.19961	2.33538856e-07	1.24623279e-05	0	0	0	0	3
656	59064	0	3.86041037	293.199609	293.199609	293.199608	293.19961	2.33538856e-07	1.24623279e-05	0	0	0	0	3
657	59067	0	3.86629515	293.199609	293.199609	293.199608	293.19961	2.33538856e-07	1.24623279e-05	0	0	0	0	3
658	59069	0	3.87217992	293.199609	293.199609	293.199608	293.19961	2.33538856e-07	1.24623279e-05	0	0	0	0	3
659	59072	0	3.87806469	293.199609	293.199609	293.199608	293.19961	2.33538856e-07	1.24623279e-05	0	0	0	0	3
660	59075	0	3.88394946	293.199609	293.199609	293.199608	293.19961	2.33538856e-07	1.24623279e-05	0	0	0	0	3
661	59077	0	3.88983423	293.199609	293.199609	293.199608	293.19961	2.33538856e-07	1.24623279e-05	0	0	0	0	3
662	59080	0	3.89571901	293.19961	293.199609	293.199608	293.19961	2.33538856e-07	1.24623279e-05	0	0	0	0	3
663	59082	0	3.90160378	293.19961	293.199609	293.199608	293.19961	2.33538856e-07	1.24623279e-05	0	0	0	0	3
664	59085	0	3.90748855	293.19961	293.199609	293.199608	293.19961	2.33538856e-07	1.24623279e-05	0	0	0	0	3
665	59088	0	3.91337332	293.19961	293.199609	293.199608	293.19961	2.44538626e-07	1.24623279e-05	0	0	0	0	3
666	59090	0	3.91925809	293.19961	293.199609	293.199608	293.19961	2.6142817e-07	1.24623279e-05	0	0	0	0	3
667	59093	0	3.92514287	293.19961	293.199609	293.199608	293.19961	2.81414316e-07	1.24623279e-05	0	0	0	0	3
668	59095	0	3.93102764	293.19961	293.199609	293.199608	293.19961	3.04147136e-07	1.24623279e-05	0	0	0	0	3
669	59098	0	3.93691241	293.19961	293.199609	293.199608	293.19961	3.27168209e-07	1.24623279e-05	0	0	0	0	3
670	59100	0	3.94279718	293.19961	293.199609	293.199608	293.19961	3.51316089e-07	1.24623279e-05	0	0	0	0	3
671	59103	0	3.94868195	293.19961	293.199609	293.199608	293.19961	3.76351977e-07	1.24623279e-05	0	0	0	0	3
672	59105	0	3.95456673	293.199609	293.199609	293.199608	293.19961	3.99780902e-07	1.24623279e-05	0	0	0	0	3
673	59108	0	3.9604515	293.199609	293.199609	293.199608	293.19961	4.20036486e-07	1.24623279e-05	0	0	0	0	3
674	59111	0	3.96633627	293.199609	293.199609	293.199608	293.19961	4.38246786e-07	1.24623279e-05	0	0	0	0	3
675	59113	0	3.97222104	293.199609	293.199609	293.199608	293.19961	4.54684596e-07	1.24623279e-05	0	0	0	0	3
676	59116	0	3.97810581	293.199609	293.199609	293.199608	293.19961	4.68543305e-07	1.24623279e-05	0	0	0	0	3
677	59118	0	3.98399058	293.199609	293.199609	293.199608	293.19961	4.79990717e-07	1.24623279e-05	0	0	0	0	3
678	59121	0	3.98987536	293.199609	293.199609	293.199608	293.19961	4.90277159e-07	1.24623279e-05	0	0	0	0	3
679	59124	0	3.99576013	293.199609	293.199609	293.199608	293.19961	4.98853581e-07	1.24623279e-05	0	0	0	0	3
680	59127	0	4.0016449	293.199608	293.199609	293.199608	293.19961	5.06220942e-07	1.24623279e-05	0	0	0	0	3
