Iteration	CPUTime	PhysTime	Travels	Value	AvValue	MinValue	MaxValue	Delta	Criteria	Progress	CriteriaType	CriteriaVarType	CriteriaPercentage
1	15	0	0.0057370669	1.31744656	1.31744656	1.31744656	1.31744656	0	0	0	0	0	0	3
2	19	0	0.0114741338	1.06570681	1.19157668	1.06570681	1.31744656	0.125869872	0	0	0	0	0	3
3	22	0	0.0172112007	1.08115081	1.15476806	1.06570681	1.31744656	0.162678496	0	0	0	0	0	3
4	24	0	0.0229482676	1.05166677	1.12899274	1.05166677	1.31744656	0.188453819	0	0	0	0	0	3
5	27	0	0.0286853345	1.0489819	1.11299057	1.0489819	1.31744656	0.204455987	0	0	0	0	0	3
6	29	0	0.0344224014	1.05158292	1.10275596	1.0489819	1.31744656	0.214690595	0	0	0	0	0	3
7	31	0	0.0401594683	1.05054656	1.09529747	1.0489819	1.31744656	0.222149081	0	0	0	0	0	3
8	33	0	0.0458965352	1.0497345	1.0896021	1.0489819	1.31744656	0.227844453	0	0	0	0	0	3
9	35	0	0.0516336021	1.04863526	1.08505023	1.04863526	1.31744656	0.232396325	0	0	0	0	0	3
10	37	0	0.057370669	1.04775742	1.08132095	1.04775742	1.31744656	0.236125606	0	0	0	0	0	3
11	40	0	0.0631077359	1.0414966	1.07770055	1.0414966	1.31744656	0.239746002	0	0	0	0	0	3
12	42	0	0.0688448028	1.03995621	1.07455519	1.03995621	1.31744656	0.242891363	0	0	0	0	0	3
13	44	0	0.0745818697	1.03829915	1.07176627	1.03829915	1.31744656	0.245680289	0	0	0	0	0	3
14	46	0	0.0803189366	1.03676702	1.06926632	1.03676702	1.31744656	0.248180235	0	0	0	0	0	3
15	48	0	0.0860560035	1.03519747	1.06699506	1.03519747	1.31744656	0.250451492	0	0	0	0	0	3
16	50	0	0.0917930704	1.02949732	1.06465145	1.02949732	1.31744656	0.252795101	0	0	0	0	0	3
17	53	0	0.0975301373	1.02748796	1.06246537	1.02748796	1.31744656	0.254981189	0	0	0	0	0	3
18	55	0	0.103267204	1.02555239	1.06041465	1.02555239	1.31744656	0.257031909	0	0	0	0	0	3
19	57	0	0.109004271	1.02362761	1.05847849	1.02362761	1.31744656	0.258968069	0	0	0	0	0	3
20	59	0	0.114741338	1.02181232	1.05664518	1.02181232	1.31744656	0.260801378	0	0	0	0	0	3
21	61	0	0.120478405	1.01008454	1.054428	1.01008454	1.31744656	0.263018551	0	0	0	0	0	3
22	64	0	0.126215472	1.00764355	1.05230144	1.00764355	1.31744656	0.265145117	0	0	0	0	0	3
23	66	0	0.131952539	1.00522148	1.05025448	1.00522148	1.31744656	0.267192072	0	0	0	0	0	3
24	68	0	0.137689606	1.00297799	1.04828463	1.00297799	1.31744656	0.269161926	0	0	0	0	0	3
25	70	0	0.143426672	1.00080546	1.04638546	1.00080546	1.31744656	0.271061092	0	0	0	0	0	3
26	73	0	0.149163739	0.975854828	1.04367275	0.975854828	1.31744656	0.273773809	0	0	0	0	0	3
27	75	0	0.154900806	0.97335287	1.04106831	0.97335287	1.31744656	0.276378249	0	0	0	0	0	3
28	77	0	0.160637873	0.971173332	1.03857206	0.971173332	1.31744656	0.278874498	0	0	0	0	0	3
29	79	0	0.16637494	0.969215051	1.03618044	0.969215051	1.31744656	0.281266119	0	0	0	0	0	3
30	82	0	0.172112007	0.96751208	1.03389149	0.96751208	1.31744656	0.283555064	0	0	0	0	0	3
31	84	0	0.177849074	0.894126538	1.02938294	0.894126538	1.31744656	0.288063611	0	0	0	0	0	3
32	86	0	0.183586141	0.892426168	1.02510304	0.892426168	1.31744656	0.29234351	0	0	0	0	0	3
33	89	0	0.189323208	0.890990999	1.02103904	0.890990999	1.31744656	0.296407512	0	0	0	0	0	3
34	91	0	0.195060275	0.889883881	1.01718154	0.889883881	1.31744656	0.300265016	0	0	0	0	0	3
35	93	0	0.200797341	0.888940339	1.0135175	0.888940339	1.31744656	0.303929051	0	0	0	0	0	3
36	96	0	0.206534408	0.834205313	1.00853661	0.834205313	1.31744656	0.308909945	0	0	0	0	0	3
37	98	0	0.212271475	0.833933981	1.00381762	0.833933981	1.31744656	0.313628935	0	0	0	0	0	3
38	100	0	0.218008542	0.833859847	0.999345047	0.833859847	1.31744656	0.318101508	0	0	0	0	0	3
39	103	0	0.223745609	0.833820743	0.995100834	0.833820743	1.31744656	0.322345721	0	0	0	0	0	3
40	105	0	0.229482676	0.833839271	0.991069295	0.833820743	1.31744656	0.32637726	0	0	0	0	0	3
41	108	0	0.235219743	0.784472626	0.986030352	0.784472626	1.31744656	0.331416203	0	0	0	0	0	3
42	110	0	0.24095681	0.785266146	0.981250252	0.784472626	1.31744656	0.336196303	0	0	0	0	0	3
43	112	0	0.246693877	0.78598548	0.976709211	0.784472626	1.31744656	0.340737344	0	0	0	0	0	3
44	115	0	0.252430944	0.78655348	0.97238749	0.784472626	1.31744656	0.345059065	0	0	0	0	0	3
45	118	0	0.25816801	0.787083917	0.968269632	0.784472626	1.31744656	0.349176923	0	0	0	0	0	3
46	120	0	0.263905077	0.748482119	0.963491643	0.748482119	1.31744656	0.353954912	0	0	0	0	0	3
47	123	0	0.269642144	0.749299742	0.958934369	0.748482119	1.31744656	0.358512187	0	0	0	0	0	3
48	126	0	0.275379211	0.749966776	0.954580877	0.748482119	1.31744656	0.362865678	0	0	0	0	0	3
49	128	0	0.281116278	0.750505089	0.950416065	0.748482119	1.31744656	0.36703049	0	0	0	0	0	3
50	130	0	0.286853345	0.750957326	0.94642689	0.748482119	1.31744656	0.371019665	0	0	0	0	0	3
51	133	0	0.292590412	0.723187716	0.942049652	0.723187716	1.31744656	0.375396904	0	0	0	0	0	3
52	135	0	0.298327479	0.723788514	0.937852322	0.723187716	1.31744656	0.379594233	0	0	0	0	0	3
53	137	0	0.304064546	0.724176882	0.93382071	0.723187716	1.31744656	0.383625845	0	0	0	0	0	3
54	139	0	0.309801613	0.724532592	0.929945004	0.723187716	1.31744656	0.387501551	0	0	0	0	0	3
55	142	0	0.315538679	0.724762426	0.926214412	0.723187716	1.31744656	0.391232143	0	0	0	0	0	3
56	144	0	0.321275746	0.71192655	0.922387843	0.71192655	1.31744656	0.395058712	0	0	0	0	0	3
57	146	0	0.327012813	0.712238254	0.918701008	0.71192655	1.31744656	0.398745547	0	0	0	0	0	3
58	149	0	0.33274988	0.712539786	0.915146504	0.71192655	1.31744656	0.402300051	0	0	0	0	0	3
59	151	0	0.338486947	0.712722106	0.911715582	0.71192655	1.31744656	0.405730973	0	0	0	0	0	3
60	153	0	0.344224014	0.712900031	0.90840199	0.71192655	1.31744656	0.409044566	0	0	0	0	0	3
61	155	0	0.349961081	0.706461384	0.905091488	0.706461384	1.31744656	0.412355067	0	0	0	0	0	3
62	158	0	0.355698148	0.706630271	0.9018905	0.706461384	1.31744656	0.415556055	0	0	0	0	0	3
63	160	0	0.361435215	0.706756341	0.898793133	0.706461384	1.31744656	0.418653422	0	0	0	0	0	3
64	162	0	0.367172282	0.706879038	0.895794475	0.706461384	1.31744656	0.42165208	0	0	0	0	0	3
65	165	0	0.372909348	0.706942765	0.892889064	0.706461384	1.31744656	0.424557491	0	0	0	0	0	3
66	167	0	0.378646415	0.702678735	0.890007089	0.702678735	1.31744656	0.427439466	0	0	0	0	0	3
67	169	0	0.384383482	0.70280206	0.887212985	0.702678735	1.31744656	0.430233571	0	0	0	0	0	3
68	172	0	0.390120549	0.70290286	0.884502542	0.702678735	1.31744656	0.432944014	0	0	0	0	0	3
69	174	0	0.395857616	0.702960251	0.881871494	0.702678735	1.31744656	0.435575061	0	0	0	0	0	3
70	176	0	0.401594683	0.703013207	0.879316375	0.702678735	1.31744656	0.43813018	0	0	0	0	0	3
71	178	0	0.40733175	0.702038838	0.876819509	0.702038838	1.31744656	0.440627046	0	0	0	0	0	3
72	181	0	0.413068817	0.702117232	0.874393088	0.702038838	1.31744656	0.443053467	0	0	0	0	0	3
73	183	0	0.418805884	0.702133446	0.872033367	0.702038838	1.31744656	0.445413188	0	0	0	0	0	3
74	185	0	0.424542951	0.702237793	0.869738832	0.702038838	1.31744656	0.447707723	0	0	0	0	0	3
75	188	0	0.430280017	0.702203379	0.867505026	0.702038838	1.31744656	0.449941529	0	0	0	0	0	3
76	190	0	0.436017084	0.700507512	0.865307691	0.700507512	1.31744656	0.452138865	0	0	0	0	0	3
77	192	0	0.441754151	0.700499809	0.863167328	0.700499809	1.31744656	0.454279227	0	0	0	0	0	3
78	194	0	0.447491218	0.700518815	0.861082091	0.700499809	1.31744656	0.456364464	0	0	0	0	0	3
79	197	0	0.453228285	0.700520107	0.859049661	0.700499809	1.31744656	0.458396894	0	0	0	0	0	3
80	199	0	0.458965352	0.700544516	0.857068347	0.700499809	1.31744656	0.460378208	0	0	0	0	0	3
81	201	0	0.464702419	0.699493576	0.855122979	0.699493576	1.31744656	0.462323576	0	0	0	0	0	3
82	204	0	0.470439486	0.699572918	0.853226027	0.699493576	1.31744656	0.464220528	0	0	0	0	0	3
83	206	0	0.476176553	0.69963702	0.851375557	0.699493576	1.31744656	0.466070998	0	0	0	0	0	3
84	209	0	0.48191362	0.699710684	0.849570023	0.699493576	1.31744656	0.467876532	0	0	0	0	0	3
85	211	0	0.487650686	0.699729676	0.847807195	0.699493576	1.31744656	0.46963936	0	0	0	0	0	3
86	214	0	0.493387753	0.698341366	0.846069221	0.698341366	1.31744656	0.471377334	0	0	0	0	0	3
87	216	0	0.49912482	0.698373166	0.844371565	0.698341366	1.31744656	0.47307499	0	0	0	0	0	3
88	219	0	0.504861887	0.698421175	0.842713038	0.698341366	1.31744656	0.474733517	0	0	0	0	0	3
89	222	0	0.510598954	0.698381364	0.835678206	0.698341366	1.08115081	0.355898477	0	0	0	0	0	3
90	224	0	0.516336021	0.698404004	0.83150431	0.698341366	1.08115081	0.323263749	0	0	0	0	0	3
91	227	0	0.522073088	0.699052447	0.827162284	0.698341366	1.05166677	0.301830452	0	0	0	0	0	3
92	230	0	0.527810155	0.699038671	0.823155146	0.698341366	1.05158292	0.289835422	0	0	0	0	0	3
93	232	0	0.533547222	0.698944218	0.819177445	0.698341366	1.05158292	0.283578514	0	0	0	0	0	3
94	235	0	0.539284289	0.698965956	0.815170434	0.698341366	1.05054656	0.28012704	0	0	0	0	0	3
95	238	0	0.545021355	0.698896723	0.811174413	0.698341366	1.0497345	0.278427688	0	0	0	0	0	3
96	240	0	0.550758422	0.697788105	0.807175023	0.697788105	1.04863526	0.277875208	0	0	0	0	0	3
97	243	0	0.556495489	0.697751364	0.803187706	0.697751364	1.04775742	0.278133244	0	0	0	0	0	3
98	245	0	0.562232556	0.697736814	0.799210199	0.697736814	1.0414966	0.278490355	0	0	0	0	0	3
99	248	0	0.567969623	0.697613955	0.795302441	0.697613955	1.03995621	0.27925275	0	0	0	0	0	3
100	250	0	0.57370669	0.697568019	0.791411666	0.697568019	1.03829915	0.280354599	0	0	0	0	0	3
101	257	0	0.579443757	0.697242833	0.787536026	0.697242833	1.03676702	0.281730293	0	0	0	0	0	3
102	260	0	0.585180824	0.697257081	0.783677959	0.697242833	1.03519747	0.283317104	0	0	0	0	0	3
103	262	0	0.590917891	0.697231136	0.779837432	0.697231136	1.02949732	0.284814022	0	0	0	0	0	3
104	265	0	0.596654958	0.697271525	0.776062139	0.697231136	1.02748796	0.286403227	0	0	0	0	0	3
105	267	0	0.602392024	0.697224282	0.772309143	0.697224282	1.02555239	0.288105503	0	0	0	0	0	3
106	270	0	0.608129091	0.698026939	0.768587263	0.697224282	1.02362761	0.289891223	0	0	0	0	0	3
107	273	0	0.613866158	0.698064248	0.764887679	0.697224282	1.02181232	0.291757498	0	0	0	0	0	3
108	275	0	0.619603225	0.69813615	0.761209541	0.697224282	1.01008454	0.293218463	0	0	0	0	0	3
109	278	0	0.625340292	0.698174787	0.757665112	0.697224282	1.00764355	0.294636326	0	0	0	0	0	3
110	280	0	0.631077359	0.698242097	0.754149186	0.697224282	1.00522148	0.296105297	0	0	0	0	0	3
111	283	0	0.636814426	0.698808336	0.750667219	0.697224282	1.00297799	0.297617411	0	0	0	0	0	3
112	285	0	0.642551493	0.698931996	0.747212151	0.697224282	1.00080546	0.299173312	0	0	0	0	0	3
113	288	0	0.64828856	0.698988294	0.74378241	0.697224282	0.975854828	0.278630547	0	0	0	0	0	3
114	291	0	0.654025627	0.699042526	0.740636816	0.697224282	0.97335287	0.276128589	0	0	0	0	0	3
115	294	0	0.659762693	0.699092637	0.737520222	0.697224282	0.971173332	0.27394905	0	0	0	0	0	3
116	296	0	0.66549976	0.699476859	0.734432762	0.697224282	0.969215051	0.27199077	0	0	0	0	0	3
117	299	0	0.671236827	0.699479244	0.731367583	0.697224282	0.96751208	0.270287799	0	0	0	0	0	3
118	301	0	0.676973894	0.699476105	0.728321719	0.697224282	0.894126538	0.196902256	0	0	0	0	0	3
119	304	0	0.682710961	0.699495757	0.726110006	0.697224282	0.892426168	0.195201887	0	0	0	0	0	3
120	307	0	0.688448028	0.699519556	0.723917885	0.697224282	0.890990999	0.193766717	0	0	0	0	0	3
121	309	0	0.694185095	0.700344164	0.721751444	0.697224282	0.889883881	0.192659599	0	0	0	0	0	3
122	312	0	0.699922162	0.700288597	0.719596952	0.697224282	0.888940339	0.191716058	0	0	0	0	0	3
123	315	0	0.705659229	0.700241109	0.717452643	0.697224282	0.834205313	0.136981032	0	0	0	0	0	3
124	317	0	0.711396296	0.700191233	0.715929755	0.697224282	0.833933981	0.1367097	0	0	0	0	0	3
125	319	0	0.717133362	0.700133062	0.71440929	0.697224282	0.833859847	0.136635565	0	0	0	0	0	3
126	322	0	0.722870429	0.699175213	0.712878783	0.697224282	0.833839271	0.136614989	0	0	0	0	0	3
127	325	0	0.728607496	0.699184337	0.711348824	0.697224282	0.833839271	0.136614989	0	0	0	0	0	3
128	327	0	0.734344563	0.699211009	0.709818957	0.697224282	0.787083917	0.0898596351	0	0	0	0	0	3
129	330	0	0.74008163	0.699226592	0.708850252	0.697224282	0.787083917	0.0898596351	0	0	0	0	0	3
130	332	0	0.745818697	0.699282237	0.707873163	0.697224282	0.787083917	0.0898596351	0	0	0	0	0	3
131	334	0	0.751555764	0.699765237	0.706893387	0.697224282	0.787083917	0.0898596351	0	0	0	0	0	3
132	337	0	0.757292831	0.699883767	0.705908504	0.697224282	0.787083917	0.0898596351	0	0	0	0	0	3
133	340	0	0.763029898	0.699941071	0.704918244	0.697224282	0.750957326	0.0537330445	0	0	0	0	0	3
134	342	0	0.768766965	0.700019242	0.70436753	0.697224282	0.750957326	0.0537330445	0	0	0	0	0	3
135	345	0	0.774504031	0.700045877	0.703807827	0.697224282	0.750957326	0.0537330445	0	0	0	0	0	3
136	347	0	0.780241098	0.700814741	0.703249281	0.697224282	0.750957326	0.0537330445	0	0	0	0	0	3
137	350	0	0.785978165	0.700797623	0.702684423	0.697224282	0.750957326	0.0537330445	0	0	0	0	0	3
138	352	0	0.791715232	0.700777636	0.7021142	0.697224282	0.724762426	0.0275381441	0	0	0	0	0	3
139	355	0	0.797452299	0.700745115	0.70185917	0.697224282	0.724762426	0.0275381441	0	0	0	0	0	3
140	357	0	0.803189366	0.700739738	0.701597252	0.697224282	0.724762426	0.0275381441	0	0	0	0	0	3
141	360	0	0.808926433	0.702680966	0.70135298	0.697224282	0.724762426	0.0275381441	0	0	0	0	0	3
142	362	0	0.8146635	0.702671705	0.701104561	0.697224282	0.724762426	0.0275381441	0	0	0	0	0	3
143	365	0	0.820400567	0.702660704	0.700853405	0.697224282	0.712900031	0.0156757495	0	0	0	0	0	3
144	367	0	0.826137634	0.702687693	0.700748418	0.697224282	0.712900031	0.0156757495	0	0	0	0	0	3
145	370	0	0.8318747	0.702670619	0.700639695	0.697224282	0.712900031	0.0156757495	0	0	0	0	0	3
146	372	0	0.837611767	0.702989389	0.700531168	0.697224282	0.712900031	0.0156757495	0	0	0	0	0	3
147	375	0	0.843348834	0.702967238	0.700420317	0.697224282	0.712900031	0.0156757495	0	0	0	0	0	3
148	378	0	0.849085901	0.702977686	0.700307563	0.697224282	0.706942765	0.00971848394	0	0	0	0	0	3
149	380	0	0.854822968	0.70293287	0.700267467	0.697224282	0.706942765	0.00971848394	0	0	0	0	0	3
150	383	0	0.860560035	0.702935232	0.700225477	0.697224282	0.706942765	0.00971848394	0	0	0	0	0	3
151	386	0	0.866297102	0.703226585	0.700185367	0.697224282	0.706942765	0.00971848394	0	0	0	0	0	3
152	388	0	0.872034169	0.703186956	0.700143411	0.697224282	0.706942765	0.00971848394	0	0	0	0	0	3
153	391	0	0.877771236	0.703109262	0.700099849	0.697224282	0.703226585	0.00600230333	0	0	0	0	0	3
154	393	0	0.883508303	0.703058931	0.700104169	0.697224282	0.703226585	0.00600230333	0	0	0	0	0	3
155	396	0	0.889245369	0.702975378	0.700106139	0.697224282	0.703226585	0.00600230333	0	0	0	0	0	3
156	398	0	0.894982436	0.701810837	0.700093729	0.697224282	0.703226585	0.00600230333	0	0	0	0	0	3
157	401	0	0.900719503	0.701705317	0.700079469	0.697224282	0.703226585	0.00600230333	0	0	0	0	0	3
158	404	0	0.90645657	0.701664026	0.700064137	0.697224282	0.703226585	0.00600230333	0	0	0	0	0	3
159	406	0	0.912193637	0.701606503	0.700059224	0.697224282	0.703226585	0.00600230333	0	0	0	0	0	3
160	409	0	0.917930704	0.701613037	0.700053495	0.697224282	0.703226585	0.00600230333	0	0	0	0	0	3
161	412	0	0.923667771	0.702380033	0.700056297	0.697224282	0.703226585	0.00600230333	0	0	0	0	0	3
162	414	0	0.929404838	0.702456068	0.700058777	0.697224282	0.703226585	0.00600230333	0	0	0	0	0	3
163	417	0	0.935141905	0.702490488	0.70006204	0.697224282	0.703226585	0.00600230333	0	0	0	0	0	3
164	420	0	0.940878972	0.702545539	0.700085199	0.697224282	0.703226585	0.00600230333	0	0	0	0	0	3
165	422	0	0.946616038	0.702526416	0.700108229	0.697224282	0.703226585	0.00600230333	0	0	0	0	0	3
166	425	0	0.952353105	0.703331116	0.700140187	0.697224282	0.703331116	0.00610683406	0	0	0	0	0	3
167	427	0	0.958090172	0.703257272	0.700171291	0.697224282	0.703331116	0.00610683406	0	0	0	0	0	3
168	430	0	0.963827239	0.703201894	0.700201488	0.697224282	0.703331116	0.00610683406	0	0	0	0	0	3
169	432	0	0.969564306	0.703161976	0.700243175	0.697224282	0.703331116	0.00610683406	0	0	0	0	0	3
170	434	0	0.975301373	0.703166094	0.700284006	0.697224282	0.703331116	0.00610683406	0	0	0	0	0	3
171	437	0	0.98103844	0.703693513	0.700330103	0.697224282	0.703693513	0.00646923191	0	0	0	0	0	3
172	439	0	0.986775507	0.703790353	0.700376463	0.697224282	0.703790353	0.00656607155	0	0	0	0	0	3
173	441	0	0.992512574	0.703838152	0.70042315	0.697224282	0.703838152	0.00661387014	0	0	0	0	0	3
174	444	0	0.998249641	0.703941502	0.700486788	0.697224282	0.703941502	0.00671722094	0	0	0	0	0	3
175	447	0	1.00398671	0.703957142	0.700550242	0.697224282	0.703957142	0.00673286061	0.0115177959	0	100	0	0	3
176	449	0	1.00972377	0.702877174	0.700600878	0.697224282	0.703957142	0.00673286061	0.0115177959	0	100	0	0	3
177	452	0	1.01546084	0.702780364	0.700650867	0.697224282	0.703957142	0.00673286061	0.0115177959	0	100	0	0	3
178	455	0	1.02119791	0.703207692	0.700705454	0.697224282	0.703957142	0.00673286061	0.0115177959	0	100	0	0	3
179	457	0	1.02693498	0.702111488	0.700740216	0.697224282	0.703957142	0.00673286061	0.0115177959	0	100	0	0	3
180	459	0	1.03267204	0.702311861	0.700777412	0.697224282	0.703957142	0.00673286061	0.0115177959	0	100	0	0	3
181	462	0	1.03840911	0.702073486	0.700812971	0.697224282	0.703957142	0.00673286061	0.0115177959	0	100	0	0	3
182	464	0	1.04414618	0.702693095	0.700855325	0.697224282	0.703957142	0.00673286061	0.0115177959	0	100	0	0	3
183	467	0	1.04988324	0.702591489	0.700897311	0.697224282	0.703957142	0.00673286061	0.0115177959	0	100	0	0	3
184	469	0	1.05562031	0.7024453	0.700950234	0.697224282	0.703957142	0.00673286061	0.0115177959	0	100	0	0	3
185	472	0	1.06135738	0.702865167	0.701008345	0.697224282	0.703957142	0.00673286061	0.0115177959	0	100	0	0	3
186	474	0	1.06709444	0.702770218	0.701065543	0.697224282	0.703957142	0.00673286061	0.0115177959	0	100	0	0	3
187	477	0	1.07283151	0.702889232	0.701125489	0.697224282	0.703957142	0.00673286061	0.0115177959	0	100	0	0	3
188	479	0	1.07856858	0.702755959	0.701184443	0.697224282	0.703957142	0.00673286061	0.0115177959	0	100	0	0	3
189	482	0	1.08430564	0.702448477	0.701243598	0.697224282	0.703957142	0.00673286061	0.0115177959	0	100	0	0	3
190	484	0	1.09004271	0.702413404	0.701302193	0.697224282	0.703957142	0.00673286061	0.0115177959	0	100	0	0	3
191	487	0	1.09577978	0.701893669	0.701355176	0.697224282	0.703957142	0.00673286061	0.0115177959	0	100	0	0	3
192	489	0	1.10151684	0.701755928	0.701406135	0.697224282	0.703957142	0.00673286061	0.0115177959	0	100	0	0	3
193	491	0	1.10725391	0.701804291	0.701458181	0.698026939	0.703957142	0.00593020272	0.0115177959	0	100	0	0	3
194	494	0	1.11299098	0.701908015	0.701502284	0.698064248	0.703957142	0.00589289397	0.0115177959	0	100	0	0	3
195	496	0	1.11872805	0.702233701	0.701549664	0.69813615	0.703957142	0.00582099199	0.0115177959	0	100	0	0	3
196	498	0	1.12446511	0.702611583	0.701600521	0.698174787	0.703957142	0.00578235472	0.0115177959	0	100	0	0	3
197	501	0	1.13020218	0.70231907	0.701647615	0.698242097	0.703957142	0.00571504544	0.0115177959	0	100	0	0	3
198	503	0	1.13593925	0.701933037	0.701689558	0.698808336	0.703957142	0.00514880592	0.0115177959	0	100	0	0	3
199	506	0	1.14167631	0.702053798	0.701726438	0.698931996	0.703957142	0.005025146	0.0115177959	0	100	0	0	3
200	508	0	1.14741338	0.702519526	0.701767206	0.698988294	0.703957142	0.00496884766	0.0115177959	0	100	0	0	3
201	515	0	1.15315045	0.702983281	0.701812603	0.699042526	0.703957142	0.00491461579	0.0115177959	0	100	0	0	3
202	517	0	1.15888751	0.703049704	0.701858139	0.699092637	0.703957142	0.00486450511	0.0115177959	0	100	0	0	3
203	520	0	1.16462458	0.702697897	0.701899108	0.699175213	0.703957142	0.00478192919	0.0115177959	0	100	0	0	3
204	522	0	1.17036165	0.702859757	0.70193755	0.699175213	0.703957142	0.00478192919	0.0115177959	0	100	0	0	3
205	524	0	1.17609871	0.702513698	0.701972033	0.699175213	0.703957142	0.00478192919	0.0115177959	0	100	0	0	3
206	527	0	1.18183578	0.702442737	0.702005744	0.699175213	0.703957142	0.00478192919	0.0115177959	0	100	0	0	3
207	529	0	1.18757285	0.702169492	0.702036128	0.699175213	0.703957142	0.00478192919	0.0115177959	0	100	0	0	3
208	532	0	1.19330992	0.702098962	0.702065439	0.699175213	0.703957142	0.00478192919	0.0115177959	0	100	0	0	3
209	534	0	1.19904698	0.701857962	0.702082641	0.699175213	0.703957142	0.00478192919	0.0115177959	0	100	0	0	3
210	537	0	1.20478405	0.702008198	0.702102182	0.699175213	0.703957142	0.00478192919	0.0115177959	0	100	0	0	3
211	539	0	1.21052112	0.701802221	0.702119922	0.699175213	0.703957142	0.00478192919	0.0115177959	0	100	0	0	3
212	542	0	1.21625818	0.702269958	0.702143544	0.699175213	0.703957142	0.00478192919	0.0115177959	0	100	0	0	3
213	545	0	1.22199525	0.702337381	0.702168593	0.699175213	0.703957142	0.00478192919	0.0115177959	0	100	0	0	3
214	547	0	1.22773232	0.701903367	0.702199595	0.699184337	0.703957142	0.00477280537	0.0115177959	0	100	0	0	3
215	550	0	1.23346938	0.702249471	0.702234426	0.699211009	0.703957142	0.00474613313	0.0115177959	0	100	0	0	3
