Iteration	CPUTime	PhysTime	Travels	Value	AvValue	MinValue	MaxValue	Delta	Criteria	Progress	CriteriaType	CriteriaVarType	CriteriaPercentage
1	15	0	0.00584160591	1.27950868	1.27950868	1.27950868	1.27950868	0	0	0	0	0	0	3
2	18	0	0.0116832118	1.03905611	1.1592824	1.03905611	1.27950868	0.120226288	0	0	0	0	0	3
3	21	0	0.0175248177	1.07800398	1.13218959	1.03905611	1.27950868	0.147319092	0	0	0	0	0	3
4	24	0	0.0233664236	1.03071032	1.10681977	1.03071032	1.27950868	0.17268891	0	0	0	0	0	3
5	26	0	0.0292080296	1.02750323	1.09095647	1.02750323	1.27950868	0.188552218	0	0	0	0	0	3
6	28	0	0.0350496355	1.03192255	1.08111748	1.02750323	1.27950868	0.198391204	0	0	0	0	0	3
7	30	0	0.0408912414	1.03077423	1.07392559	1.02750323	1.27950868	0.205583098	0	0	0	0	0	3
8	33	0	0.0467328473	1.03021645	1.06846194	1.02750323	1.27950868	0.21104674	0	0	0	0	0	3
9	35	0	0.0525744532	1.02905811	1.06408374	1.02750323	1.27950868	0.215424944	0	0	0	0	0	3
10	37	0	0.0584160591	1.02832323	1.06050769	1.02750323	1.27950868	0.219000994	0	0	0	0	0	3
11	39	0	0.064257665	1.01873845	1.05671049	1.01873845	1.27950868	0.222798198	0	0	0	0	0	3
12	41	0	0.0700992709	1.01718848	1.05341698	1.01718848	1.27950868	0.226091699	0	0	0	0	0	3
13	44	0	0.0759408768	1.01539407	1.05049215	1.01539407	1.27950868	0.229016538	0	0	0	0	0	3
14	46	0	0.0817824828	1.01383683	1.04787391	1.01383683	1.27950868	0.231634775	0	0	0	0	0	3
15	48	0	0.0876240887	1.01213754	1.04549148	1.01213754	1.27950868	0.2340172	0	0	0	0	0	3
16	50	0	0.0934656946	1.00112834	1.04271879	1.00112834	1.27950868	0.236789896	0	0	0	0	0	3
17	52	0	0.0993073005	0.999039625	1.04014943	0.999039625	1.27950868	0.239359259	0	0	0	0	0	3
18	54	0	0.105148906	0.997092554	1.03775738	0.997092554	1.27950868	0.241751307	0	0	0	0	0	3
19	57	0	0.110990512	0.995062115	1.03551026	0.995062115	1.27950868	0.243998426	0	0	0	0	0	3
20	59	0	0.116832118	0.993250322	1.03339726	0.993250322	1.27950868	0.246111423	0	0	0	0	0	3
21	61	0	0.122673724	0.979851398	1.03084746	0.979851398	1.27950868	0.248661226	0	0	0	0	0	3
22	63	0	0.12851533	0.977341207	1.02841536	0.977341207	1.27950868	0.251093328	0	0	0	0	0	3
23	66	0	0.134356936	0.97465546	1.02607797	0.97465546	1.27950868	0.253430715	0	0	0	0	0	3
24	68	0	0.140198542	0.972276729	1.02383625	0.972276729	1.27950868	0.255672433	0	0	0	0	0	3
25	70	0	0.146040148	0.969864925	1.0216774	0.969864925	1.27950868	0.257831286	0	0	0	0	0	3
26	72	0	0.151881754	0.947416984	1.01882123	0.947416984	1.27950868	0.260687456	0	0	0	0	0	3
27	75	0	0.15772336	0.944813105	1.01608019	0.944813105	1.27950868	0.263428498	0	0	0	0	0	3
28	77	0	0.163564966	0.942467572	1.01345116	0.942467572	1.27950868	0.26605752	0	0	0	0	0	3
29	79	0	0.169406571	0.940478956	1.01093488	0.940478956	1.27950868	0.268573803	0	0	0	0	0	3
30	82	0	0.175248177	0.938727627	1.00852797	0.938727627	1.27950868	0.270980711	0	0	0	0	0	3
31	84	0	0.181089783	0.889496394	1.00468824	0.889496394	1.27950868	0.27482044	0	0	0	0	0	3
32	86	0	0.186931389	0.887632985	1.00103027	0.887632985	1.27950868	0.278478416	0	0	0	0	0	3
33	89	0	0.192772995	0.886110934	0.997547864	0.886110934	1.27950868	0.281960821	0	0	0	0	0	3
34	91	0	0.198614601	0.884837419	0.99423285	0.884837419	1.27950868	0.285275834	0	0	0	0	0	3
35	94	0	0.204456207	0.883775737	0.991076933	0.883775737	1.27950868	0.288431751	0	0	0	0	0	3
36	96	0	0.210297813	0.846297247	0.987055275	0.846297247	1.27950868	0.292453409	0	0	0	0	0	3
37	99	0	0.216139419	0.845982101	0.983242486	0.845982101	1.27950868	0.296266198	0	0	0	0	0	3
38	101	0	0.221981025	0.845842467	0.979626696	0.845842467	1.27950868	0.299881988	0	0	0	0	0	3
39	104	0	0.227822631	0.845930893	0.976198599	0.845842467	1.27950868	0.303310085	0	0	0	0	0	3
40	106	0	0.233664236	0.846037592	0.972944574	0.845842467	1.27950868	0.30656411	0	0	0	0	0	3
41	109	0	0.239505842	0.801173021	0.968755024	0.801173021	1.27950868	0.31075366	0	0	0	0	0	3
42	111	0	0.245347448	0.80200921	0.964784885	0.801173021	1.27950868	0.314723799	0	0	0	0	0	3
43	113	0	0.251189054	0.802753931	0.961016724	0.801173021	1.27950868	0.31849196	0	0	0	0	0	3
44	116	0	0.25703066	0.803498649	0.957436767	0.801173021	1.27950868	0.322071917	0	0	0	0	0	3
45	118	0	0.262872266	0.804039243	0.954027933	0.801173021	1.27950868	0.325480751	0	0	0	0	0	3
46	121	0	0.268713872	0.769745132	0.950021786	0.769745132	1.27950868	0.329486898	0	0	0	0	0	3
47	123	0	0.274555478	0.770444019	0.946200982	0.769745132	1.27950868	0.333307702	0	0	0	0	0	3
48	126	0	0.280397084	0.771042167	0.94255184	0.769745132	1.27950868	0.336956844	0	0	0	0	0	3
49	128	0	0.28623869	0.771538208	0.939061766	0.769745132	1.27950868	0.340446918	0	0	0	0	0	3
50	130	0	0.292080296	0.771817998	0.935716891	0.769745132	1.27950868	0.343791793	0	0	0	0	0	3
51	133	0	0.297921901	0.742143562	0.931921335	0.742143562	1.27950868	0.347587349	0	0	0	0	0	3
52	135	0	0.303763507	0.742617976	0.928280886	0.742143562	1.27950868	0.351227798	0	0	0	0	0	3
53	138	0	0.309605113	0.74294901	0.924784058	0.742143562	1.27950868	0.354724626	0	0	0	0	0	3
54	140	0	0.315446719	0.743217426	0.921421713	0.742143562	1.27950868	0.358086971	0	0	0	0	0	3
55	142	0	0.321288325	0.743403209	0.918185013	0.742143562	1.27950868	0.361323671	0	0	0	0	0	3
56	145	0	0.327129931	0.734207003	0.914899691	0.734207003	1.27950868	0.364608993	0	0	0	0	0	3
57	147	0	0.332971537	0.734490653	0.911734621	0.734207003	1.27950868	0.367774064	0	0	0	0	0	3
58	150	0	0.338813143	0.734762046	0.908683369	0.734207003	1.27950868	0.370825315	0	0	0	0	0	3
59	152	0	0.344654749	0.734879255	0.905737537	0.734207003	1.27950868	0.373771147	0	0	0	0	0	3
60	154	0	0.350496355	0.735032929	0.90289246	0.734207003	1.27950868	0.376616224	0	0	0	0	0	3
61	157	0	0.356337961	0.732078389	0.900092229	0.732078389	1.27950868	0.379416455	0	0	0	0	0	3
62	159	0	0.362179566	0.732131706	0.897383189	0.732078389	1.27950868	0.382125495	0	0	0	0	0	3
63	161	0	0.368021172	0.732063266	0.894759063	0.732063266	1.27950868	0.384749621	0	0	0	0	0	3
64	163	0	0.373862778	0.732047399	0.892216693	0.732047399	1.27950868	0.387291991	0	0	0	0	0	3
65	165	0	0.379704384	0.731987354	0.889751626	0.731987354	1.27950868	0.389757058	0	0	0	0	0	3
66	168	0	0.38554599	0.729287823	0.887320357	0.729287823	1.27950868	0.392188327	0	0	0	0	0	3
67	170	0	0.391387596	0.729331623	0.884962316	0.729287823	1.27950868	0.394546368	0	0	0	0	0	3
68	172	0	0.397229202	0.729363236	0.882674094	0.729287823	1.27950868	0.39683459	0	0	0	0	0	3
69	174	0	0.403070808	0.729418461	0.880452998	0.729287823	1.27950868	0.399055686	0	0	0	0	0	3
70	177	0	0.408912414	0.729458533	0.878295934	0.729287823	1.27950868	0.40121275	0	0	0	0	0	3
71	179	0	0.41475402	0.728267736	0.876182861	0.728267736	1.27950868	0.403325823	0	0	0	0	0	3
72	182	0	0.420595626	0.728325503	0.874129287	0.728267736	1.27950868	0.405379398	0	0	0	0	0	3
73	184	0	0.426437232	0.728411945	0.872133159	0.728267736	1.27950868	0.407375525	0	0	0	0	0	3
74	187	0	0.432278837	0.728460608	0.870191638	0.728267736	1.27950868	0.409317046	0	0	0	0	0	3
75	189	0	0.438120443	0.728484912	0.868302215	0.728267736	1.27950868	0.411206469	0	0	0	0	0	3
76	192	0	0.443962049	0.72799084	0.866456012	0.72799084	1.27950868	0.413052672	0	0	0	0	0	3
77	194	0	0.449803655	0.727992967	0.864657791	0.72799084	1.27950868	0.414850893	0	0	0	0	0	3
78	196	0	0.455645261	0.727963318	0.862905298	0.727963318	1.27950868	0.416603386	0	0	0	0	0	3
79	199	0	0.461486867	0.727957663	0.8611971	0.727957663	1.27950868	0.418311584	0	0	0	0	0	3
80	201	0	0.467328473	0.727952292	0.85953154	0.727952292	1.27950868	0.419977144	0	0	0	0	0	3
81	203	0	0.473170079	0.726971316	0.857894994	0.726971316	1.27950868	0.42161369	0	0	0	0	0	3
82	206	0	0.479011685	0.726878626	0.856297233	0.726878626	1.27950868	0.423211451	0	0	0	0	0	3
83	208	0	0.484853291	0.726838232	0.854737486	0.726838232	1.27950868	0.424771198	0	0	0	0	0	3
84	210	0	0.490694897	0.726812163	0.853214566	0.726812163	1.27950868	0.426294118	0	0	0	0	0	3
85	213	0	0.496536502	0.726776263	0.851727056	0.726776263	1.27950868	0.427781628	0	0	0	0	0	3
86	215	0	0.502378108	0.724746	0.850250532	0.724746	1.27950868	0.429258152	0	0	0	0	0	3
87	218	0	0.508219714	0.724902498	0.843801623	0.724746	1.07800398	0.315480773	0	0	0	0	0	3
88	220	0	0.51406132	0.725103219	0.840151008	0.724746	1.07800398	0.292038584	0	0	0	0	0	3
89	223	0	0.519902926	0.725267235	0.836049418	0.724746	1.03192255	0.270770356	0	0	0	0	0	3
90	225	0	0.525744532	0.725423246	0.832499568	0.724746	1.03192255	0.258456898	0	0	0	0	0	3
91	228	0	0.531586138	0.725776951	0.828991123	0.724746	1.03192255	0.252126356	0	0	0	0	0	3
92	230	0	0.537427744	0.725838118	0.825432002	0.724746	1.03077423	0.248493584	0	0	0	0	0	3
93	233	0	0.54326935	0.725874268	0.821886654	0.724746	1.03021645	0.24657529	0	0	0	0	0	3
94	235	0	0.549110956	0.725946601	0.818348632	0.724746	1.02905811	0.245735108	0	0	0	0	0	3
95	238	0	0.554952562	0.725994342	0.814824635	0.724746	1.02832323	0.245683055	0	0	0	0	0	3
96	241	0	0.560794167	0.726658882	0.81131691	0.724746	1.01873845	0.245393576	0	0	0	0	0	3
97	243	0	0.566635773	0.726517244	0.807918989	0.724746	1.01718848	0.245497996	0	0	0	0	0	3
98	246	0	0.572477379	0.726373165	0.804537415	0.724746	1.01539407	0.24595473	0	0	0	0	0	3
99	248	0	0.578318985	0.726263912	0.801175437	0.724746	1.01383683	0.246698472	0	0	0	0	0	3
100	251	0	0.584160591	0.726131444	0.797830025	0.724746	1.01213754	0.247661459	0	0	0	0	0	3
101	258	0	0.590002197	0.726802582	0.794512177	0.724746	1.00112834	0.248206611	0	0	0	0	0	3
102	260	0	0.595843803	0.726740127	0.791321616	0.724746	0.999039625	0.248827809	0	0	0	0	0	3
103	263	0	0.601685409	0.726719675	0.788155105	0.724746	0.997092554	0.249602271	0	0	0	0	0	3
104	265	0	0.607527015	0.726710231	0.785011125	0.724746	0.995062115	0.250499133	0	0	0	0	0	3
105	267	0	0.613368621	0.726722782	0.7818909	0.724746	0.993250322	0.251506361	0	0	0	0	0	3
106	270	0	0.619210227	0.724917808	0.778770754	0.724746	0.979851398	0.252076703	0	0	0	0	0	3
107	272	0	0.625051832	0.725089996	0.775808413	0.724746	0.977341207	0.252595207	0	0	0	0	0	3
108	275	0	0.630893438	0.725248296	0.7728771	0.724746	0.97465546	0.24990946	0	0	0	0	0	3
109	277	0	0.636735044	0.725435043	0.769979188	0.724746	0.972276729	0.247530729	0	0	0	0	0	3
110	279	0	0.64257665	0.725618932	0.767111074	0.724746	0.969864925	0.245118925	0	0	0	0	0	3
111	282	0	0.648418256	0.725312194	0.764267438	0.724746	0.947416984	0.222670984	0	0	0	0	0	3
112	284	0	0.654259862	0.725375955	0.761685565	0.724746	0.944813105	0.220067105	0	0	0	0	0	3
113	286	0	0.660101468	0.725484629	0.759135234	0.724746	0.942467572	0.217721572	0	0	0	0	0	3
114	289	0	0.665943074	0.725622229	0.756613776	0.724746	0.940478956	0.215732956	0	0	0	0	0	3
115	291	0	0.67178468	0.72575973	0.754117041	0.724746	0.938727627	0.213981627	0	0	0	0	0	3
116	293	0	0.677626286	0.726996357	0.75165505	0.724746	0.889496394	0.164750394	0	0	0	0	0	3
117	296	0	0.683467892	0.726854316	0.749763863	0.724746	0.887632985	0.162886985	0	0	0	0	0	3
118	298	0	0.689309497	0.726735127	0.747892958	0.724746	0.886110934	0.161364934	0	0	0	0	0	3
119	300	0	0.695151103	0.72662063	0.746038419	0.724746	0.884837419	0.160091419	0	0	0	0	0	3
120	303	0	0.700992709	0.726481941	0.744197076	0.724746	0.883775737	0.159029737	0	0	0	0	0	3
121	305	0	0.706834315	0.726707375	0.7423707	0.724746	0.846297247	0.121551247	0	0	0	0	0	3
122	308	0	0.712675921	0.726637912	0.740979312	0.724746	0.846037592	0.121291592	0	0	0	0	0	3
123	310	0	0.718517527	0.72658142	0.739590932	0.724746	0.846037592	0.121291592	0	0	0	0	0	3
124	312	0	0.724359133	0.726500949	0.73820324	0.724746	0.846037592	0.121291592	0	0	0	0	0	3
125	315	0	0.730200739	0.72644237	0.736813839	0.724746	0.846037592	0.121291592	0	0	0	0	0	3
126	317	0	0.736042345	0.727838099	0.735439426	0.724746	0.804039243	0.079293243	0	0	0	0	0	3
127	320	0	0.741883951	0.727790589	0.734586142	0.724746	0.804039243	0.079293243	0	0	0	0	0	3
128	322	0	0.747725557	0.727779761	0.733723009	0.724746	0.804039243	0.079293243	0	0	0	0	0	3
129	324	0	0.753567163	0.727780697	0.732851227	0.724746	0.804039243	0.079293243	0	0	0	0	0	3
130	327	0	0.759408768	0.727774787	0.731970717	0.724746	0.804039243	0.079293243	0	0	0	0	0	3
131	329	0	0.765250374	0.725090142	0.731052704	0.724746	0.771817998	0.0470719984	0	0	0	0	0	3
132	332	0	0.77109198	0.7252495	0.730535313	0.724746	0.771817998	0.0470719984	0	0	0	0	0	3
133	334	0	0.776933586	0.725454117	0.730012175	0.724746	0.771817998	0.0470719984	0	0	0	0	0	3
134	337	0	0.782775192	0.725513667	0.729482774	0.724746	0.771817998	0.0470719984	0	0	0	0	0	3
135	339	0	0.788616798	0.725706969	0.728949852	0.724746	0.771817998	0.0470719984	0	0	0	0	0	3
136	342	0	0.794458404	0.726425521	0.728422033	0.724746	0.743403209	0.0186572091	0	0	0	0	0	3
137	344	0	0.80030001	0.726692017	0.728242364	0.724746	0.743403209	0.0186572091	0	0	0	0	0	3
138	347	0	0.806141616	0.726855328	0.728059077	0.724746	0.743403209	0.0186572091	0	0	0	0	0	3
139	349	0	0.811983222	0.727010865	0.72787375	0.724746	0.743403209	0.0186572091	0	0	0	0	0	3
