Iteration	CPUTime	PhysTime	Travels	Value	AvValue	MinValue	MaxValue	Delta	Criteria	Progress	CriteriaType	CriteriaVarType	CriteriaPercentage
1	15	0	0.00584160591	19.7039614	19.7039614	19.7039614	19.7039614	0	0	0	0	0	0	3
2	18	0	0.0116832118	15.9039141	17.8039377	15.9039141	19.7039614	1.90002366	0	0	0	0	0	3
3	21	0	0.0175248177	16.6000129	17.4026294	15.9039141	19.7039614	2.30133193	0	0	0	0	0	3
4	24	0	0.0233664236	15.8654811	17.0183424	15.8654811	19.7039614	2.68561902	0	0	0	0	0	3
5	26	0	0.0292080296	15.8207119	16.7788163	15.8207119	19.7039614	2.9251451	0	0	0	0	0	3
6	28	0	0.0350496355	15.8843483	16.6297383	15.8207119	19.7039614	3.07422309	0	0	0	0	0	3
7	30	0	0.0408912414	15.8674145	16.5208349	15.8207119	19.7039614	3.18312649	0	0	0	0	0	3
8	33	0	0.0467328473	15.8573757	16.4379025	15.8207119	19.7039614	3.26605888	0	0	0	0	0	3
9	35	0	0.0525744532	15.8401808	16.371489	15.8207119	19.7039614	3.3324724	0	0	0	0	0	3
10	37	0	0.0584160591	15.8278955	16.3171296	15.8207119	19.7039614	3.38683175	0	0	0	0	0	3
11	39	0	0.064257665	15.6873732	16.259879	15.6873732	19.7039614	3.44408233	0	0	0	0	0	3
12	41	0	0.0700992709	15.6625607	16.2101025	15.6625607	19.7039614	3.49385886	0	0	0	0	0	3
13	44	0	0.0759408768	15.6351594	16.1658761	15.6351594	19.7039614	3.53808526	0	0	0	0	0	3
14	46	0	0.0817824828	15.6103501	16.1261957	15.6103501	19.7039614	3.57776569	0	0	0	0	0	3
15	48	0	0.0876240887	15.5842316	16.0900648	15.5842316	19.7039614	3.61389662	0	0	0	0	0	3
16	50	0	0.0934656946	15.4195885	16.04816	15.4195885	19.7039614	3.65580139	0	0	0	0	0	3
17	52	0	0.0993073005	15.3873743	16.0092902	15.3873743	19.7039614	3.69467113	0	0	0	0	0	3
18	54	0	0.105148906	15.3564835	15.9730232	15.3564835	19.7039614	3.73093817	0	0	0	0	0	3
19	57	0	0.110990512	15.3249673	15.938915	15.3249673	19.7039614	3.76504638	0	0	0	0	0	3
20	59	0	0.116832118	15.2961341	15.906776	15.2961341	19.7039614	3.79718542	0	0	0	0	0	3
21	61	0	0.122673724	15.1022567	15.8684655	15.1022567	19.7039614	3.83549586	0	0	0	0	0	3
22	63	0	0.12851533	15.062324	15.8318227	15.062324	19.7039614	3.87213866	0	0	0	0	0	3
23	66	0	0.134356936	15.0205995	15.7965521	15.0205995	19.7039614	3.90740923	0	0	0	0	0	3
24	68	0	0.140198542	14.98308	15.7626575	14.98308	19.7039614	3.9413039	0	0	0	0	0	3
25	70	0	0.146040148	14.9453326	15.7299645	14.9453326	19.7039614	3.9739969	0	0	0	0	0	3
26	72	0	0.151881754	14.6124033	15.6869814	14.6124033	19.7039614	4.01698002	0	0	0	0	0	3
27	75	0	0.15772336	14.5712754	15.6456589	14.5712754	19.7039614	4.05830247	0	0	0	0	0	3
28	77	0	0.163564966	14.5349154	15.6059895	14.5349154	19.7039614	4.09797188	0	0	0	0	0	3
29	79	0	0.169406571	14.5036052	15.5679762	14.5036052	19.7039614	4.13598513	0	0	0	0	0	3
30	82	0	0.175248177	14.476341	15.5315884	14.476341	19.7039614	4.17237297	0	0	0	0	0	3
31	84	0	0.181089783	13.7318944	15.4735338	13.7318944	19.7039614	4.23042762	0	0	0	0	0	3
32	86	0	0.186931389	13.7030744	15.4182069	13.7030744	19.7039614	4.28575447	0	0	0	0	0	3
33	89	0	0.192772995	13.6789886	15.3655033	13.6789886	19.7039614	4.33845806	0	0	0	0	0	3
34	91	0	0.198614601	13.6594339	15.3153248	13.6594339	19.7039614	4.38863657	0	0	0	0	0	3
35	94	0	0.204456207	13.6425787	15.2675321	13.6425787	19.7039614	4.43642932	0	0	0	0	0	3
36	96	0	0.210297813	13.0698318	15.2064848	13.0698318	19.7039614	4.49747654	0	0	0	0	0	3
37	99	0	0.216139419	13.063977	15.1485792	13.063977	19.7039614	4.55538216	0	0	0	0	0	3
38	101	0	0.221981025	13.0623369	15.0936781	13.0623369	19.7039614	4.61028327	0	0	0	0	0	3
39	104	0	0.227822631	13.062919	15.0416074	13.0623369	19.7039614	4.66235402	0	0	0	0	0	3
40	106	0	0.233664236	13.0650408	14.9921932	13.0623369	19.7039614	4.71176818	0	0	0	0	0	3
41	109	0	0.239505842	12.371271	14.9282683	12.371271	19.7039614	4.77569311	0	0	0	0	0	3
42	111	0	0.245347448	12.3841665	14.8676944	12.371271	19.7039614	4.83626697	0	0	0	0	0	3
43	113	0	0.251189054	12.3958424	14.8102095	12.371271	19.7039614	4.8937519	0	0	0	0	0	3
44	116	0	0.25703066	12.4070952	14.7555932	12.371271	19.7039614	4.94836813	0	0	0	0	0	3
45	118	0	0.262872266	12.4154522	14.7035901	12.371271	19.7039614	5.00037127	0	0	0	0	0	3
46	121	0	0.268713872	11.8833274	14.6422801	11.8833274	19.7039614	5.06168132	0	0	0	0	0	3
47	123	0	0.274555478	11.8941396	14.583809	11.8833274	19.7039614	5.1201524	0	0	0	0	0	3
48	126	0	0.280397084	11.903438	14.5279679	11.8833274	19.7039614	5.17599346	0	0	0	0	0	3
49	128	0	0.28623869	11.9106238	14.4745527	11.8833274	19.7039614	5.22940865	0	0	0	0	0	3
50	130	0	0.292080296	11.915563	14.4233729	11.8833274	19.7039614	5.28058844	0	0	0	0	0	3
51	133	0	0.297921901	11.4558052	14.3651853	11.4558052	19.7039614	5.33877604	0	0	0	0	0	3
52	135	0	0.303763507	11.4628216	14.3093706	11.4558052	19.7039614	5.39459073	0	0	0	0	0	3
53	138	0	0.309605113	11.4679389	14.2557587	11.4558052	19.7039614	5.44820265	0	0	0	0	0	3
54	140	0	0.315446719	11.4724212	14.2042154	11.4558052	19.7039614	5.49974594	0	0	0	0	0	3
55	142	0	0.321288325	11.4752969	14.1545987	11.4558052	19.7039614	5.54936264	0	0	0	0	0	3
56	145	0	0.327129931	11.3303783	14.1041662	11.3303783	19.7039614	5.59979515	0	0	0	0	0	3
57	147	0	0.332971537	11.3347576	14.0555801	11.3303783	19.7039614	5.64838126	0	0	0	0	0	3
58	150	0	0.338813143	11.3388326	14.0087396	11.3303783	19.7039614	5.69522174	0	0	0	0	0	3
59	152	0	0.344654749	11.3408888	13.9635218	11.3303783	19.7039614	5.74043955	0	0	0	0	0	3
60	154	0	0.350496355	11.3428506	13.919844	11.3303783	19.7039614	5.7841174	0	0	0	0	0	3
61	157	0	0.356337961	11.2966907	13.8768415	11.2966907	19.7039614	5.82711992	0	0	0	0	0	3
62	159	0	0.362179566	11.297137	13.8352333	11.2966907	19.7039614	5.86872805	0	0	0	0	0	3
63	161	0	0.368021172	11.2963197	13.7949331	11.2963197	19.7039614	5.90902827	0	0	0	0	0	3
64	163	0	0.373862778	11.2958736	13.7558853	11.2958736	19.7039614	5.94807607	0	0	0	0	0	3
65	165	0	0.379704384	11.2950802	13.7180268	11.2950802	19.7039614	5.98593461	0	0	0	0	0	3
66	168	0	0.38554599	11.2523084	13.6806674	11.2523084	19.7039614	6.02329398	0	0	0	0	0	3
67	170	0	0.391387596	11.2529955	13.6444335	11.2523084	19.7039614	6.05952789	0	0	0	0	0	3
68	172	0	0.397229202	11.2533124	13.6092699	11.2523084	19.7039614	6.09469144	0	0	0	0	0	3
69	174	0	0.403070808	11.2541791	13.5751382	11.2523084	19.7039614	6.12882319	0	0	0	0	0	3
70	177	0	0.408912414	11.2545566	13.541987	11.2523084	19.7039614	6.16197435	0	0	0	0	0	3
71	179	0	0.41475402	11.2359438	13.5095075	11.2359438	19.7039614	6.19445384	0	0	0	0	0	3
72	182	0	0.420595626	11.2368457	13.4779428	11.2359438	19.7039614	6.22601858	0	0	0	0	0	3
73	184	0	0.426437232	11.2380763	13.4472597	11.2359438	19.7039614	6.25670169	0	0	0	0	0	3
74	187	0	0.432278837	11.2387486	13.4174149	11.2359438	19.7039614	6.28654643	0	0	0	0	0	3
75	189	0	0.438120443	11.2392984	13.3883734	11.2359438	19.7039614	6.31558799	0	0	0	0	0	3
76	192	0	0.443962049	11.2317641	13.359997	11.2317641	19.7039614	6.34396442	0	0	0	0	0	3
77	194	0	0.449803655	11.2320365	13.3323611	11.2317641	19.7039614	6.37160027	0	0	0	0	0	3
78	196	0	0.455645261	11.2316092	13.3054284	11.2316092	19.7039614	6.39853299	0	0	0	0	0	3
79	199	0	0.461486867	11.2314231	13.2791752	11.2314231	19.7039614	6.42478622	0	0	0	0	0	3
80	201	0	0.467328473	11.2309317	13.2535721	11.2309317	19.7039614	6.45038927	0	0	0	0	0	3
81	203	0	0.473170079	11.2161496	13.2284187	11.2161496	19.7039614	6.47554263	0	0	0	0	0	3
82	206	0	0.479011685	11.2148195	13.2038627	11.2148195	19.7039614	6.50009872	0	0	0	0	0	3
83	208	0	0.484853291	11.2141825	13.1798906	11.2141825	19.7039614	6.52407077	0	0	0	0	0	3
84	210	0	0.490694897	11.2137828	13.1564846	11.2137828	19.7039614	6.54747681	0	0	0	0	0	3
85	213	0	0.496536502	11.2134591	13.1336254	11.2134591	19.7039614	6.57033594	0	0	0	0	0	3
86	215	0	0.502378108	11.1813272	13.1109243	11.1813272	19.7039614	6.59303708	0	0	0	0	0	3
87	218	0	0.508219714	11.1840149	13.0118552	11.1813272	16.6000129	4.79208257	0	0	0	0	0	3
88	220	0	0.51406132	11.1865651	12.9570023	11.1813272	16.6000129	4.44562719	0	0	0	0	0	3
89	223	0	0.519902926	11.1890583	12.8940842	11.1813272	15.8843483	4.12425818	0	0	0	0	0	3
90	225	0	0.525744532	11.191277	12.839733	11.1813272	15.8843483	3.9390833	0	0	0	0	0	3
91	228	0	0.531586138	11.196519	12.7859633	11.1813272	15.8843483	3.843775	0	0	0	0	0	3
92	230	0	0.537427744	11.1973839	12.7314637	11.1813272	15.8674145	3.78937119	0	0	0	0	0	3
93	233	0	0.54326935	11.1979541	12.6771676	11.1813272	15.8573757	3.76073484	0	0	0	0	0	3
94	235	0	0.549110956	11.1988253	12.6229985	11.1813272	15.8401808	3.74849052	0	0	0	0	0	3
95	238	0	0.554952562	11.1994962	12.569037	11.1813272	15.8278955	3.74809262	0	0	0	0	0	3
96	241	0	0.560794167	11.2111209	12.5153536	11.1813272	15.6873732	3.74452546	0	0	0	0	0	3
97	243	0	0.566635773	11.2087418	12.4632765	11.1813272	15.6625607	3.74682604	0	0	0	0	0	3
98	246	0	0.572477379	11.2066924	12.4114641	11.1813272	15.6351594	3.75441207	0	0	0	0	0	3
99	248	0	0.578318985	11.2050689	12.3599514	11.1813272	15.6103501	3.76624432	0	0	0	0	0	3
100	251	0	0.584160591	11.2032281	12.3087058	11.1813272	15.5842316	3.78135899	0	0	0	0	0	3
101	258	0	0.590002197	11.2138124	12.2578869	11.1813272	15.4195885	3.79027305	0	0	0	0	0	3
102	260	0	0.595843803	11.2128901	12.2089718	11.1813272	15.3873743	3.8003184	0	0	0	0	0	3
103	263	0	0.601685409	11.2125308	12.1604271	11.1813272	15.3564835	3.81259605	0	0	0	0	0	3
104	265	0	0.607527015	11.2127464	12.1122442	11.1813272	15.3249673	3.82667084	0	0	0	0	0	3
105	267	0	0.613368621	11.2127949	12.0644282	11.1813272	15.2961341	3.84234775	0	0	0	0	0	3
106	270	0	0.619210227	11.1849941	12.0166242	11.1813272	15.1022567	3.85184127	0	0	0	0	0	3
107	272	0	0.625051832	11.1875617	11.9711045	11.1813272	15.062324	3.86071818	0	0	0	0	0	3
108	275	0	0.630893438	11.1899935	11.9260774	11.1813272	15.0205995	3.83927238	0	0	0	0	0	3
109	277	0	0.636735044	11.1923423	11.8815628	11.1813272	14.98308	3.80175282	0	0	0	0	0	3
110	279	0	0.64257665	11.1949342	11.8375146	11.1813272	14.9453326	3.7640054	0	0	0	0	0	3
111	282	0	0.648418256	11.1900399	11.7938484	11.1813272	14.6124033	3.4310761	0	0	0	0	0	3
112	284	0	0.654259862	11.1911204	11.7540661	11.1813272	14.5712754	3.3899482	0	0	0	0	0	3
113	286	0	0.660101468	11.1929145	11.7147828	11.1813272	14.5349154	3.35358828	0	0	0	0	0	3
114	289	0	0.665943074	11.194826	11.6759445	11.1813272	14.5036052	3.32227801	0	0	0	0	0	3
115	291	0	0.67178468	11.1966838	11.637492	11.1813272	14.476341	3.29501385	0	0	0	0	0	3
116	293	0	0.677626286	11.2162828	11.5995843	11.1813272	13.7318944	2.55056722	0	0	0	0	0	3
117	296	0	0.683467892	11.2145091	11.5703124	11.1813272	13.7030744	2.52174722	0	0	0	0	0	3
118	298	0	0.689309497	11.2126324	11.5413538	11.1813272	13.6789886	2.49766141	0	0	0	0	0	3
119	300	0	0.695151103	11.2105561	11.5126511	11.1813272	13.6594339	2.47810673	0	0	0	0	0	3
120	303	0	0.700992709	11.2085392	11.4841523	11.1813272	13.6425787	2.46125157	0	0	0	0	0	3
121	305	0	0.706834315	11.2119807	11.4558895	11.1813272	13.0698318	1.88850466	0	0	0	0	0	3
122	308	0	0.712675921	11.2113211	11.4342789	11.1813272	13.0650408	1.88371368	0	0	0	0	0	3
123	310	0	0.718517527	11.2103215	11.4127248	11.1813272	13.0650408	1.88371368	0	0	0	0	0	3
124	312	0	0.724359133	11.2094729	11.3911799	11.1813272	13.0650408	1.88371368	0	0	0	0	0	3
125	315	0	0.730200739	11.208413	11.3696158	11.1813272	13.0650408	1.88371368	0	0	0	0	0	3
126	317	0	0.736042345	11.2304234	11.3482831	11.1813272	12.4154522	1.23412508	0	0	0	0	0	3
127	320	0	0.741883951	11.2297402	11.3350095	11.1813272	12.4154522	1.23412508	0	0	0	0	0	3
128	322	0	0.747725557	11.2295561	11.3215838	11.1813272	12.4154522	1.23412508	0	0	0	0	0	3
129	324	0	0.753567163	11.2294323	11.3080209	11.1813272	12.4154522	1.23412508	0	0	0	0	0	3
130	327	0	0.759408768	11.2293959	11.2943267	11.1813272	12.4154522	1.23412508	0	0	0	0	0	3
131	329	0	0.765250374	11.1873103	11.280046	11.1813272	11.915563	0.734235871	0	0	0	0	0	3
132	332	0	0.77109198	11.1896118	11.2719795	11.1813272	11.915563	0.734235871	0	0	0	0	0	3
133	334	0	0.776933586	11.1921179	11.2638165	11.1813272	11.915563	0.734235871	0	0	0	0	0	3
134	337	0	0.782775192	11.1935805	11.2555623	11.1813272	11.915563	0.734235871	0	0	0	0	0	3
135	339	0	0.788616798	11.196121	11.2472541	11.1813272	11.915563	0.734235871	0	0	0	0	0	3
136	342	0	0.794458404	11.2069247	11.2390141	11.1813272	11.4752969	0.29396976	0	0	0	0	0	3
137	344	0	0.80030001	11.2103313	11.2361598	11.1813272	11.4752969	0.29396976	0	0	0	0	0	3
138	347	0	0.806141616	11.2133064	11.2332585	11.1813272	11.4752969	0.29396976	0	0	0	0	0	3
139	349	0	0.811983222	11.2158071	11.2303267	11.1813272	11.4752969	0.29396976	0	0	0	0	0	3
