Iteration	CPUTime	PhysTime	Travels	Value	AvValue	MinValue	MaxValue	Delta	Criteria	Progress	CriteriaType	CriteriaVarType	CriteriaPercentage
1	15	0	0.00584160591	431.95241	431.95241	431.95241	431.95241	0	0	0	0	0	0	3
2	18	0	0.0116832118	43.784344	237.868377	43.784344	431.95241	194.084033	0	0	0	0	0	3
3	21	0	0.0175248177	26.361579	167.366111	26.361579	431.95241	264.586299	0	0	0	0	0	3
4	24	0	0.0233664236	31.1390328	133.309341	26.361579	431.95241	298.643068	0	0	0	0	0	3
5	26	0	0.0292080296	25.4476294	111.736999	25.4476294	431.95241	320.215411	0	0	0	0	0	3
6	28	0	0.0350496355	28.4425005	97.8545825	25.4476294	431.95241	334.097827	0	0	0	0	0	3
7	30	0	0.0408912414	25.6877687	87.5450377	25.4476294	431.95241	344.407372	0	0	0	0	0	3
8	33	0	0.0467328473	30.9532178	80.4710602	25.4476294	431.95241	351.481349	0	0	0	0	0	3
9	35	0	0.0525744532	26.2168047	74.4428096	25.4476294	431.95241	357.5096	0	0	0	0	0	3
10	37	0	0.0584160591	29.0912951	69.9076582	25.4476294	431.95241	362.044751	0	0	0	0	0	3
11	39	0	0.064257665	24.9453907	65.8201793	24.9453907	431.95241	366.13223	0	0	0	0	0	3
12	41	0	0.0700992709	25.2881633	62.4425113	24.9453907	431.95241	369.509898	0	0	0	0	0	3
13	44	0	0.0759408768	24.9204186	59.5561965	24.9204186	431.95241	372.396213	0	0	0	0	0	3
14	46	0	0.0817824828	24.2226685	57.0323731	24.2226685	431.95241	374.920036	0	0	0	0	0	3
15	48	0	0.0876240887	24.4248186	54.8585361	24.2226685	431.95241	377.093873	0	0	0	0	0	3
16	50	0	0.0934656946	23.2382943	52.882271	23.2382943	431.95241	379.070139	0	0	0	0	0	3
17	52	0	0.0993073005	24.0121652	51.1840295	23.2382943	431.95241	380.76838	0	0	0	0	0	3
18	54	0	0.105148906	23.9125139	49.6689453	23.2382943	431.95241	382.283464	0	0	0	0	0	3
19	57	0	0.110990512	22.7954302	48.2545497	22.7954302	431.95241	383.69786	0	0	0	0	0	3
20	59	0	0.116832118	24.538401	47.0687423	22.7954302	431.95241	384.883667	0	0	0	0	0	3
21	61	0	0.122673724	22.6699107	45.9068932	22.6699107	431.95241	386.045516	0	0	0	0	0	3
22	63	0	0.12851533	24.9183526	44.9528686	22.6699107	431.95241	386.999541	0	0	0	0	0	3
23	66	0	0.134356936	22.9130988	43.9946177	22.6699107	431.95241	387.957792	0	0	0	0	0	3
24	68	0	0.140198542	24.7131434	43.191223	22.6699107	431.95241	388.761187	0	0	0	0	0	3
25	70	0	0.146040148	23.225387	42.3925895	22.6699107	431.95241	389.55982	0	0	0	0	0	3
26	72	0	0.151881754	23.9222676	41.6821925	22.6699107	431.95241	390.270217	0	0	0	0	0	3
27	75	0	0.15772336	23.327039	41.002372	22.6699107	431.95241	390.950037	0	0	0	0	0	3
28	77	0	0.163564966	23.8955491	40.3914141	22.6699107	431.95241	391.560995	0	0	0	0	0	3
29	79	0	0.169406571	23.5625211	39.8111074	22.6699107	431.95241	392.141302	0	0	0	0	0	3
30	82	0	0.175248177	22.5507198	39.2357612	22.5507198	431.95241	392.716648	0	0	0	0	0	3
31	84	0	0.181089783	22.6927665	38.7021162	22.5507198	431.95241	393.250293	0	0	0	0	0	3
32	86	0	0.186931389	22.0751933	38.1825248	22.0751933	431.95241	393.769885	0	0	0	0	0	3
33	89	0	0.192772995	22.0639495	37.6940832	22.0639495	431.95241	394.258326	0	0	0	0	0	3
34	91	0	0.198614601	21.9255025	37.2303014	21.9255025	431.95241	394.722108	0	0	0	0	0	3
35	94	0	0.204456207	21.9162793	36.7927579	21.9162793	431.95241	395.159652	0	0	0	0	0	3
36	96	0	0.210297813	22.1997717	36.3873972	21.9162793	431.95241	395.565012	0	0	0	0	0	3
37	99	0	0.216139419	20.8534579	35.967561	20.8534579	431.95241	395.984849	0	0	0	0	0	3
38	101	0	0.221981025	21.4334264	35.5850837	20.8534579	431.95241	396.367326	0	0	0	0	0	3
39	104	0	0.227822631	20.8991775	35.2085221	20.8534579	431.95241	396.743887	0	0	0	0	0	3
40	106	0	0.233664236	21.6837164	34.8704019	20.8534579	431.95241	397.082008	0	0	0	0	0	3
41	109	0	0.239505842	21.4052665	34.541984	20.8534579	431.95241	397.410426	0	0	0	0	0	3
42	111	0	0.245347448	21.1567359	34.2232876	20.8534579	431.95241	397.729122	0	0	0	0	0	3
43	113	0	0.251189054	20.812281	33.9114037	20.812281	431.95241	398.041006	0	0	0	0	0	3
44	116	0	0.25703066	20.9876015	33.6176809	20.812281	431.95241	398.334729	0	0	0	0	0	3
45	118	0	0.262872266	21.1250577	33.3400671	20.812281	431.95241	398.612342	0	0	0	0	0	3
46	121	0	0.268713872	21.3092323	33.0785272	20.812281	431.95241	398.873882	0	0	0	0	0	3
47	123	0	0.274555478	21.2315374	32.8264636	20.812281	431.95241	399.125946	0	0	0	0	0	3
48	126	0	0.280397084	21.0307581	32.5807197	20.812281	431.95241	399.37169	0	0	0	0	0	3
49	128	0	0.28623869	21.119766	32.3468227	20.812281	431.95241	399.605587	0	0	0	0	0	3
50	130	0	0.292080296	21.2675773	32.1252378	20.812281	431.95241	399.827172	0	0	0	0	0	3
51	133	0	0.297921901	21.0226756	31.9075405	20.812281	431.95241	400.044869	0	0	0	0	0	3
52	135	0	0.303763507	20.568062	31.6894736	20.568062	431.95241	400.262936	0	0	0	0	0	3
53	138	0	0.309605113	21.131008	31.4902573	20.568062	431.95241	400.462152	0	0	0	0	0	3
54	140	0	0.315446719	20.9723375	31.295481	20.568062	431.95241	400.656929	0	0	0	0	0	3
55	142	0	0.321288325	21.1187705	31.1104499	20.568062	431.95241	400.84196	0	0	0	0	0	3
56	145	0	0.327129931	20.6514548	30.9236821	20.568062	431.95241	401.028727	0	0	0	0	0	3
57	147	0	0.332971537	20.8970083	30.7477756	20.568062	431.95241	401.204634	0	0	0	0	0	3
58	150	0	0.338813143	20.7512038	30.5754209	20.568062	431.95241	401.376989	0	0	0	0	0	3
59	152	0	0.344654749	21.1064396	30.4149297	20.568062	431.95241	401.53748	0	0	0	0	0	3
60	154	0	0.350496355	20.4890017	30.2494975	20.4890017	431.95241	401.702912	0	0	0	0	0	3
61	157	0	0.356337961	20.7269502	30.0933902	20.4890017	431.95241	401.859019	0	0	0	0	0	3
62	159	0	0.362179566	20.3394057	29.9360679	20.3394057	431.95241	402.016342	0	0	0	0	0	3
63	161	0	0.368021172	20.3972435	29.784658	20.3394057	431.95241	402.167752	0	0	0	0	0	3
64	163	0	0.373862778	20.4217926	29.6383632	20.3394057	431.95241	402.314046	0	0	0	0	0	3
65	165	0	0.379704384	20.301812	29.4947239	20.301812	431.95241	402.457686	0	0	0	0	0	3
66	168	0	0.38554599	20.305453	29.3554926	20.301812	431.95241	402.596917	0	0	0	0	0	3
67	170	0	0.391387596	20.2236968	29.2191971	20.2236968	431.95241	402.733212	0	0	0	0	0	3
68	172	0	0.397229202	20.493285	29.0908749	20.2236968	431.95241	402.861535	0	0	0	0	0	3
69	174	0	0.403070808	20.3715379	28.9645077	20.2236968	431.95241	402.987902	0	0	0	0	0	3
70	177	0	0.408912414	20.3494983	28.8414361	20.2236968	431.95241	403.110973	0	0	0	0	0	3
71	179	0	0.41475402	20.3492563	28.7218279	20.2236968	431.95241	403.230582	0	0	0	0	0	3
72	182	0	0.420595626	20.4328379	28.6067031	20.2236968	431.95241	403.345706	0	0	0	0	0	3
73	184	0	0.426437232	20.0714768	28.4897822	20.0714768	431.95241	403.462627	0	0	0	0	0	3
74	187	0	0.432278837	20.2229864	28.3780687	20.0714768	431.95241	403.574341	0	0	0	0	0	3
75	189	0	0.438120443	20.1376579	28.2681966	20.0714768	431.95241	403.684213	0	0	0	0	0	3
76	192	0	0.443962049	19.9242528	28.1584078	19.9242528	431.95241	403.794002	0	0	0	0	0	3
77	194	0	0.449803655	19.9830081	28.0522338	19.9242528	431.95241	403.900176	0	0	0	0	0	3
78	196	0	0.455645261	20.3473653	27.9534534	19.9242528	431.95241	403.998956	0	0	0	0	0	3
79	199	0	0.461486867	19.9612448	27.8522862	19.9242528	431.95241	404.100123	0	0	0	0	0	3
80	201	0	0.467328473	20.0889531	27.7552446	19.9242528	431.95241	404.197165	0	0	0	0	0	3
81	203	0	0.473170079	19.9670947	27.6590946	19.9242528	431.95241	404.293315	0	0	0	0	0	3
82	206	0	0.479011685	20.1640876	27.5676921	19.9242528	431.95241	404.384717	0	0	0	0	0	3
83	208	0	0.484853291	19.9313809	27.4756883	19.9242528	431.95241	404.476721	0	0	0	0	0	3
84	210	0	0.490694897	20.2117639	27.389213	19.9242528	431.95241	404.563196	0	0	0	0	0	3
85	213	0	0.496536502	20.0504326	27.3028744	19.9242528	431.95241	404.649535	0	0	0	0	0	3
86	215	0	0.502378108	20.0458411	27.2184903	19.9242528	431.95241	404.733919	0	0	0	0	0	3
87	218	0	0.508219714	19.9652195	22.4279416	19.9242528	43.784344	23.8600912	0	0	0	0	0	3
88	220	0	0.51406132	19.8778712	22.1499594	19.8778712	31.1390328	11.2611616	0	0	0	0	0	3
89	223	0	0.519902926	19.9359842	22.0752431	19.8778712	31.1390328	11.2611616	0	0	0	0	0	3
90	225	0	0.525744532	20.1375512	21.9473189	19.8778712	30.9532178	11.0753466	0	0	0	0	0	3
91	228	0	0.531586138	20.0748246	21.8848445	19.8778712	30.9532178	11.0753466	0	0	0	0	0	3
92	230	0	0.537427744	20.130897	21.7881979	19.8778712	30.9532178	11.0753466	0	0	0	0	0	3
93	233	0	0.54326935	19.9534246	21.7215195	19.8778712	30.9532178	11.0753466	0	0	0	0	0	3
94	235	0	0.549110956	20.1272358	21.595636	19.8778712	29.0912951	9.2134239	0	0	0	0	0	3
95	238	0	0.554952562	20.1289224	21.5248466	19.8778712	29.0912951	9.2134239	0	0	0	0	0	3
96	241	0	0.560794167	20.2792781	21.4223813	19.8778712	25.2881633	5.4102921	0	0	0	0	0	3
97	243	0	0.566635773	19.915993	21.3639	19.8778712	25.2881633	5.4102921	0	0	0	0	0	3
98	246	0	0.572477379	19.8332235	21.3004704	19.8332235	24.9204186	5.08719511	0	0	0	0	0	3
99	248	0	0.578318985	19.9079708	21.2421861	19.8332235	24.9183526	5.08512908	0	0	0	0	0	3
100	251	0	0.584160591	20.0284672	21.1934164	19.8332235	24.9183526	5.08512908	0	0	0	0	0	3
101	258	0	0.590002197	20.1750372	21.1440003	19.8332235	24.9183526	5.08512908	0	0	0	0	0	3
102	260	0	0.595843803	20.2869978	21.1096829	19.8332235	24.9183526	5.08512908	0	0	0	0	0	3
103	263	0	0.601685409	19.7309661	21.0599015	19.7309661	24.9183526	5.18738652	0	0	0	0	0	3
104	265	0	0.607527015	19.910627	21.0133679	19.7309661	24.9183526	5.18738652	0	0	0	0	0	3
105	267	0	0.613368621	19.8332476	20.978924	19.7309661	24.9183526	5.18738652	0	0	0	0	0	3
106	270	0	0.619210227	20.0378197	20.9265916	19.7309661	24.9183526	5.18738652	0	0	0	0	0	3
107	272	0	0.625051832	19.9236413	20.8946583	19.7309661	24.9183526	5.18738652	0	0	0	0	0	3
108	275	0	0.630893438	19.4478273	20.8310475	19.4478273	24.7131434	5.26531614	0	0	0	0	0	3
109	277	0	0.636735044	19.7757719	20.794567	19.4478273	24.7131434	5.26531614	0	0	0	0	0	3
110	279	0	0.64257665	19.7196226	20.7365028	19.4478273	23.9222676	4.47444031	0	0	0	0	0	3
111	282	0	0.648418256	19.8088368	20.6967754	19.4478273	23.9222676	4.47444031	0	0	0	0	0	3
112	284	0	0.654259862	19.8846061	20.6498259	19.4478273	23.8955491	4.44772183	0	0	0	0	0	3
113	286	0	0.660101468	19.4830084	20.6051278	19.4478273	23.8955491	4.44772183	0	0	0	0	0	3
114	289	0	0.665943074	19.672736	20.5560254	19.4478273	23.5625211	4.11469383	0	0	0	0	0	3
115	291	0	0.67178468	19.9202056	20.5136729	19.4478273	22.6927665	3.24493919	0	0	0	0	0	3
116	293	0	0.677626286	19.9395973	20.483311	19.4478273	22.6927665	3.24493919	0	0	0	0	0	3
117	296	0	0.683467892	19.8261182	20.4499779	19.4478273	22.1997717	2.75194443	0	0	0	0	0	3
118	298	0	0.689309497	20.0300639	20.4261973	19.4478273	22.1997717	2.75194443	0	0	0	0	0	3
119	300	0	0.695151103	20.1135443	20.4035181	19.4478273	22.1997717	2.75194443	0	0	0	0	0	3
120	303	0	0.700992709	20.1225918	20.3825541	19.4478273	22.1997717	2.75194443	0	0	0	0	0	3
121	305	0	0.706834315	19.8614406	20.3586606	19.4478273	22.1997717	2.75194443	0	0	0	0	0	3
122	308	0	0.712675921	20.0068908	20.333162	19.4478273	21.6837164	2.23588907	0	0	0	0	0	3
123	310	0	0.718517527	19.885797	20.3219101	19.4478273	21.6837164	2.23588907	0	0	0	0	0	3
124	312	0	0.724359133	19.8370003	20.303347	19.4478273	21.6837164	2.23588907	0	0	0	0	0	3
125	315	0	0.730200739	19.8932804	20.2916505	19.4478273	21.6837164	2.23588907	0	0	0	0	0	3
126	317	0	0.736042345	19.915628	20.2710914	19.4478273	21.4052665	1.95743917	0	0	0	0	0	3
127	320	0	0.741883951	19.4162596	20.2479634	19.4162596	21.3092323	1.89297276	0	0	0	0	0	3
128	322	0	0.747725557	19.6602279	20.2305621	19.4162596	21.3092323	1.89297276	0	0	0	0	0	3
129	324	0	0.753567163	19.8458021	20.219324	19.4162596	21.3092323	1.89297276	0	0	0	0	0	3
130	327	0	0.759408768	20.1677082	20.2097904	19.4162596	21.3092323	1.89297276	0	0	0	0	0	3
131	329	0	0.765250374	19.9445852	20.1960639	19.4162596	21.3092323	1.89297276	0	0	0	0	0	3
132	332	0	0.77109198	19.9623934	20.180403	19.4162596	21.2675773	1.85131768	0	0	0	0	0	3
133	334	0	0.776933586	19.9642629	20.1656673	19.4162596	21.2675773	1.85131768	0	0	0	0	0	3
134	337	0	0.782775192	20.4377783	20.1587721	19.4162596	21.2675773	1.85131768	0	0	0	0	0	3
135	339	0	0.788616798	19.1657606	20.1360512	19.1657606	21.2675773	2.10181669	0	0	0	0	0	3
136	342	0	0.794458404	19.2756395	20.1128891	19.1657606	21.131008	1.96524739	0	0	0	0	0	3
137	344	0	0.80030001	19.592764	20.0962622	19.1657606	21.131008	1.96524739	0	0	0	0	0	3
138	347	0	0.806141616	20.1954663	20.0919297	19.1657606	21.131008	1.96524739	0	0	0	0	0	3
139	349	0	0.811983222	20.2468615	20.0816489	19.1657606	21.1187705	1.95300991	0	0	0	0	0	3
