Iteration	CPUTime	PhysTime	Travels	Value	AvValue	MinValue	MaxValue	Delta	Criteria	Progress	CriteriaType	CriteriaVarType	CriteriaPercentage
1	15	0	0.00584160591	4536.14523	4536.14523	4536.14523	4536.14523	0	0	0	0	0	0	3
2	18	0	0.0116832118	196.987422	2366.56633	196.987422	4536.14523	2169.5789	0	0	0	0	0	3
3	21	0	0.0175248177	42.6792579	1591.9373	42.6792579	4536.14523	2944.20793	0	0	0	0	0	3
4	24	0	0.0233664236	15.4781222	1197.82251	15.4781222	4536.14523	3338.32272	0	0	0	0	0	3
5	26	0	0.0292080296	27.7693149	963.81187	15.4781222	4536.14523	3572.33336	0	0	0	0	0	3
6	28	0	0.0350496355	16.2908838	805.891705	15.4781222	4536.14523	3730.25353	0	0	0	0	0	3
7	30	0	0.0408912414	22.0089856	693.90846	15.4781222	4536.14523	3842.23677	0	0	0	0	0	3
8	33	0	0.0467328473	14.7616447	609.015108	14.7616447	4536.14523	3927.13012	0	0	0	0	0	3
9	35	0	0.0525744532	18.0342028	543.350563	14.7616447	4536.14523	3992.79467	0	0	0	0	0	3
10	37	0	0.0584160591	13.3280916	490.348316	13.3280916	4536.14523	4045.79692	0	0	0	0	0	3
11	39	0	0.064257665	14.9811346	447.133117	13.3280916	4536.14523	4089.01211	0	0	0	0	0	3
12	41	0	0.0700992709	12.3813113	410.9038	12.3813113	4536.14523	4125.24143	0	0	0	0	0	3
13	44	0	0.0759408768	13.738359	380.352612	12.3813113	4536.14523	4155.79262	0	0	0	0	0	3
14	46	0	0.0817824828	11.8195613	354.028823	11.8195613	4536.14523	4182.11641	0	0	0	0	0	3
15	48	0	0.0876240887	12.653259	331.270452	11.8195613	4536.14523	4204.87478	0	0	0	0	0	3
16	50	0	0.0934656946	11.2844858	311.271329	11.2844858	4536.14523	4224.8739	0	0	0	0	0	3
17	52	0	0.0993073005	11.5944063	293.643275	11.2844858	4536.14523	4242.50196	0	0	0	0	0	3
18	54	0	0.105148906	10.1957933	277.896193	10.1957933	4536.14523	4258.24904	0	0	0	0	0	3
19	57	0	0.110990512	10.92572	263.845115	10.1957933	4536.14523	4272.30012	0	0	0	0	0	3
20	59	0	0.116832118	9.52377731	251.129048	9.52377731	4536.14523	4285.01618	0	0	0	0	0	3
21	61	0	0.122673724	10.4255693	239.666978	9.52377731	4536.14523	4296.47825	0	0	0	0	0	3
22	63	0	0.12851533	9.52907185	229.206164	9.52377731	4536.14523	4306.93907	0	0	0	0	0	3
23	66	0	0.134356936	9.96826932	219.674081	9.52377731	4536.14523	4316.47115	0	0	0	0	0	3
24	68	0	0.140198542	9.66216048	210.923585	9.52377731	4536.14523	4325.22165	0	0	0	0	0	3
25	70	0	0.146040148	9.84965455	202.880628	9.52377731	4536.14523	4333.2646	0	0	0	0	0	3
26	72	0	0.151881754	9.63441934	195.448081	9.52377731	4536.14523	4340.69715	0	0	0	0	0	3
27	75	0	0.15772336	9.41671604	188.558031	9.41671604	4536.14523	4347.5872	0	0	0	0	0	3
28	77	0	0.163564966	9.47930794	182.162362	9.41671604	4536.14523	4353.98287	0	0	0	0	0	3
29	79	0	0.169406571	9.38727282	176.2046	9.38727282	4536.14523	4359.94063	0	0	0	0	0	3
30	82	0	0.175248177	9.12422175	170.635254	9.12422175	4536.14523	4365.50998	0	0	0	0	0	3
31	84	0	0.181089783	9.16474518	165.426528	9.12422175	4536.14523	4370.7187	0	0	0	0	0	3
32	86	0	0.186931389	8.9449779	160.53648	8.9449779	4536.14523	4375.60875	0	0	0	0	0	3
33	89	0	0.192772995	8.93784127	155.942582	8.93784127	4536.14523	4380.20265	0	0	0	0	0	3
34	91	0	0.198614601	8.87194738	151.616975	8.87194738	4536.14523	4384.52826	0	0	0	0	0	3
35	94	0	0.204456207	9.02241912	147.542845	8.87194738	4536.14523	4388.60239	0	0	0	0	0	3
36	96	0	0.210297813	9.07176094	143.696426	8.87194738	4536.14523	4392.44881	0	0	0	0	0	3
37	99	0	0.216139419	8.92253535	140.053888	8.87194738	4536.14523	4396.09134	0	0	0	0	0	3
38	101	0	0.221981025	8.90131516	136.602504	8.87194738	4536.14523	4399.54273	0	0	0	0	0	3
39	104	0	0.227822631	8.8780202	133.327518	8.87194738	4536.14523	4402.81771	0	0	0	0	0	3
40	106	0	0.233664236	8.87992199	130.216328	8.87194738	4536.14523	4405.9289	0	0	0	0	0	3
41	109	0	0.239505842	8.81509949	127.255322	8.81509949	4536.14523	4408.88991	0	0	0	0	0	3
42	111	0	0.245347448	8.78628646	124.434631	8.78628646	4536.14523	4411.7106	0	0	0	0	0	3
43	113	0	0.251189054	8.7403451	121.744066	8.7403451	4536.14523	4414.40116	0	0	0	0	0	3
44	116	0	0.25703066	8.6046819	119.172716	8.6046819	4536.14523	4416.97251	0	0	0	0	0	3
45	118	0	0.262872266	8.58002401	116.715101	8.58002401	4536.14523	4419.43013	0	0	0	0	0	3
46	121	0	0.268713872	8.62148241	114.36524	8.58002401	4536.14523	4421.77999	0	0	0	0	0	3
47	123	0	0.274555478	8.60579456	112.115039	8.58002401	4536.14523	4424.03019	0	0	0	0	0	3
48	126	0	0.280397084	8.56701155	109.957788	8.56701155	4536.14523	4426.18744	0	0	0	0	0	3
49	128	0	0.28623869	8.43552632	107.885905	8.43552632	4536.14523	4428.25933	0	0	0	0	0	3
50	130	0	0.292080296	8.54221903	105.899032	8.43552632	4536.14523	4430.2462	0	0	0	0	0	3
51	133	0	0.297921901	8.54645045	103.990158	8.43552632	4536.14523	4432.15507	0	0	0	0	0	3
52	135	0	0.303763507	8.45467774	102.152937	8.43552632	4536.14523	4433.99229	0	0	0	0	0	3
53	138	0	0.309605113	8.45215165	100.384997	8.43552632	4536.14523	4435.76023	0	0	0	0	0	3
54	140	0	0.315446719	8.55902744	98.6845165	8.43552632	4536.14523	4437.46071	0	0	0	0	0	3
55	142	0	0.321288325	8.60574577	97.0467206	8.43552632	4536.14523	4439.09851	0	0	0	0	0	3
56	145	0	0.327129931	8.61383195	95.4675619	8.43552632	4536.14523	4440.67767	0	0	0	0	0	3
57	147	0	0.332971537	8.60748953	93.943701	8.43552632	4536.14523	4442.20153	0	0	0	0	0	3
58	150	0	0.338813143	8.63933231	92.472936	8.43552632	4536.14523	4443.67229	0	0	0	0	0	3
59	152	0	0.344654749	8.71623502	91.0533309	8.43552632	4536.14523	4445.0919	0	0	0	0	0	3
60	154	0	0.350496355	8.69125434	89.6806296	8.43552632	4536.14523	4446.4646	0	0	0	0	0	3
61	157	0	0.356337961	8.78208506	88.354424	8.43552632	4536.14523	4447.79081	0	0	0	0	0	3
62	159	0	0.362179566	8.73287718	87.0702055	8.43552632	4536.14523	4449.07503	0	0	0	0	0	3
63	161	0	0.368021172	8.8059587	85.8279159	8.43552632	4536.14523	4450.31732	0	0	0	0	0	3
64	163	0	0.373862778	8.80001696	84.6243549	8.43552632	4536.14523	4451.52088	0	0	0	0	0	3
65	165	0	0.379704384	8.83030635	83.4582927	8.43552632	4536.14523	4452.68694	0	0	0	0	0	3
66	168	0	0.38554599	8.80664698	82.3272071	8.43552632	4536.14523	4453.81802	0	0	0	0	0	3
67	170	0	0.391387596	8.77299404	81.229383	8.43552632	4536.14523	4454.91585	0	0	0	0	0	3
68	172	0	0.397229202	8.80255728	80.1642827	8.43552632	4536.14523	4455.98095	0	0	0	0	0	3
69	174	0	0.403070808	8.79508092	79.1299464	8.43552632	4536.14523	4457.01528	0	0	0	0	0	3
70	177	0	0.408912414	8.81675184	78.1254722	8.43552632	4536.14523	4458.01976	0	0	0	0	0	3
71	179	0	0.41475402	8.82315319	77.1493832	8.43552632	4536.14523	4458.99585	0	0	0	0	0	3
72	182	0	0.420595626	8.87832326	76.201174	8.43552632	4536.14523	4459.94406	0	0	0	0	0	3
73	184	0	0.426437232	8.85094573	75.2785682	8.43552632	4536.14523	4460.86666	0	0	0	0	0	3
74	187	0	0.432278837	8.90586503	74.3816397	8.43552632	4536.14523	4461.76359	0	0	0	0	0	3
75	189	0	0.438120443	8.87361449	73.5081994	8.43552632	4536.14523	4462.63703	0	0	0	0	0	3
76	192	0	0.443962049	8.86371675	72.6576141	8.43552632	4536.14523	4463.48762	0	0	0	0	0	3
77	194	0	0.449803655	8.85467915	71.8290046	8.43552632	4536.14523	4464.31623	0	0	0	0	0	3
78	196	0	0.455645261	8.89007525	71.0220952	8.43552632	4536.14523	4465.12314	0	0	0	0	0	3
79	199	0	0.461486867	8.83682829	70.2349399	8.43552632	4536.14523	4465.91029	0	0	0	0	0	3
80	201	0	0.467328473	8.80730584	69.4670945	8.43552632	4536.14523	4466.67814	0	0	0	0	0	3
81	203	0	0.473170079	8.77514362	68.7178112	8.43552632	4536.14523	4467.42742	0	0	0	0	0	3
82	206	0	0.479011685	8.81059924	67.9872354	8.43552632	4536.14523	4468.158	0	0	0	0	0	3
83	208	0	0.484853291	8.77604915	67.2738476	8.43552632	4536.14523	4468.87138	0	0	0	0	0	3
84	210	0	0.490694897	8.76989866	66.577372	8.43552632	4536.14523	4469.56786	0	0	0	0	0	3
85	213	0	0.496536502	8.74494272	65.8969905	8.43552632	4536.14523	4470.24824	0	0	0	0	0	3
86	215	0	0.502378108	8.79802715	65.2330491	8.43552632	4536.14523	4470.91218	0	0	0	0	0	3
87	218	0	0.508219714	8.85393658	12.5901271	8.43552632	196.987422	188.551895	0	0	0	0	0	3
88	220	0	0.51406132	8.90790194	10.4031559	8.43552632	42.6792579	34.2437316	0	0	0	0	0	3
89	223	0	0.519902926	8.91634755	10.0105639	8.43552632	27.7693149	19.3337886	0	0	0	0	0	3
90	225	0	0.525744532	8.95524414	9.9347165	8.43552632	27.7693149	19.3337886	0	0	0	0	0	3
91	228	0	0.531586138	8.95537034	9.7159497	8.43552632	22.0089856	13.5734593	0	0	0	0	0	3
92	230	0	0.537427744	9.006392	9.63124631	8.43552632	22.0089856	13.5734593	0	0	0	0	0	3
93	233	0	0.54326935	9.03289846	9.48036158	8.43552632	18.0342028	9.59867643	0	0	0	0	0	3
94	235	0	0.549110956	9.06991761	9.4141787	8.43552632	18.0342028	9.59867643	0	0	0	0	0	3
95	238	0	0.554952562	9.10023724	9.31029538	8.43552632	14.9811346	6.54560826	0	0	0	0	0	3
96	241	0	0.560794167	9.06312951	9.2607028	8.43552632	14.9811346	6.54560826	0	0	0	0	0	3
97	243	0	0.566635773	8.99413978	9.19108658	8.43552632	13.738359	5.30283265	0	0	0	0	0	3
98	246	0	0.572477379	8.95715652	9.15127083	8.43552632	13.738359	5.30283265	0	0	0	0	0	3
99	248	0	0.578318985	8.88573903	9.09484502	8.43552632	12.653259	4.21773268	0	0	0	0	0	3
100	251	0	0.584160591	8.85050174	9.06032107	8.43552632	12.653259	4.21773268	0	0	0	0	0	3
101	258	0	0.590002197	8.85030754	9.0161007	8.43552632	11.5944063	3.15887994	0	0	0	0	0	3
102	260	0	0.595843803	8.87730769	8.98811026	8.43552632	11.5944063	3.15887994	0	0	0	0	0	3
103	263	0	0.601685409	8.82230572	8.95587653	8.43552632	10.92572	2.49019367	0	0	0	0	0	3
104	265	0	0.607527015	8.78726919	8.93949834	8.43552632	10.92572	2.49019367	0	0	0	0	0	3
105	267	0	0.613368621	8.76615279	8.9143871	8.43552632	10.4255693	1.99004295	0	0	0	0	0	3
106	270	0	0.619210227	8.79343798	8.90589478	8.43552632	10.4255693	1.99004295	0	0	0	0	0	3
107	272	0	0.625051832	8.85498601	8.88763218	8.43552632	9.96826932	1.53274299	0	0	0	0	0	3
108	275	0	0.630893438	8.84273569	8.87965153	8.43552632	9.96826932	1.53274299	0	0	0	0	0	3
109	277	0	0.636735044	8.86168028	8.86678422	8.43552632	9.84965455	1.41412823	0	0	0	0	0	3
110	279	0	0.64257665	8.89833016	8.85790247	8.43552632	9.84965455	1.41412823	0	0	0	0	0	3
111	282	0	0.648418256	8.95939947	8.84755067	8.43552632	9.63441934	1.19889302	0	0	0	0	0	3
112	284	0	0.654259862	8.96222364	8.83973444	8.43552632	9.47930794	1.04378161	0	0	0	0	0	3
113	286	0	0.660101468	8.9322227	8.83410079	8.43552632	9.47930794	1.04378161	0	0	0	0	0	3
114	289	0	0.665943074	8.92405216	8.82764433	8.43552632	9.38727282	0.951746491	0	0	0	0	0	3
115	291	0	0.67178468	8.93740705	8.82241333	8.43552632	9.16474518	0.729218854	0	0	0	0	0	3
116	293	0	0.677626286	8.93393331	8.82020068	8.43552632	9.16474518	0.729218854	0	0	0	0	0	3
117	296	0	0.683467892	8.91123108	8.81725284	8.43552632	9.10023724	0.664710915	0	0	0	0	0	3
118	298	0	0.689309497	8.88382593	8.81654177	8.43552632	9.10023724	0.664710915	0	0	0	0	0	3
119	300	0	0.695151103	8.89768712	8.81607486	8.43552632	9.10023724	0.664710915	0	0	0	0	0	3
120	303	0	0.700992709	8.92564995	8.81669931	8.43552632	9.10023724	0.664710915	0	0	0	0	0	3
121	305	0	0.706834315	8.94899845	8.81584558	8.43552632	9.10023724	0.664710915	0	0	0	0	0	3
122	308	0	0.712675921	8.97951702	8.81477298	8.43552632	9.10023724	0.664710915	0	0	0	0	0	3
123	310	0	0.718517527	8.99800065	8.81565048	8.43552632	9.10023724	0.664710915	0	0	0	0	0	3
124	312	0	0.724359133	8.95502317	8.81627499	8.43552632	9.10023724	0.664710915	0	0	0	0	0	3
125	315	0	0.730200739	8.90560409	8.81659573	8.43552632	9.10023724	0.664710915	0	0	0	0	0	3
126	317	0	0.736042345	8.89424998	8.81676234	8.43552632	9.10023724	0.664710915	0	0	0	0	0	3
127	320	0	0.741883951	8.86526445	8.81734565	8.43552632	9.10023724	0.664710915	0	0	0	0	0	3
128	322	0	0.747725557	8.84499818	8.81802835	8.43552632	9.10023724	0.664710915	0	0	0	0	0	3
129	324	0	0.753567163	8.8599877	8.81941954	8.43552632	9.10023724	0.664710915	0	0	0	0	0	3
130	327	0	0.759408768	8.83929551	8.8221476	8.43552632	9.10023724	0.664710915	0	0	0	0	0	3
131	329	0	0.765250374	8.82141091	8.82495443	8.43552632	9.10023724	0.664710915	0	0	0	0	0	3
132	332	0	0.77109198	8.82031583	8.82726645	8.43552632	9.10023724	0.664710915	0	0	0	0	0	3
133	334	0	0.776933586	8.81175538	8.82966134	8.43552632	9.10023724	0.664710915	0	0	0	0	0	3
134	337	0	0.782775192	8.96044975	8.8342362	8.43552632	9.10023724	0.664710915	0	0	0	0	0	3
135	339	0	0.788616798	8.90001574	8.83963724	8.45215165	9.10023724	0.648085591	0	0	0	0	0	3
136	342	0	0.794458404	8.96414562	8.84454336	8.45215165	9.10023724	0.648085591	0	0	0	0	0	3
137	344	0	0.80030001	8.97056984	8.84947499	8.45215165	9.10023724	0.648085591	0	0	0	0	0	3
138	347	0	0.806141616	9.03253789	8.85619429	8.45215165	9.10023724	0.648085591	0	0	0	0	0	3
139	349	0	0.811983222	9.04807088	8.86312358	8.55902744	9.10023724	0.5412098	0	0	0	0	0	3
