Iteration	CPUTime	PhysTime	Travels	Value	AvValue	MinValue	MaxValue	Delta	Criteria	Progress	CriteriaType	CriteriaVarType	CriteriaPercentage
1	1	0	0.0206769686	0.00628896437	0.00628896437	0.00628896437	0.00628896437	0	0	0	0	0	0	3
2	1	0	0.0413539373	0.00782691333	0.00705793885	0.00628896437	0.00782691333	0.000768974477	0	0	0	0	0	3
3	1	0	0.0620309059	0.00764107328	0.00725231699	0.00628896437	0.00782691333	0.000963352622	0	0	0	0	0	3
4	1	0	0.0827078746	0.00863277329	0.00759743107	0.00628896437	0.00863277329	0.00130846669	0	0	0	0	0	3
5	2	0	0.103384843	0.00852865594	0.00778367604	0.00628896437	0.00863277329	0.00149471167	0	0	0	0	0	3
6	2	0	0.124061812	0.00947532697	0.00806561786	0.00628896437	0.00947532697	0.00177665349	0	0	0	0	0	3
7	2	0	0.144738781	0.00981826971	0.0083159967	0.00628896437	0.00981826971	0.00202703233	0	0	0	0	0	3
8	2	0	0.165415749	0.0105546861	0.00859583287	0.00628896437	0.0105546861	0.0023068685	0	0	0	0	0	3
9	2	0	0.186092718	0.0111774231	0.00888267624	0.00628896437	0.0111774231	0.00259371186	0	0	0	0	0	3
10	2	0	0.206769686	0.0117463611	0.00916904473	0.00628896437	0.0117463611	0.00288008035	0	0	0	0	0	3
11	2	0	0.227446655	0.0130932907	0.00952579436	0.00628896437	0.0130932907	0.00323682999	0	0	0	0	0	3
12	3	0	0.248123624	0.0140427624	0.00990220836	0.00628896437	0.0140427624	0.00361324399	0	0	0	0	0	3
13	3	0	0.268800592	0.0155704593	0.0103382277	0.00628896437	0.0155704593	0.00404926329	0	0	0	0	0	3
14	3	0	0.289477561	0.0166354691	0.0107880306	0.00628896437	0.0166354691	0.00449906625	0	0	0	0	0	3
15	3	0	0.31015453	0.0182203963	0.0112835217	0.00628896437	0.0182203963	0.0049945573	0	0	0	0	0	3
16	3	0	0.330831498	0.01988657	0.0118212122	0.00628896437	0.01988657	0.00553224782	0	0	0	0	0	3
17	3	0	0.351508467	0.0220167626	0.0124209505	0.00628896437	0.0220167626	0.00613198608	0	0	0	0	0	3
18	3	0	0.372185436	0.0237953891	0.0130528637	0.00628896437	0.0237953891	0.00676389934	0	0	0	0	0	3
19	4	0	0.392862404	0.0256795454	0.0137174259	0.00628896437	0.0256795454	0.00742846153	0	0	0	0	0	3
20	4	0	0.413539373	0.0275101623	0.0144070627	0.00628896437	0.0275101623	0.00811809835	0	0	0	0	0	3
21	4	0	0.434216342	0.0301053787	0.0151546016	0.00628896437	0.0301053787	0.00886563721	0	0	0	0	0	3
22	4	0	0.45489331	0.0326007236	0.0159476071	0.00628896437	0.0326007236	0.00965864275	0	0	0	0	0	3
23	4	0	0.475570279	0.0348885462	0.0167711262	0.00628896437	0.0348885462	0.0104821618	0	0	0	0	0	3
24	4	0	0.496247248	0.0371052967	0.0176183833	0.00628896437	0.0371052967	0.0113294189	0	0	0	0	0	3
25	4	0	0.516924216	0.0391039812	0.0184778072	0.00628896437	0.0391039812	0.0121888429	0	0	0	0	0	3
26	5	0	0.537601185	0.0418886901	0.0199017963	0.00764107328	0.0418886901	0.0128438574	0	0	0	0	0	3
27	5	0	0.558278153	0.0443032341	0.0213608491	0.00764107328	0.0443032341	0.0141085321	0	0	0	0	0	3
28	5	0	0.578955122	0.0461627493	0.0229017161	0.00852865594	0.0461627493	0.0153042851	0	0	0	0	0	3
29	5	0	0.599632091	0.0479741721	0.0244753721	0.00852865594	0.0479741721	0.016691696	0	0	0	0	0	3
30	5	0	0.620309059	0.0495778422	0.0261173395	0.00947532697	0.0495778422	0.0180517217	0	0	0	0	0	3
31	5	0	0.640986028	0.0514561678	0.0277965732	0.00981826971	0.0514561678	0.0194805765	0	0	0	0	0	3
32	6	0	0.661662997	0.0529363985	0.0295212983	0.0105546861	0.0529363985	0.0209254654	0	0	0	0	0	3
33	6	0	0.682339965	0.0539435855	0.0312568543	0.0111774231	0.0539435855	0.0223741781	0	0	0	0	0	3
34	6	0	0.703016934	0.0546947129	0.0329975459	0.0117463611	0.0546947129	0.0238285012	0	0	0	0	0	3
35	6	0	0.723693903	0.0552590028	0.0347380515	0.0130932907	0.0552590028	0.0252122572	0	0	0	0	0	3
36	6	0	0.744370871	0.0557196865	0.0364431074	0.0140427624	0.0557196865	0.026540899	0	0	0	0	0	3
37	6	0	0.76504784	0.0562584469	0.0381317348	0.0155704593	0.0562584469	0.0277935071	0	0	0	0	0	3
38	7	0	0.785724809	0.0565740059	0.0397718766	0.0166354691	0.0565740059	0.028983846	0	0	0	0	0	3
39	7	0	0.806401777	0.0567810094	0.0413776982	0.0182203963	0.0567810094	0.0300941766	0	0	0	0	0	3
40	7	0	0.827078746	0.0569335781	0.0429262255	0.01988657	0.0569335781	0.0311050133	0	0	0	0	0	3
41	7	0	0.847755715	0.0566629496	0.0443972807	0.0220167626	0.0569335781	0.0319763302	0	0	0	0	0	3
42	7	0	0.868432683	0.0565292397	0.0457777798	0.0237953891	0.0569335781	0.0327249161	0	0	0	0	0	3
43	7	0	0.889109652	0.0560288829	0.0470671195	0.0256795454	0.0569335781	0.0312540327	0	0	0	0	0	3
44	8	0	0.90978662	0.0562116717	0.0482884046	0.0275101623	0.0569335781	0.0294234159	0	0	0	0	0	3
45	8	0	0.930463589	0.0561298498	0.0494331921	0.0301053787	0.0569335781	0.0268281994	0	0	0	0	0	3
46	8	0	0.951140558	0.0558171803	0.0504616641	0.0326007236	0.0569335781	0.0243328546	0	0	0	0	0	3
47	8	0	0.971817526	0.0556912255	0.0513852842	0.0348885462	0.0569335781	0.0220450319	0	0	0	0	0	3
48	8	0	0.992494495	0.055634982	0.0522151416	0.0371052967	0.0569335781	0.0198282814	0	0	0	0	0	3
49	8	0	1.01317146	0.0559707817	0.052969761	0.0391039812	0.0569335781	0.0178295969	0.00198747379	0	11.1	0	0	3
50	8	0	1.03384843	0.0562479143	0.0536555184	0.0418886901	0.0569335781	0.015044888	0.00198747379	0	13.2	0	0	3
51	9	0	1.0545254	0.0567302721	0.0542491817	0.0443032341	0.0569335781	0.012630344	0.00198747379	0	15.7	0	0	3
52	9	0	1.07520237	0.0571268801	0.0547621275	0.0461627493	0.0571268801	0.0109641308	0.00198747379	0	18.1	0	0	3
53	9	0	1.09587934	0.0571053704	0.0551998323	0.0479741721	0.0571268801	0.00915270803	0.00198747379	0	21.7	0	0	3
54	9	0	1.11655631	0.0570376116	0.0555623699	0.0495778422	0.0571268801	0.00754903788	0.00198747379	0	26.3	0	0	3
55	9	0	1.13723328	0.056569074	0.0558420192	0.0514561678	0.0571268801	0.00567071233	0.00198747379	0	35	0	0	3
56	10	0	1.15791024	0.0561429095	0.0560294889	0.0529363985	0.0571268801	0.00419048165	0.00198747379	0	47.4	0	0	3
57	10	0	1.17858721	0.055561272	0.0561344838	0.0539435855	0.0571268801	0.00318329457	0.00198747379	0	62.4	0	0	3
58	10	0	1.19926418	0.0554396993	0.0561943284	0.0546947129	0.0571268801	0.00243216723	0.00198747379	0	81.7	0	0	3
59	10	0	1.21994115	0.0547680239	0.0561972608	0.0547680239	0.0571268801	0.00235885618	0.00198747379	0	84.2	0	0	3
60	10	0	1.24061812	0.0547409557	0.0561765389	0.0547409557	0.0571268801	0.0023859244	0.00198747379	0	83.2	0	0	3
61	10	0	1.26129509	0.054285248	0.0561191614	0.054285248	0.0571268801	0.00284163209	0.00198747379	0	69.9	0	0	3
62	11	0	1.28197206	0.0545636857	0.0560513709	0.054285248	0.0571268801	0.00284163209	0.00198747379	0	69.9	0	0	3
63	11	0	1.30264902	0.0543466484	0.0559622766	0.054285248	0.0571268801	0.00284163209	0.00198747379	0	69.9	0	0	3
64	11	0	1.32332599	0.0544655644	0.0558696588	0.054285248	0.0571268801	0.00284163209	0.00198747379	0	69.9	0	0	3
65	11	0	1.34400296	0.0543276687	0.0557654225	0.054285248	0.0571268801	0.00284163209	0.00198747379	0	69.9	0	0	3
66	11	0	1.36467993	0.0546850099	0.0556863049	0.054285248	0.0571268801	0.00284163209	0.00198747379	0	69.9	0	0	3
67	12	0	1.3853569	0.0550282006	0.0556262633	0.054285248	0.0571268801	0.00284163209	0.00198747379	0	69.9	0	0	3
68	12	0	1.40603387	0.0552994377	0.0555970855	0.054285248	0.0571268801	0.00284163209	0.00198747379	0	69.9	0	0	3
69	12	0	1.42671084	0.0554129847	0.055565138	0.054285248	0.0571268801	0.00284163209	0.00198747379	0	69.9	0	0	3
70	12	0	1.44738781	0.0552729213	0.0555308609	0.054285248	0.0571268801	0.00284163209	0.00198747379	0	69.9	0	0	3
71	12	0	1.46806477	0.0548878604	0.0554936881	0.054285248	0.0571268801	0.00284163209	0.00198747379	0	69.9	0	0	3
72	12	0	1.48874174	0.0546921683	0.0554537258	0.054285248	0.0571268801	0.00284163209	0.00198747379	0	69.9	0	0	3
73	13	0	1.50941871	0.0544514499	0.0554063845	0.054285248	0.0571268801	0.00284163209	0.00198747379	0	69.9	0	0	3
74	13	0	1.53009568	0.0542976884	0.0553394608	0.054285248	0.0571268801	0.00254174242	0.00198747379	0	78.1	0	0	3
75	13	0	1.55077265	0.0542028095	0.0552576566	0.0542028095	0.0571268801	0.00194807914	0.00198747379	0	100	0	0	3
76	13	0	1.57144962	0.0539651025	0.0551470498	0.0539651025	0.0571268801	0.0014351333	0.00198747379	0	100	0	0	3
77	13	0	1.59212659	0.0539263554	0.0550190288	0.0539263554	0.0571053704	0.00117823198	0.00198747379	0	100	0	0	3
78	13	0	1.61280355	0.0537383056	0.0548843462	0.0537383056	0.0570376116	0.00131291458	0.00198747379	0	100	0	0	3
79	14	0	1.63348052	0.0536666114	0.0547495062	0.0536666114	0.056569074	0.00144775459	0.00198747379	0	100	0	0	3
80	14	0	1.65415749	0.0535333477	0.0546280772	0.0535333477	0.0561429095	0.00156918364	0.00198747379	0	100	0	0	3
81	14	0	1.67483446	0.0534356531	0.0545197869	0.0534356531	0.055561272	0.0016774739	0.00198747379	0	100	0	0	3
82	14	0	1.69551143	0.0536434793	0.0544430752	0.0534356531	0.0554396993	0.0017541856	0.00198747379	0	100	0	0	3
83	14	0	1.7161884	0.0540182466	0.0543862171	0.0534356531	0.0554129847	0.00181104371	0.00198747379	0	100	0	0	3
84	14	0	1.73686537	0.0544192148	0.0543722647	0.0534356531	0.0554129847	0.0018042742	0.00198747379	0	100	0	0	3
85	14	0	1.75754234	0.0545158898	0.0543632621	0.0534356531	0.0554129847	0.00175589929	0.00198747379	0	100	0	0	3
86	15	0	1.7782193	0.0546067603	0.0543761226	0.0534356531	0.0554129847	0.00168810885	0.00198747379	0	100	0	0	3
87	15	0	1.79889627	0.0544409074	0.0543712114	0.0534356531	0.0554129847	0.00159901455	0.00198747379	0	100	0	0	3
88	15	0	1.81957324	0.0543261347	0.0543703909	0.0534356531	0.0554129847	0.00150639674	0.00198747379	0	100	0	0	3
89	15	0	1.84025021	0.0543674784	0.0543664675	0.0534356531	0.0554129847	0.00140216037	0.00198747379	0	100	0	0	3
90	15	0	1.86092718	0.0543250592	0.0543663631	0.0534356531	0.0554129847	0.00132304278	0.00198747379	0	100	0	0	3
91	15	0	1.88160415	0.0541562846	0.0543452141	0.0534356531	0.0554129847	0.00128104923	0.00198747379	0	100	0	0	3
92	16	0	1.90228112	0.0539444103	0.0543018625	0.0534356531	0.0554129847	0.00129522304	0.00198747379	0	100	0	0	3
93	16	0	1.92295808	0.0538125504	0.054242387	0.0534356531	0.0554129847	0.00132275105	0.00198747379	0	100	0	0	3
94	16	0	1.94363505	0.0536771467	0.0541729534	0.0534356531	0.0552729213	0.00135790743	0.00198747379	0	100	0	0	3
95	16	0	1.96431202	0.0536954766	0.0541098557	0.0534356531	0.0548878604	0.00138383243	0.00198747379	0	100	0	0	3
96	16	0	1.98498899	0.0537734062	0.0540652775	0.0534356531	0.0546921683	0.00125651514	0.00198747379	0	100	0	0	3
97	16	0	2.00566596	0.0538134764	0.0540301298	0.0534356531	0.0546067603	0.00117110716	0.00198747379	0	100	0	0	3
98	17	0	2.02634293	0.0538264313	0.0540051291	0.0534356531	0.0546067603	0.00117110716	0.00198747379	0	100	0	0	3
99	17	0	2.0470199	0.0539318047	0.0539904937	0.0534356531	0.0546067603	0.00117110716	0.00198747379	0	100	0	0	3
100	17	0	2.06769686	0.0538939978	0.0539781413	0.0534356531	0.0546067603	0.00116890855	0.00198747379	0	100	0	0	3
101	17	0	2.08837383	0.0537505113	0.0539695576	0.0534356531	0.0546067603	0.00104947121	0.00198747379	0	100	0	0	3
102	17	0	2.1090508	0.0536777671	0.0539596141	0.0534356531	0.0546067603	0.000924732149	0.00198747379	0	100	0	0	3
103	18	0	2.12972777	0.0536770045	0.053957162	0.0534356531	0.0546067603	0.000792344183	0.00198747379	0	100	0	0	3
104	18	0	2.15040474	0.0535509118	0.053952534	0.0534356531	0.0546067603	0.000675543114	0.00198747379	0	100	0	0	3
105	18	0	2.17108171	0.0534772295	0.0539502893	0.0534356531	0.0546067603	0.000569497588	0.00198747379	0	100	0	0	3
106	18	0	2.19175868	0.0535478459	0.053954777	0.0534772295	0.0546067603	0.000492785881	0.00198747379	0	100	0	0	3
107	18	0	2.21243565	0.0537270559	0.0539581201	0.0534772295	0.0546067603	0.000435927772	0.00198747379	0	100	0	0	3
108	18	0	2.23311261	0.054015826	0.0539580233	0.0534772295	0.0546067603	0.000425833261	0.00198747379	0	100	0	0	3
109	18	0	2.25378958	0.0541755019	0.0539482748	0.0534772295	0.0546067603	0.000427847824	0.00198747379	0	100	0	0	3
110	19	0	2.27446655	0.0543346982	0.0539410271	0.0534772295	0.0546067603	0.000435095491	0.00198747379	0	100	0	0	3
111	19	0	2.29514352	0.0542341949	0.0539261245	0.0534772295	0.0544409074	0.000445086973	0.00198747379	0	100	0	0	3
112	19	0	2.31582049	0.0540483869	0.0539104237	0.0534772295	0.0543674784	0.000459967244	0.00198747379	0	100	0	0	3
113	19	0	2.33649746	0.053912964	0.0538938968	0.0534772295	0.0543674784	0.000472570635	0.00198747379	0	100	0	0	3
114	19	0	2.35717443	0.0538633288	0.0538737308	0.0534772295	0.0543346982	0.000492632241	0.00198747379	0	100	0	0	3
115	19	0	2.37785139	0.0538382295	0.0538542576	0.0534772295	0.0543346982	0.000490956421	0.00198747379	0	100	0	0	3
116	20	0	2.39852836	0.0539265309	0.0538450675	0.0534772295	0.0543346982	0.000456794958	0.00198747379	0	100	0	0	3
117	20	0	2.41920533	0.0540892469	0.053850861	0.0534772295	0.0543346982	0.000397319468	0.00198747379	0	100	0	0	3
118	20	0	2.4398823	0.0543169722	0.0538710378	0.0534772295	0.0543346982	0.000327885946	0.00198747379	0	100	0	0	3
119	20	0	2.46055927	0.0546176083	0.0539086563	0.0534772295	0.0546176083	0.000264788159	0.00198747379	0	100	0	0	3
120	20	0	2.48123624	0.0546476917	0.0539467449	0.0534772295	0.0546476917	0.000220209991	0.00198747379	0	100	0	0	3
121	20	0	2.50191321	0.0546097042	0.0539801968	0.0534772295	0.0546476917	0.000185062315	0.00198747379	0	100	0	0	3
122	21	0	2.52259018	0.0544804415	0.0540068754	0.0534772295	0.0546476917	0.000161807931	0.00198747379	0	100	0	0	3
123	21	0	2.54326714	0.054277138	0.0540249037	0.0534772295	0.0546476917	0.000179836199	0.00198747379	0	100	0	0	3
124	21	0	2.56394411	0.0542647622	0.054038222	0.0534772295	0.0546476917	0.000193154497	0.00198747379	0	100	0	0	3
125	21	0	2.58462108	0.0541498995	0.0540484581	0.0534772295	0.0546476917	0.000203390567	0.00198747379	0	100	0	0	3
126	21	0	2.60529805	0.0541459149	0.0540642742	0.0534772295	0.0546476917	0.000219206713	0.00198747379	0	100	0	0	3
127	21	0	2.62597502	0.054385604	0.0540925877	0.0534772295	0.0546476917	0.000247520189	0.00198747379	0	100	0	0	3
128	22	0	2.64665199	0.054668545	0.0541322493	0.0534772295	0.054668545	0.00028718181	0.00198747379	0	100	0	0	3
129	22	0	2.66732896	0.0550244551	0.054191191	0.0534772295	0.0550244551	0.000346123543	0.00198747379	0	100	0	0	3
130	22	0	2.68800592	0.0551282787	0.054257233	0.0535478459	0.0551282787	0.000412165511	0.00198747379	0	100	0	0	3
131	22	0	2.70868289	0.0550982906	0.0543192508	0.0537270559	0.0551282787	0.000474183301	0.00198747379	0	100	0	0	3
132	22	0	2.72935986	0.0549983217	0.0543701014	0.0538382295	0.0551282787	0.000525033933	0.00198747379	0	100	0	0	3
133	22	0	2.75003683	0.0547493539	0.0543994425	0.0538382295	0.0551282787	0.000554375049	0.00198747379	0	100	0	0	3
134	23	0	2.7707138	0.0545799008	0.0544156185	0.0538382295	0.0551282787	0.000570551006	0.00198747379	0	100	0	0	3
135	23	0	2.79139077	0.0545585896	0.0544245742	0.0538382295	0.0551282787	0.000579506663	0.00198747379	0	100	0	0	3
136	23	0	2.81206774	0.0547692166	0.054445975	0.0538382295	0.0551282787	0.000600907528	0.00198747379	0	100	0	0	3
137	23	0	2.8327447	0.055078137	0.054487165	0.0538382295	0.0551282787	0.00064209753	0.00198747379	0	100	0	0	3
138	23	0	2.85342167	0.0552971707	0.0545425333	0.0538382295	0.0552971707	0.000697465798	0.00198747379	0	100	0	0	3
139	24	0	2.87409864	0.0555065507	0.0546082622	0.0538382295	0.0555065507	0.000763194677	0.00198747379	0	100	0	0	3
140	24	0	2.89477561	0.0555170867	0.0546754165	0.0539265309	0.0555170867	0.000830348968	0.00198747379	0	100	0	0	3
141	24	0	2.91545258	0.0554611494	0.0547368012	0.0540892469	0.0555170867	0.000885940244	0.00198747379	0	100	0	0	3
142	24	0	2.93612955	0.055505054	0.0547934335	0.0541459149	0.0555170867	0.000922395652	0.00198747379	0	100	0	0	3
143	24	0	2.95680652	0.0554862898	0.0548402062	0.0541459149	0.0555170867	0.000931549891	0.00198747379	0	100	0	0	3
144	24	0	2.97748349	0.0556416636	0.0548811684	0.0541459149	0.0556416636	0.0009344235	0.00198747379	0	100	0	0	3
145	25	0	2.99816045	0.0558920012	0.0549309408	0.0541459149	0.0558920012	0.000950743963	0.00198747379	0	100	0	0	3
146	25	0	3.01883742	0.0560652947	0.0549891644	0.0541459149	0.0560652947	0.000982288974	0.00198747379	0	100	0	0	3
147	25	0	3.03951439	0.0561696675	0.0550567334	0.0541459149	0.0561696675	0.00103182975	0.00198747379	0	100	0	0	3
148	25	0	3.06019136	0.0559935848	0.0551253913	0.0541459149	0.0561696675	0.00108716932	0.00198747379	0	100	0	0	3
149	25	0	3.08086833	0.0557838715	0.0551861557	0.0541459149	0.0561696675	0.00113769762	0.00198747379	0	100	0	0	3
150	25	0	3.1015453	0.055378096	0.0552352835	0.0541459149	0.0561696675	0.00117100934	0.00198747379	0	100	0	0	3
151	26	0	3.12222227	0.0551662063	0.0552760952	0.054385604	0.0561696675	0.00118350752	0.00198747379	0	100	0	0	3
152	26	0	3.14289923	0.0554510474	0.0553187129	0.0545585896	0.0561696675	0.00118646363	0.00198747379	0	100	0	0	3
153	26	0	3.1635762	0.0559237636	0.0553689217	0.0545585896	0.0561696675	0.00117773064	0.00198747379	0	100	0	0	3
154	26	0	3.18425317	0.0564597231	0.0554263324	0.0545585896	0.0564597231	0.00116909939	0.00198747379	0	100	0	0	3
155	26	0	3.20493014	0.0567254706	0.0554902201	0.0545585896	0.0567254706	0.00117096928	0.00198747379	0	100	0	0	3
156	26	0	3.22560711	0.0569028761	0.0555624035	0.0545585896	0.0569028761	0.00119230207	0.00198747379	0	100	0	0	3
157	27	0	3.24628408	0.0566725476	0.0556293725	0.0545585896	0.0569028761	0.00122992999	0.00198747379	0	100	0	0	3
158	27	0	3.26696105	0.0564697597	0.0556981888	0.0545585896	0.0569028761	0.00128257026	0.00198747379	0	100	0	0	3
159	27	0	3.28763801	0.0563530086	0.0557691131	0.0545585896	0.0569028761	0.00134453891	0.00198747379	0	100	0	0	3
160	27	0	3.30831498	0.0560125546	0.0558272717	0.0547692166	0.0569028761	0.00138129665	0.00198747379	0	100	0	0	3
161	27	0	3.32899195	0.0560498022	0.0558784951	0.055078137	0.0569028761	0.00139133008	0.00198747379	0	100	0	0	3
162	27	0	3.34966892	0.0560519139	0.0559174462	0.0551662063	0.0569028761	0.00137491289	0.00198747379	0	100	0	0	3
163	28	0	3.37034589	0.0560963214	0.0559494122	0.0551662063	0.0569028761	0.00134115004	0.00198747379	0	100	0	0	3
164	28	0	3.39102286	0.0560064185	0.0559694069	0.0551662063	0.0569028761	0.00129399046	0.00198747379	0	100	0	0	3
165	28	0	3.41169983	0.0560714998	0.0559915834	0.0551662063	0.0569028761	0.00125478224	0.00198747379	0	100	0	0	3
166	28	0	3.4323768	0.0558870865	0.0560086209	0.0551662063	0.0569028761	0.00121518744	0.00198747379	0	100	0	0	3
167	28	0	3.45305376	0.0558439326	0.0560221761	0.0551662063	0.0569028761	0.00118196988	0.00198747379	0	100	0	0	3
168	28	0	3.47373073	0.0563361621	0.056056171	0.0551662063	0.0569028761	0.00117500257	0.00198747379	0	100	0	0	3
169	29	0	3.4944077	0.0566516015	0.0560965685	0.0551662063	0.0569028761	0.0011656277	0.00198747379	0	100	0	0	3
170	29	0	3.51508467	0.0569681346	0.0561396138	0.0551662063	0.0569681346	0.00115044942	0.00198747379	0	100	0	0	3
171	29	0	3.53576164	0.0568881437	0.0561725278	0.0551662063	0.0569681346	0.00111579434	0.00198747379	0	100	0	0	3
172	29	0	3.55643861	0.0569810525	0.0562049832	0.0551662063	0.0569810525	0.00107959187	0.00198747379	0	100	0	0	3
173	29	0	3.57711558	0.0569482973	0.0562431717	0.0551662063	0.0569810525	0.00105701599	0.00198747379	0	100	0	0	3
174	29	0	3.59779254	0.0567525323	0.0562819181	0.0551662063	0.0569810525	0.00104663456	0.00198747379	0	100	0	0	3
175	29	0	3.61846951	0.0564840491	0.0563261562	0.0551662063	0.0569810525	0.00105006103	0.00198747379	0	100	0	0	3
176	30	0	3.63914648	0.0564535578	0.0563776503	0.0554510474	0.0569810525	0.00105893736	0.00198747379	0	100	0	0	3
177	30	0	3.65982345	0.0565671094	0.0564222928	0.0558439326	0.0569810525	0.00105337109	0.00198747379	0	100	0	0	3
178	30	0	3.68050042	0.0566606816	0.0564517695	0.0558439326	0.0569810525	0.00102543709	0.00198747379	0	100	0	0	3
179	30	0	3.70117739	0.0567231292	0.0564623057	0.0558439326	0.0569810525	0.000972085658	0.00198747379	0	100	0	0	3
180	30	0	3.72185436	0.0567343447	0.0564626607	0.0558439326	0.0569810525	0.000900257205	0.00198747379	0	100	0	0	3
181	30	0	3.74253133	0.0565718861	0.0564494211	0.0558439326	0.0569810525	0.000833288169	0.00198747379	0	100	0	0	3
182	31	0	3.76320829	0.0563743061	0.0564374914	0.0558439326	0.0569810525	0.000764471939	0.00198747379	0	100	0	0	3
183	31	0	3.78388526	0.0561938874	0.0564264566	0.0558439326	0.0569810525	0.000693547628	0.00198747379	0	100	0	0	3
184	31	0	3.80456223	0.0561105326	0.0564167575	0.0558439326	0.0569810525	0.000635389025	0.00198747379	0	100	0	0	3
185	31	0	3.8252392	0.056038658	0.0564178016	0.0558439326	0.0569810525	0.0005841656	0.00198747379	0	100	0	0	3
186	31	0	3.84591617	0.0560625695	0.0564183123	0.0558439326	0.0569810525	0.000545214522	0.00198747379	0	100	0	0	3
187	31	0	3.86659314	0.0561453764	0.0564220508	0.0558439326	0.0569810525	0.000513248491	0.00198747379	0	100	0	0	3
188	32	0	3.88727011	0.0564710904	0.0564370416	0.0558439326	0.0569810525	0.000493253782	0.00198747379	0	100	0	0	3
189	32	0	3.90794707	0.0565323585	0.0564580792	0.0558439326	0.0569810525	0.000471077258	0.00198747379	0	100	0	0	3
190	32	0	3.92862404	0.0560569789	0.0564574984	0.0558439326	0.0569810525	0.000454039776	0.00198747379	0	100	0	0	3
191	32	0	3.94930101	0.0558328936	0.0564553306	0.0558328936	0.0569810525	0.000440484631	0.00198747379	0	100	0	0	3
192	32	0	3.96997798	0.0556981873	0.0564495008	0.0556981873	0.0569810525	0.000406489736	0.00198747379	0	100	0	0	3
193	32	0	3.99065495	0.055973394	0.0564349901	0.0556981873	0.0569810525	0.000366092218	0.00198747379	0	100	0	0	3
194	32	0	4.01133192	0.0562291759	0.0564180931	0.0556981873	0.0569810525	0.000323046883	0.00198747379	0	100	0	0	3
