Iteration	CPUTime	PhysTime	Travels	Value	AvValue	MinValue	MaxValue	Delta	Criteria	Progress	CriteriaType	CriteriaVarType	CriteriaPercentage
1	1	0	0.0206769686	0.000320974397	0.000320974397	0.000320974397	0.000320974397	0	0	0	0	0	0	3
2	1	0	0.0413539373	-0.000781384628	-0.000230205116	-0.000781384628	0.000320974397	0.000551179513	0	0	0	0	0	3
3	1	0	0.0620309059	-0.00136355138	-0.000607987202	-0.00136355138	0.000320974397	0.000928961599	0	0	0	0	0	3
4	1	0	0.0827078746	-0.000358068291	-0.000545507475	-0.00136355138	0.000320974397	0.000928961599	0	0	0	0	0	3
5	2	0	0.103384843	0.000441741559	-0.000348057668	-0.00136355138	0.000441741559	0.000928961599	0	0	0	0	0	3
6	2	0	0.124061812	0.000163939231	-0.000262724851	-0.00136355138	0.000441741559	0.000928961599	0	0	0	0	0	3
7	2	0	0.144738781	0.000211057965	-0.000195041592	-0.00136355138	0.000441741559	0.000928961599	0	0	0	0	0	3
8	2	0	0.165415749	0.000139265808	-0.000153253167	-0.00136355138	0.000441741559	0.000928961599	0	0	0	0	0	3
9	2	0	0.186092718	6.68578422e-05	-0.000128796388	-0.00136355138	0.000441741559	0.000928961599	0	0	0	0	0	3
10	2	0	0.206769686	0.000195986539	-9.63180954e-05	-0.00136355138	0.000441741559	0.000928961599	0	0	0	0	0	3
11	2	0	0.227446655	6.78963651e-05	-8.13895081e-05	-0.00136355138	0.000441741559	0.000928961599	0	0	0	0	0	3
12	3	0	0.248123624	-8.03574014e-06	-7.52766941e-05	-0.00136355138	0.000441741559	0.000928961599	0	0	0	0	0	3
13	3	0	0.268800592	-6.1012315e-05	-7.41794341e-05	-0.00136355138	0.000441741559	0.000928961599	0	0	0	0	0	3
14	3	0	0.289477561	-0.000140356593	-7.8906374e-05	-0.00136355138	0.000441741559	0.000928961599	0	0	0	0	0	3
15	3	0	0.31015453	-0.000299381034	-9.36046847e-05	-0.00136355138	0.000441741559	0.000928961599	0	0	0	0	0	3
16	3	0	0.330831498	-0.000158366589	-9.76523037e-05	-0.00136355138	0.000441741559	0.000928961599	0	0	0	0	0	3
17	3	0	0.351508467	-0.000249145589	-0.000106563673	-0.00136355138	0.000441741559	0.000928961599	0	0	0	0	0	3
18	3	0	0.372185436	-0.000203675723	-0.000111958787	-0.00136355138	0.000441741559	0.000928961599	0	0	0	0	0	3
19	4	0	0.392862404	-0.000321108236	-0.000122966653	-0.00136355138	0.000441741559	0.000928961599	0	0	0	0	0	3
20	4	0	0.413539373	-0.000259316008	-0.000129784121	-0.00136355138	0.000441741559	0.000928961599	0	0	0	0	0	3
21	4	0	0.434216342	-0.000635203563	-0.000153851713	-0.00136355138	0.000441741559	0.000928961599	0	0	0	0	0	3
22	4	0	0.45489331	-0.00054770896	-0.000171754315	-0.00136355138	0.000441741559	0.000928961599	0	0	0	0	0	3
23	4	0	0.475570279	-0.000857587499	-0.000201573149	-0.00136355138	0.000441741559	0.000928961599	0	0	0	0	0	3
24	4	0	0.496247248	-0.000823018768	-0.000227466717	-0.00136355138	0.000441741559	0.000928961599	0	0	0	0	0	3
25	4	0	0.516924216	-0.00108386681	-0.000261722721	-0.00136355138	0.000441741559	0.000928961599	0	0	0	0	0	3
26	5	0	0.537601185	0.00102539228	-0.000233546005	-0.00136355138	0.00102539228	0.000533807768	0	0	0	0	0	3
27	5	0	0.558278153	0.000675514228	-0.000175270051	-0.00136355138	0.00102539228	0.000533807768	0	0	0	0	0	3
28	5	0	0.578955122	0.000740673421	-9.11010589e-05	-0.00108386681	0.00102539228	0.00047132804	0	0	0	0	0	3
29	5	0	0.599632091	0.000385169985	-6.13715279e-05	-0.00108386681	0.00102539228	0.00028668614	0	0	0	0	0	3
30	5	0	0.620309059	0.000430304705	-6.1829002e-05	-0.00108386681	0.00102539228	0.000201353323	0	0	0	0	0	3
31	5	0	0.640986028	-0.00133938849	-0.000121962111	-0.00133938849	0.00102539228	0.000200351193	0	0	0	0	0	3
32	6	0	0.661662997	-0.00130547085	-0.000182623263	-0.00133938849	0.00102539228	0.000200351193	0	0	0	0	0	3
33	6	0	0.682339965	-0.00130570532	-0.000240422109	-0.00133938849	0.00102539228	0.000200351193	0	0	0	0	0	3
34	6	0	0.703016934	-0.00132368562	-0.000296043847	-0.00133938849	0.00102539228	0.000234672319	0	0	0	0	0	3
35	6	0	0.723693903	-0.00129061075	-0.000355507739	-0.00133938849	0.00102539228	0.000294136211	0	0	0	0	0	3
36	6	0	0.744370871	-0.000863784579	-0.000392774976	-0.00133938849	0.00102539228	0.000331403448	0	0	0	0	0	3
37	6	0	0.76504784	-0.000737085528	-0.000421936968	-0.00133938849	0.00102539228	0.00036056544	0	0	0	0	0	3
38	7	0	0.785724809	-0.000724262357	-0.000448466969	-0.00133938849	0.00102539228	0.000387095442	0	0	0	0	0	3
39	7	0	0.806401777	-0.000431742457	-0.000460122404	-0.00133938849	0.00102539228	0.000398750876	0	0	0	0	0	3
40	7	0	0.827078746	-0.000398827208	-0.000464100251	-0.00133938849	0.00102539228	0.000402728723	0	0	0	0	0	3
41	7	0	0.847755715	-0.000250130211	-0.000467770796	-0.00133938849	0.00102539228	0.000406399268	0	0	0	0	0	3
42	7	0	0.868432683	-0.000634464504	-0.000483183552	-0.00133938849	0.00102539228	0.000421812025	0	0	0	0	0	3
43	7	0	0.889109652	-0.000469424883	-0.000493813519	-0.00133938849	0.00102539228	0.000432441991	0	0	0	0	0	3
44	8	0	0.90978662	-0.00048057294	-0.000500192107	-0.00133938849	0.00102539228	0.000438820579	0	0	0	0	0	3
45	8	0	0.930463589	-0.000122547058	-0.000494721349	-0.00133938849	0.00102539228	0.000438820579	0	0	0	0	0	3
46	8	0	0.951140558	-0.000641225411	-0.000494962223	-0.00133938849	0.00102539228	0.000438820579	0	0	0	0	0	3
47	8	0	0.971817526	-0.000465846698	-0.000491687733	-0.00133938849	0.00102539228	0.000438820579	0	0	0	0	0	3
48	8	0	0.992494495	-0.000430256444	-0.00047459449	-0.00133938849	0.00102539228	0.000438820579	0	0	0	0	0	3
49	8	0	1.01317146	-0.000520349559	-0.000462487722	-0.00133938849	0.00102539228	0.000438820579	9.63222083e-05	0	21.9	0	0	3
50	8	0	1.03384843	-0.000483865867	-0.000438487684	-0.00133938849	0.00102539228	0.000438820579	9.63222083e-05	0	21.9	0	0	3
51	9	0	1.0545254	-0.000486531518	-0.000498964636	-0.00133938849	0.000740673421	0.000438820579	9.63222083e-05	0	21.9	0	0	3
52	9	0	1.07520237	-0.000845480483	-0.000559804425	-0.00133938849	0.000740673421	0.000498432897	9.63222083e-05	0	19.3	0	0	3
53	9	0	1.09587934	-0.000639835193	-0.000615024769	-0.00133938849	0.000430304705	0.000553653241	9.63222083e-05	0	17.3	0	0	3
54	9	0	1.11655631	-0.000705269507	-0.000658642349	-0.00133938849	0.000430304705	0.000596813347	9.63222083e-05	0	16.1	0	0	3
55	9	0	1.13723328	-0.000486025492	-0.000695295557	-0.00133938849	-0.000122547058	0.000573333446	9.63222083e-05	0	16.8	0	0	3
56	10	0	1.15791024	-0.000564363778	-0.000664294569	-0.00132368562	-0.000122547058	0.000512672294	9.63222083e-05	0	18.7	0	0	3
57	10	0	1.17858721	-0.000272931531	-0.000622992996	-0.00132368562	-0.000122547058	0.000454873448	9.63222083e-05	0	21.1	0	0	3
58	10	0	1.19926418	-0.000736113208	-0.000600209311	-0.00132368562	-0.000122547058	0.00039925171	9.63222083e-05	0	24.1	0	0	3
59	10	0	1.21994115	-0.000492622205	-0.000566966775	-0.00129061075	-0.000122547058	0.000339787818	9.63222083e-05	0	28.3	0	0	3
60	10	0	1.24061812	-0.000651732886	-0.00054141166	-0.000863784579	-0.000122547058	0.000302520581	9.63222083e-05	0	31.8	0	0	3
61	10	0	1.26129509	-0.000330866292	-0.000520094929	-0.000845480483	-0.000122547058	0.000273358589	9.63222083e-05	0	35.2	0	0	3
62	11	0	1.28197206	-0.00047409483	-0.000509575301	-0.000845480483	-0.000122547058	0.000256807873	9.63222083e-05	0	37.5	0	0	3
63	11	0	1.30264902	-0.000156376056	-0.000486859849	-0.000845480483	-0.000122547058	0.000256807873	9.63222083e-05	0	37.5	0	0	3
64	11	0	1.32332599	-0.000272107056	-0.000480474433	-0.000845480483	-0.000122547058	0.000256807873	9.63222083e-05	0	37.5	0	0	3
65	11	0	1.34400296	-7.05376934e-05	-0.000467342852	-0.000845480483	-7.05376934e-05	0.000256807873	9.63222083e-05	0	37.5	0	0	3
66	11	0	1.36467993	-0.000131598	-0.000462601564	-0.000845480483	-7.05376934e-05	0.000256807873	9.63222083e-05	0	37.5	0	0	3
67	12	0	1.3853569	-0.000141323931	-0.000442875941	-0.000845480483	-7.05376934e-05	0.000256807873	9.63222083e-05	0	37.5	0	0	3
68	12	0	1.40603387	-0.000359597159	-0.000438482832	-0.000845480483	-7.05376934e-05	0.000256812725	9.63222083e-05	0	37.5	0	0	3
69	12	0	1.42671084	-0.000457137001	-0.000437545394	-0.000845480483	-7.05376934e-05	0.000257750163	9.63222083e-05	0	37.3	0	0	3
70	12	0	1.44738781	-0.000534173248	-0.000454010442	-0.000845480483	-7.05376934e-05	0.000257750163	9.63222083e-05	0	37.3	0	0	3
71	12	0	1.46806477	-0.000571801753	-0.000451233496	-0.000845480483	-7.05376934e-05	0.000257750163	9.63222083e-05	0	37.3	0	0	3
72	12	0	1.48874174	-0.000463282546	-0.000451130929	-0.000845480483	-7.05376934e-05	0.000257750163	9.63222083e-05	0	37.3	0	0	3
73	13	0	1.50941871	-0.000325398658	-0.000446936618	-0.000845480483	-7.05376934e-05	0.000257750163	9.63222083e-05	0	37.3	0	0	3
74	13	0	1.53009568	-0.000344967593	-0.000439921339	-0.000845480483	-7.05376934e-05	0.000257750163	9.63222083e-05	0	37.3	0	0	3
75	13	0	1.55077265	-0.000572070855	-0.000443449539	-0.000845480483	-7.05376934e-05	0.000257750163	9.63222083e-05	0	37.3	0	0	3
76	13	0	1.57144962	-0.000147380021	-0.000429883479	-0.000845480483	-7.05376934e-05	0.000265412078	9.63222083e-05	0	36.2	0	0	3
77	13	0	1.59212659	-0.000412767763	-0.00041257497	-0.000736113208	-7.05376934e-05	0.000282720587	9.63222083e-05	0	34	0	0	3
78	13	0	1.61280355	-0.00032034681	-0.000399795435	-0.000736113208	-7.05376934e-05	0.000295500122	9.63222083e-05	0	32.5	0	0	3
79	14	0	1.63348052	-0.000830665701	-0.000404811283	-0.000830665701	-7.05376934e-05	0.000295500122	9.63222083e-05	0	32.5	0	0	3
80	14	0	1.65415749	-0.000641816882	-0.000411042938	-0.000830665701	-7.05376934e-05	0.000264499134	9.63222083e-05	0	36.4	0	0	3
81	14	0	1.67483446	-0.000807604982	-0.000420772586	-0.000830665701	-7.05376934e-05	0.000223197561	9.63222083e-05	0	43.1	0	0	3
82	14	0	1.69551143	-0.000616026653	-0.000434496391	-0.000830665701	-7.05376934e-05	0.000200413876	9.63222083e-05	0	48	0	0	3
83	14	0	1.7161884	-0.000917068492	-0.000441734603	-0.000917068492	-7.05376934e-05	0.00016717134	9.63222083e-05	0	57.6	0	0	3
84	14	0	1.73686537	-0.000776908775	-0.000453106065	-0.000917068492	-7.05376934e-05	0.000141616225	9.63222083e-05	0	68	0	0	3
85	14	0	1.75754234	-0.000823435713	-0.000459974179	-0.000917068492	-7.05376934e-05	0.000120299494	9.63222083e-05	0	80	0	0	3
86	15	0	1.7782193	-0.000706003359	-0.000474979661	-0.000917068492	-7.05376934e-05	0.000109779866	9.63222083e-05	0	87.7	0	0	3
87	15	0	1.79889627	-0.00088052363	-0.000491236813	-0.000917068492	-7.05376934e-05	9.14413783e-05	9.63222083e-05	0	100	0	0	3
88	15	0	1.81957324	-0.000735097392	-0.000514385667	-0.000917068492	-7.05376934e-05	0.000114590232	9.63222083e-05	0	84	0	0	3
89	15	0	1.84025021	-0.000787030666	-0.000534982611	-0.000917068492	-7.05376934e-05	0.000135187176	9.63222083e-05	0	71.2	0	0	3
90	15	0	1.86092718	-0.000742516695	-0.000561861771	-0.000917068492	-0.000131598	0.000162066336	9.63222083e-05	0	59.4	0	0	3
91	15	0	1.88160415	-0.00108079371	-0.000599829599	-0.00108079371	-0.000141323931	0.000200034165	9.63222083e-05	0	48.1	0	0	3
92	16	0	1.90228112	-0.000875252657	-0.000629186748	-0.00108079371	-0.000147380021	0.000229391314	9.63222083e-05	0	41.9	0	0	3
93	16	0	1.92295808	-0.00148419461	-0.000674170646	-0.00148419461	-0.000147380021	0.000274375212	9.63222083e-05	0	35.1	0	0	3
94	16	0	1.94363505	-0.00130723753	-0.000708174667	-0.00148419461	-0.000147380021	0.000308379233	9.63222083e-05	0	31.2	0	0	3
95	16	0	1.96431202	-0.00145082126	-0.000744840588	-0.00148419461	-0.000147380021	0.000345045153	9.63222083e-05	0	27.9	0	0	3
96	16	0	1.98498899	-0.00134177739	-0.000775639613	-0.00148419461	-0.000147380021	0.000375844179	9.63222083e-05	0	25.6	0	0	3
97	16	0	2.00566596	-0.00150148407	-0.000817167674	-0.00150148407	-0.000147380021	0.00041737224	9.63222083e-05	0	23	0	0	3
98	17	0	2.02634293	-0.00111490995	-0.000848748126	-0.00150148407	-0.000147380021	0.000448952691	9.63222083e-05	0	21.4	0	0	3
99	17	0	2.0470199	-0.00119163711	-0.000882614907	-0.00150148407	-0.000147380021	0.000482819472	9.63222083e-05	0	19.9	0	0	3
100	17	0	2.06769686	-0.000796910049	-0.000891608475	-0.00150148407	-0.000147380021	0.00049181304	9.63222083e-05	0	19.5	0	0	3
101	17	0	2.08837383	-0.00099364468	-0.000925459061	-0.00150148407	-0.00032034681	0.000525663626	9.63222083e-05	0	18.3	0	0	3
102	17	0	2.1090508	-0.000692660112	-0.000936654755	-0.00150148407	-0.00032034681	0.00053685932	9.63222083e-05	0	17.9	0	0	3
103	18	0	2.12972777	-0.00107372531	-0.000966789895	-0.00150148407	-0.000616026653	0.000561978613	9.63222083e-05	0	17.1	0	0	3
104	18	0	2.15040474	-0.000943995078	-0.00097132307	-0.00150148407	-0.000616026653	0.000560280132	9.63222083e-05	0	17.1	0	0	3
105	18	0	2.17108171	-0.00126081612	-0.00099608304	-0.00150148407	-0.000616026653	0.000575310453	9.63222083e-05	0	16.7	0	0	3
106	18	0	2.19175868	-0.000959399046	-0.0010021548	-0.00150148407	-0.000616026653	0.000567658411	9.63222083e-05	0	16.9	0	0	3
107	18	0	2.21243565	-0.00143830156	-0.0010350458	-0.00150148407	-0.000692660112	0.000593311196	9.63222083e-05	0	16.2	0	0	3
108	18	0	2.23311261	-0.00101908704	-0.00103912654	-0.00150148407	-0.000692660112	0.000586020475	9.63222083e-05	0	16.4	0	0	3
109	18	0	2.25378958	-0.00145712269	-0.0010663351	-0.00150148407	-0.000692660112	0.000606360919	9.63222083e-05	0	15.8	0	0	3
110	19	0	2.27446655	-0.00101871165	-0.00107414613	-0.00150148407	-0.000692660112	0.000599166474	9.63222083e-05	0	16	0	0	3
111	19	0	2.29514352	-0.00132960507	-0.0010990902	-0.00150148407	-0.000692660112	0.00060785339	9.63222083e-05	0	15.8	0	0	3
112	19	0	2.31582049	-0.000919802724	-0.00110066137	-0.00150148407	-0.000692660112	0.0005862757	9.63222083e-05	0	16.4	0	0	3
113	19	0	2.33649746	-0.00120198835	-0.00111933701	-0.00150148407	-0.000692660112	0.000584354394	9.63222083e-05	0	16.4	0	0	3
114	19	0	2.35717443	-0.00103574339	-0.00112928551	-0.00150148407	-0.000692660112	0.000567423743	9.63222083e-05	0	16.9	0	0	3
115	19	0	2.37785139	-0.00122687624	-0.0011486599	-0.00150148407	-0.000692660112	0.000548830297	9.63222083e-05	0	17.5	0	0	3
116	20	0	2.39852836	-0.00106471748	-0.00114801685	-0.00150148407	-0.000692660112	0.000519473148	9.63222083e-05	0	18.5	0	0	3
117	20	0	2.41920533	-0.0013182255	-0.00116573576	-0.00150148407	-0.000692660112	0.000491565114	9.63222083e-05	0	19.5	0	0	3
118	20	0	2.4398823	-0.00103232667	-0.00114766104	-0.00150148407	-0.000692660112	0.000457561093	9.63222083e-05	0	21	0	0	3
119	20	0	2.46055927	-0.0012676473	-0.00114607743	-0.00150148407	-0.000692660112	0.000420895173	9.63222083e-05	0	22.8	0	0	3
120	20	0	2.48123624	-0.000847534433	-0.00112194596	-0.00150148407	-0.000692660112	0.000390096147	9.63222083e-05	0	24.6	0	0	3
121	20	0	2.50191321	-0.00112443079	-0.0011132521	-0.00150148407	-0.000692660112	0.000348568086	9.63222083e-05	0	27.6	0	0	3
122	21	0	2.52259018	-0.000873646331	-0.00108813859	-0.00145712269	-0.000692660112	0.000316987634	9.63222083e-05	0	30.3	0	0	3
123	21	0	2.54326714	-0.00127118388	-0.00109438954	-0.00145712269	-0.000692660112	0.000283120854	9.63222083e-05	0	34	0	0	3
124	21	0	2.56394411	-0.00127099813	-0.00109756399	-0.00145712269	-0.000692660112	0.000274127286	9.63222083e-05	0	35.1	0	0	3
125	21	0	2.58462108	-0.00145266559	-0.00112379421	-0.00145712269	-0.000692660112	0.000240276699	9.63222083e-05	0	40	0	0	3
126	21	0	2.60529805	-0.00132609441	-0.0011370922	-0.00145712269	-0.000692660112	0.000229081005	9.63222083e-05	0	42	0	0	3
127	21	0	2.62597502	-0.00129963637	-0.00116137125	-0.00145712269	-0.000847534433	0.000198945865	9.63222083e-05	0	48.4	0	0	3
128	22	0	2.64665199	-0.00116176505	-0.00116489284	-0.00145712269	-0.000847534433	0.00019441269	9.63222083e-05	0	49.5	0	0	3
129	22	0	2.66732896	-0.0014381307	-0.00118465826	-0.00145712269	-0.000847534433	0.000188575221	9.63222083e-05	0	51	0	0	3
130	22	0	2.68800592	-0.00133505382	-0.00118762777	-0.00145712269	-0.000847534433	0.000185472967	9.63222083e-05	0	51.9	0	0	3
131	22	0	2.70868289	-0.00154819546	-0.00121117963	-0.00154819546	-0.000847534433	0.000176133827	9.63222083e-05	0	54.6	0	0	3
132	22	0	2.72935986	-0.00133332848	-0.0012069807	-0.00154819546	-0.000847534433	0.000172053085	9.63222083e-05	0	55.9	0	0	3
133	22	0	2.75003683	-0.00130687791	-0.00121849234	-0.00154819546	-0.000847534433	0.00015215724	9.63222083e-05	0	63.3	0	0	3
134	23	0	2.7707138	-0.000965794249	-0.0011988392	-0.00154819546	-0.000847534433	0.000144346203	9.63222083e-05	0	66.7	0	0	3
135	23	0	2.79139077	-0.00119317166	-0.0012058176	-0.00154819546	-0.000847534433	0.00013035375	9.63222083e-05	0	73.8	0	0	3
136	23	0	2.81206774	-0.00103223105	-0.00119392264	-0.00154819546	-0.000847534433	0.00013035375	9.63222083e-05	0	73.8	0	0	3
137	23	0	2.8327447	-0.00125089437	-0.00120716631	-0.00154819546	-0.000847534433	0.00013035375	9.63222083e-05	0	73.8	0	0	3
138	23	0	2.85342167	-0.00117513001	-0.00120609197	-0.00154819546	-0.000847534433	0.00013035375	9.63222083e-05	0	73.8	0	0	3
139	24	0	2.87409864	-0.00154157653	-0.0012263253	-0.00154819546	-0.000847534433	0.00013818671	9.63222083e-05	0	69.7	0	0	3
140	24	0	2.89477561	-0.00123273701	-0.00122655973	-0.00154819546	-0.000847534433	0.000138421141	9.63222083e-05	0	69.5	0	0	3
141	24	0	2.91545258	-0.00148444842	-0.00124334897	-0.00154819546	-0.000847534433	0.000155210379	9.63222083e-05	0	62	0	0	3
142	24	0	2.93612955	-0.00117837955	-0.00123775513	-0.00154819546	-0.000847534433	0.000155210379	9.63222083e-05	0	62	0	0	3
143	24	0	2.95680652	-0.00131860415	-0.00124920623	-0.00154819546	-0.000847534433	0.00016106764	9.63222083e-05	0	59.8	0	0	3
144	24	0	2.97748349	-0.00118427103	-0.00124587118	-0.00154819546	-0.000847534433	0.00016106764	9.63222083e-05	0	59.8	0	0	3
145	25	0	2.99816045	-0.0015271534	-0.00127305593	-0.00154819546	-0.000873646331	0.000184917348	9.63222083e-05	0	52	0	0	3
146	25	0	3.01883742	-0.00122724102	-0.00127716834	-0.00154819546	-0.000873646331	0.000189029757	9.63222083e-05	0	50.9	0	0	3
147	25	0	3.03951439	-0.00145392288	-0.00130037941	-0.00154819546	-0.000965794249	0.000205989862	9.63222083e-05	0	46.7	0	0	3
148	25	0	3.06019136	-0.000814183434	-0.00128209939	-0.00154819546	-0.000814183434	0.000202815421	9.63222083e-05	0	47.4	0	0	3
149	25	0	3.08086833	-0.00121934106	-0.00128003311	-0.00154819546	-0.000814183434	0.000176585199	9.63222083e-05	0	54.5	0	0	3
150	25	0	3.1015453	-0.000889904951	-0.00125752268	-0.00154819546	-0.000814183434	0.00016328721	9.63222083e-05	0	58.9	0	0	3
151	26	0	3.12222227	-0.00137183301	-0.00125935222	-0.00154819546	-0.000814183434	0.00013900816	9.63222083e-05	0	69.2	0	0	3
152	26	0	3.14289923	-0.000966332583	-0.00124602007	-0.00154819546	-0.000814183434	0.00013548657	9.63222083e-05	0	71	0	0	3
153	26	0	3.1635762	-0.00115403445	-0.00124571085	-0.00154819546	-0.000814183434	0.000115721145	9.63222083e-05	0	83.2	0	0	3
154	26	0	3.18425317	-0.00103983832	-0.00122977915	-0.00154819546	-0.000814183434	0.000112751637	9.63222083e-05	0	85.4	0	0	3
155	26	0	3.20493014	-0.00100829439	-0.00121670878	-0.00154819546	-0.000814183434	0.000106456767	9.63222083e-05	0	90.4	0	0	3
156	26	0	3.22560711	-0.000827346249	-0.00118787481	-0.00154157653	-0.000814183434	0.000112504599	9.63222083e-05	0	85.6	0	0	3
157	27	0	3.24628408	-0.000872920975	-0.00116945851	-0.00154157653	-0.000814183434	0.0001309209	9.63222083e-05	0	73.5	0	0	3
158	27	0	3.26696105	-0.000824116459	-0.00115014805	-0.00154157653	-0.000814183434	0.000150231357	9.63222083e-05	0	64.1	0	0	3
159	27	0	3.28763801	-0.00103936461	-0.00115309086	-0.00154157653	-0.000814183434	0.000150231357	9.63222083e-05	0	64.1	0	0	3
160	27	0	3.30831498	-0.000797757921	-0.00113727431	-0.00154157653	-0.000797757921	0.000163105093	9.63222083e-05	0	59	0	0	3
161	27	0	3.32899195	-0.00110764775	-0.00114029098	-0.00154157653	-0.000797757921	0.000163105093	9.63222083e-05	0	59	0	0	3
162	27	0	3.34966892	-0.00107400166	-0.00113321527	-0.00154157653	-0.000797757921	0.000167164133	9.63222083e-05	0	57.6	0	0	3
163	28	0	3.37034589	-0.00132335106	-0.00113914412	-0.00154157653	-0.000797757921	0.000167164133	9.63222083e-05	0	57.6	0	0	3
164	28	0	3.39102286	-0.00108699698	-0.00112096093	-0.0015271534	-0.000797757921	0.000179418473	9.63222083e-05	0	53.6	0	0	3
165	28	0	3.41169983	-0.00141544892	-0.00112826941	-0.0015271534	-0.000797757921	0.000179418473	9.63222083e-05	0	53.6	0	0	3
166	28	0	3.4323768	-0.00131650575	-0.0011215517	-0.0015271534	-0.000797757921	0.000179418473	9.63222083e-05	0	53.6	0	0	3
167	28	0	3.45305376	-0.00145503502	-0.00113261792	-0.0015271534	-0.000797757921	0.000179418473	9.63222083e-05	0	53.6	0	0	3
168	28	0	3.47373073	-0.00104521692	-0.00112168243	-0.0015271534	-0.000797757921	0.000179418473	9.63222083e-05	0	53.6	0	0	3
169	29	0	3.4944077	-0.00117107216	-0.00112115448	-0.0015271534	-0.000797757921	0.000179418473	9.63222083e-05	0	53.6	0	0	3
170	29	0	3.51508467	-0.00112625434	-0.00110511851	-0.00145503502	-0.000797757921	0.000195260891	9.63222083e-05	0	49.3	0	0	3
171	29	0	3.53576164	-0.00110021225	-0.00110003736	-0.00145503502	-0.000797757921	0.000200342042	9.63222083e-05	0	48	0	0	3
172	29	0	3.55643861	-0.000934411572	-0.00107925691	-0.00145503502	-0.000797757921	0.000202842477	9.63222083e-05	0	47.4	0	0	3
173	29	0	3.57711558	-0.00112718582	-0.00109177701	-0.00145503502	-0.000797757921	0.000200776194	9.63222083e-05	0	47.9	0	0	3
174	29	0	3.59779254	-0.00107647132	-0.00108606222	-0.00145503502	-0.000797757921	0.000180095312	9.63222083e-05	0	53.4	0	0	3
175	29	0	3.61846951	-0.00140360554	-0.00110661024	-0.00145503502	-0.000797757921	0.000180095312	9.63222083e-05	0	53.4	0	0	3
176	30	0	3.63914648	-0.00150220519	-0.00111182513	-0.00150220519	-0.000797757921	0.000166763161	9.63222083e-05	0	57.7	0	0	3
177	30	0	3.65982345	-0.00154634223	-0.00113502551	-0.00154634223	-0.000797757921	0.000166453936	9.63222083e-05	0	57.8	0	0	3
178	30	0	3.68050042	-0.00134822578	-0.00114279317	-0.00154634223	-0.000797757921	0.000150522241	9.63222083e-05	0	63.9	0	0	3
179	30	0	3.70117739	-0.00115946299	-0.00114757815	-0.00154634223	-0.000797757921	0.000137451864	9.63222083e-05	0	70	0	0	3
180	30	0	3.72185436	-0.000805721304	-0.00113947523	-0.00154634223	-0.000797757921	0.000108617895	9.63222083e-05	0	88.6	0	0	3
181	30	0	3.74253133	-0.000802377701	-0.00113847649	-0.00154634223	-0.000797757921	9.02015948e-05	9.63222083e-05	0	100	0	0	3
182	31	0	3.76320829	-0.000656496154	-0.0011298195	-0.00154634223	-0.000656496154	7.38339515e-05	9.63222083e-05	0	100	0	0	3
183	31	0	3.78388526	-0.000579693446	-0.00112004258	-0.00154634223	-0.000579693446	7.38339515e-05	9.63222083e-05	0	100	0	0	3
184	31	0	3.80456223	-0.000454834903	-0.00109666139	-0.00154634223	-0.000454834903	6.83212427e-05	9.63222083e-05	0	100	0	0	3
185	31	0	3.8252392	-0.000572125806	-0.0010876361	-0.00154634223	-0.000454834903	6.83212427e-05	9.63222083e-05	0	100	0	0	3
186	31	0	3.84591617	-0.000563849499	-0.00106588417	-0.00154634223	-0.000454834903	8.16939819e-05	9.63222083e-05	0	100	0	0	3
187	31	0	3.86659314	-0.000766996661	-0.00105360397	-0.00154634223	-0.000454834903	9.39741818e-05	9.63222083e-05	0	100	0	0	3
188	32	0	3.88727011	-0.000733022073	-0.00102999081	-0.00154634223	-0.000454834903	0.000117587341	9.63222083e-05	0	81.9	0	0	3
189	32	0	3.90794707	-0.00101057042	-0.00102693375	-0.00154634223	-0.000454834903	0.000120644404	9.63222083e-05	0	79.8	0	0	3
190	32	0	3.92862404	-0.000888511921	-0.00100585627	-0.00154634223	-0.000454834903	0.000141721884	9.63222083e-05	0	67.9	0	0	3
191	32	0	3.94930101	-0.00104997106	-0.000995194883	-0.00154634223	-0.000454834903	0.000152383271	9.63222083e-05	0	63.2	0	0	3
192	32	0	3.96997798	-0.000950093921	-0.000974997239	-0.00154634223	-0.000454834903	0.000172580915	9.63222083e-05	0	55.8	0	0	3
193	32	0	3.99065495	-0.00114302098	-0.000978909402	-0.00154634223	-0.000454834903	0.000172580915	9.63222083e-05	0	55.8	0	0	3
194	32	0	4.01133192	-0.00094060597	-0.000969690754	-0.00154634223	-0.000454834903	0.0001778874	9.63222083e-05	0	54.1	0	0	3
