Iteration	CPUTime	PhysTime	Travels	Value	AvValue	MinValue	MaxValue	Delta	Criteria	Progress	CriteriaType	CriteriaVarType	CriteriaPercentage
1	1	0	0.0206769686	1.26746053	1.26746053	1.26746053	1.26746053	0	0	0	0	0	0	3
2	1	0	0.0413539373	1.14059925	1.20402989	1.14059925	1.26746053	0.0634306385	0	0	0	0	0	3
3	1	0	0.0620309059	0.915308823	1.10778953	0.915308823	1.26746053	0.159670993	0	0	0	0	0	3
4	1	0	0.0827078746	0.911923263	1.05882297	0.911923263	1.26746053	0.208637561	0	0	0	0	0	3
5	2	0	0.103384843	0.892516388	1.02556165	0.892516388	1.26746053	0.241898876	0	0	0	0	0	3
6	2	0	0.124061812	0.905690627	1.00558315	0.892516388	1.26746053	0.26187738	0	0	0	0	0	3
7	2	0	0.144738781	0.902911086	0.990915709	0.892516388	1.26746053	0.276544817	0	0	0	0	0	3
8	2	0	0.165415749	0.900785325	0.979649411	0.892516388	1.26746053	0.287811115	0	0	0	0	0	3
9	2	0	0.186092718	0.898207385	0.970600297	0.892516388	1.26746053	0.296860229	0	0	0	0	0	3
10	2	0	0.206769686	0.895794106	0.963119678	0.892516388	1.26746053	0.304340848	0	0	0	0	0	3
11	2	0	0.227446655	0.878563677	0.955432769	0.878563677	1.26746053	0.312027757	0	0	0	0	0	3
12	3	0	0.248123624	0.875012204	0.948731055	0.875012204	1.26746053	0.318729471	0	0	0	0	0	3
13	3	0	0.268800592	0.871720655	0.942807178	0.871720655	1.26746053	0.324653348	0	0	0	0	0	3
14	3	0	0.289477561	0.868720003	0.937515237	0.868720003	1.26746053	0.329945289	0	0	0	0	0	3
15	3	0	0.31015453	0.865944044	0.932743824	0.865944044	1.26746053	0.334716702	0	0	0	0	0	3
16	3	0	0.330831498	0.844283161	0.927215033	0.844283161	1.26746053	0.340245494	0	0	0	0	0	3
17	3	0	0.351508467	0.841542817	0.922175491	0.841542817	1.26746053	0.345285036	0	0	0	0	0	3
18	3	0	0.372185436	0.839117991	0.917561185	0.839117991	1.26746053	0.349899341	0	0	0	0	0	3
19	4	0	0.392862404	0.836993968	0.913320805	0.836993968	1.26746053	0.354139721	0	0	0	0	0	3
20	4	0	0.413539373	0.835113883	0.909410459	0.835113883	1.26746053	0.358050067	0	0	0	0	0	3
21	4	0	0.434216342	0.814807589	0.90490556	0.814807589	1.26746053	0.362554966	0	0	0	0	0	3
22	4	0	0.45489331	0.812838132	0.900720677	0.812838132	1.26746053	0.366739849	0	0	0	0	0	3
23	4	0	0.475570279	0.811152697	0.896826417	0.811152697	1.26746053	0.370634109	0	0	0	0	0	3
24	4	0	0.496247248	0.809712258	0.893196661	0.809712258	1.26746053	0.374263866	0	0	0	0	0	3
25	4	0	0.516924216	0.808571008	0.889811635	0.808571008	1.26746053	0.377648892	0	0	0	0	0	3
26	5	0	0.537601185	0.760917343	0.869549907	0.760917343	1.14059925	0.334479981	0	0	0	0	0	3
27	5	0	0.558278153	0.759916071	0.85432258	0.759916071	0.915308823	0.155392752	0	0	0	0	0	3
28	5	0	0.578955122	0.75912867	0.848075374	0.75912867	0.911923263	0.152794593	0	0	0	0	0	3
29	5	0	0.599632091	0.758511743	0.841938913	0.758511743	0.905690627	0.147178884	0	0	0	0	0	3
30	5	0	0.620309059	0.75799706	0.83655814	0.75799706	0.905690627	0.147693567	0	0	0	0	0	3
31	5	0	0.640986028	0.712318111	0.828823239	0.712318111	0.902911086	0.16209247	0	0	0	0	0	3
32	6	0	0.661662997	0.712031322	0.821188049	0.712031322	0.900785325	0.158461362	0	0	0	0	0	3
33	6	0	0.682339965	0.711783992	0.813627996	0.711783992	0.898207385	0.156972301	0	0	0	0	0	3
34	6	0	0.703016934	0.711581466	0.806162959	0.711581466	0.895794106	0.156956719	0	0	0	0	0	3
35	6	0	0.723693903	0.711409514	0.798787575	0.711409514	0.878563677	0.156645194	0	0	0	0	0	3
36	6	0	0.744370871	0.681358044	0.79089935	0.681358044	0.875012204	0.157831705	0	0	0	0	0	3
37	6	0	0.76504784	0.681623614	0.783163806	0.681358044	0.871720655	0.159643372	0	0	0	0	0	3
38	7	0	0.785724809	0.681854682	0.775569167	0.681358044	0.868720003	0.16194607	0	0	0	0	0	3
39	7	0	0.806401777	0.681998023	0.768100288	0.681358044	0.865944044	0.164643536	0	0	0	0	0	3
40	7	0	0.827078746	0.682087425	0.760746023	0.681358044	0.844283161	0.162925117	0	0	0	0	0	3
41	7	0	0.847755715	0.646719873	0.752843492	0.646719873	0.841542817	0.169331999	0	0	0	0	0	3
42	7	0	0.868432683	0.647080022	0.74506498	0.646719873	0.839117991	0.172496205	0	0	0	0	0	3
43	7	0	0.889109652	0.647243693	0.737390008	0.646719873	0.836993968	0.175930797	0	0	0	0	0	3
44	8	0	0.90978662	0.647357787	0.729804561	0.646719873	0.835113883	0.179605898	0	0	0	0	0	3
45	8	0	0.930463589	0.647419661	0.722296792	0.646719873	0.814807589	0.168087716	0	0	0	0	0	3
46	8	0	0.951140558	0.635264558	0.715115071	0.635264558	0.812838132	0.177573573	0	0	0	0	0	3
47	8	0	0.971817526	0.635310328	0.708013959	0.635264558	0.811152697	0.175888139	0	0	0	0	0	3
48	8	0	0.992494495	0.635396323	0.700983704	0.635264558	0.809712258	0.174447699	0	0	0	0	0	3
49	8	0	1.01317146	0.635368244	0.694009943	0.635264558	0.808571008	0.17330645	0.0112913848	0	6.5	0	0	3
50	8	0	1.03384843	0.632019158	0.686947869	0.632019158	0.760917343	0.128898185	0.0114222393	0	8.8	0	0	3
51	9	0	1.0545254	0.631175996	0.681758215	0.631175996	0.759916071	0.128740075	0.0114392375	0	8.8	0	0	3
52	9	0	1.07520237	0.629781088	0.676552816	0.629781088	0.75912867	0.129347582	0.0114181491	0	8.8	0	0	3
53	9	0	1.09587934	0.632608192	0.671491997	0.629781088	0.758511743	0.128730654	0.01134478	0	8.8	0	0	3
54	9	0	1.11655631	0.631663098	0.666418051	0.629781088	0.75799706	0.128215971	0.0113007585	0	8.8	0	0	3
55	9	0	1.13723328	0.632966736	0.661416838	0.629781088	0.712318111	0.0825370226	0.0112913848	0	13.6	0	0	3
56	10	0	1.15791024	0.632550765	0.658226144	0.629781088	0.712031322	0.0822502334	0.0112913848	0	13.7	0	0	3
57	10	0	1.17858721	0.632623163	0.655049818	0.629781088	0.711783992	0.0820029039	0.0112913848	0	13.7	0	0	3
58	10	0	1.19926418	0.631535117	0.651839863	0.629781088	0.711581466	0.0818003777	0.0112913848	0	13.8	0	0	3
59	10	0	1.21994115	0.633044812	0.648698397	0.629781088	0.711409514	0.0816284261	0.0112913848	0	13.8	0	0	3
60	10	0	1.24061812	0.631934052	0.645519378	0.629781088	0.682087425	0.0523063368	0.0112913848	0	21.5	0	0	3
61	10	0	1.26129509	0.632097476	0.643548955	0.629781088	0.682087425	0.0523063368	0.0112913848	0	21.5	0	0	3
62	11	0	1.28197206	0.632465022	0.641582612	0.629781088	0.682087425	0.0523063368	0.0112913848	0	21.5	0	0	3
63	11	0	1.30264902	0.632135607	0.639593849	0.629781088	0.682087425	0.0523063368	0.0112913848	0	21.5	0	0	3
64	11	0	1.32332599	0.632953947	0.637632086	0.629781088	0.682087425	0.0523063368	0.0112913848	0	21.5	0	0	3
65	11	0	1.34400296	0.632279118	0.635639753	0.629781088	0.647419661	0.0176385723	0.0112913848	0	64	0	0	3
66	11	0	1.36467993	0.632225059	0.635059961	0.629781088	0.647419661	0.0176385723	0.0112913848	0	64	0	0	3
67	12	0	1.3853569	0.632197427	0.634464657	0.629781088	0.647419661	0.0176385723	0.0112913848	0	64	0	0	3
68	12	0	1.40603387	0.632180868	0.633862144	0.629781088	0.647419661	0.0176385723	0.0112913848	0	64	0	0	3
69	12	0	1.42671084	0.632338445	0.63326137	0.629781088	0.647419661	0.0176385723	0.0112913848	0	64	0	0	3
70	12	0	1.44738781	0.633020848	0.632685418	0.629781088	0.635396323	0.00561523424	0.0112913848	0	100	0	0	3
71	12	0	1.46806477	0.632657189	0.632581123	0.629781088	0.635396323	0.00561523424	0.0112913848	0	100	0	0	3
72	12	0	1.48874174	0.63449078	0.632548341	0.629781088	0.635396323	0.00561523424	0.0112913848	0	100	0	0	3
73	13	0	1.50941871	0.63408216	0.632495775	0.629781088	0.635368244	0.00558715535	0.0112913848	0	100	0	0	3
74	13	0	1.53009568	0.6342901	0.632452649	0.629781088	0.63449078	0.00470969124	0.0112913848	0	100	0	0	3
75	13	0	1.55077265	0.63341569	0.63250851	0.629781088	0.63449078	0.00470969124	0.0112913848	0	100	0	0	3
76	13	0	1.57144962	0.63433504	0.632634872	0.629781088	0.63449078	0.00470969124	0.0112913848	0	100	0	0	3
77	13	0	1.59212659	0.634363524	0.632818169	0.631535117	0.63449078	0.00295566259	0.0112913848	0	100	0	0	3
78	13	0	1.61280355	0.634498305	0.632893774	0.631535117	0.634498305	0.00296318832	0.0112913848	0	100	0	0	3
79	14	0	1.63348052	0.634585117	0.633010655	0.631535117	0.634585117	0.00305000039	0.0112913848	0	100	0	0	3
80	14	0	1.65415749	0.63456731	0.633074678	0.631535117	0.634585117	0.00305000039	0.0112913848	0	100	0	0	3
81	14	0	1.67483446	0.633264575	0.63310323	0.631535117	0.634585117	0.00305000039	0.0112913848	0	100	0	0	3
82	14	0	1.69551143	0.633128712	0.633123452	0.631535117	0.634585117	0.00305000039	0.0112913848	0	100	0	0	3
83	14	0	1.7161884	0.631193947	0.633109805	0.631193947	0.634585117	0.0033911702	0.0112913848	0	100	0	0	3
84	14	0	1.73686537	0.630819725	0.633020802	0.630819725	0.634585117	0.00376539192	0.0112913848	0	100	0	0	3
85	14	0	1.75754234	0.631065905	0.632986076	0.630819725	0.634585117	0.00376539192	0.0112913848	0	100	0	0	3
86	15	0	1.7782193	0.631388692	0.632957724	0.630819725	0.634585117	0.00376539192	0.0112913848	0	100	0	0	3
87	15	0	1.79889627	0.632158934	0.632945481	0.630819725	0.634585117	0.00376539192	0.0112913848	0	100	0	0	3
88	15	0	1.81957324	0.631882701	0.632935365	0.630819725	0.634585117	0.00376539192	0.0112913848	0	100	0	0	3
89	15	0	1.84025021	0.631664801	0.632883799	0.630819725	0.634585117	0.00318710452	0.0112913848	0	100	0	0	3
90	15	0	1.86092718	0.63211771	0.632877343	0.630819725	0.634585117	0.00260731196	0.0112913848	0	100	0	0	3
91	15	0	1.88160415	0.631873106	0.632863264	0.630819725	0.634585117	0.00201200814	0.0112913848	0	100	0	0	3
92	16	0	1.90228112	0.632045696	0.632857195	0.630819725	0.634585117	0.00140949513	0.0112913848	0	100	0	0	3
93	16	0	1.92295808	0.631613329	0.632834494	0.630819725	0.634585117	0.00080872147	0.0112913848	0	100	0	0	3
94	16	0	1.94363505	0.631912015	0.632817436	0.630819725	0.634585117	0.000670803051	0.0112913848	0	100	0	0	3
95	16	0	1.96431202	0.631185434	0.63274402	0.630819725	0.634585117	0.000670803051	0.0112913848	0	100	0	0	3
96	16	0	1.98498899	0.632012565	0.632718235	0.630819725	0.634585117	0.000670803051	0.0112913848	0	100	0	0	3
97	16	0	2.00566596	0.631929429	0.632615781	0.630819725	0.634585117	0.000670803051	0.0112913848	0	100	0	0	3
98	17	0	2.02634293	0.632221272	0.632541345	0.630819725	0.634585117	0.000670803051	0.0112913848	0	100	0	0	3
99	17	0	2.0470199	0.632321547	0.632462603	0.630819725	0.634585117	0.000660848707	0.0112913848	0	100	0	0	3
100	17	0	2.06769686	0.632641949	0.632431654	0.630819725	0.634585117	0.000691798334	0.0112913848	0	100	0	0	3
101	17	0	2.08837383	0.632266674	0.632348919	0.630819725	0.634585117	0.00077453296	0.0112913848	0	100	0	0	3
102	17	0	2.1090508	0.632743151	0.632284104	0.630819725	0.634585117	0.000839347898	0.0112913848	0	100	0	0	3
103	18	0	2.12972777	0.632658626	0.632210517	0.630819725	0.634585117	0.000912935061	0.0112913848	0	100	0	0	3
104	18	0	2.15040474	0.632274989	0.632118112	0.630819725	0.63456731	0.00100534021	0.0112913848	0	100	0	0	3
105	18	0	2.17108171	0.632173258	0.63202235	0.630819725	0.633264575	0.00110110228	0.0112913848	0	100	0	0	3
106	18	0	2.19175868	0.632313729	0.631984316	0.630819725	0.633128712	0.00113913612	0.0112913848	0	100	0	0	3
107	18	0	2.21243565	0.632099952	0.631943165	0.630819725	0.632743151	0.00116663971	0.0112913848	0	100	0	0	3
108	18	0	2.23311261	0.632046176	0.631977255	0.630819725	0.632743151	0.00107763627	0.0112913848	0	100	0	0	3
109	18	0	2.25378958	0.632040974	0.632026105	0.631065905	0.632743151	0.00104291036	0.0112913848	0	100	0	0	3
110	19	0	2.27446655	0.631587909	0.632046985	0.631185434	0.632743151	0.00101455901	0.0112913848	0	100	0	0	3
111	19	0	2.29514352	0.632239668	0.632081024	0.631185434	0.632743151	0.0010023155	0.0112913848	0	100	0	0	3
112	19	0	2.31582049	0.632490767	0.632094297	0.631185434	0.632743151	0.000992199239	0.0112913848	0	100	0	0	3
113	19	0	2.33649746	0.632279483	0.632110168	0.631185434	0.632743151	0.000940633388	0.0112913848	0	100	0	0	3
114	19	0	2.35717443	0.632608419	0.632147913	0.631185434	0.632743151	0.00093417709	0.0112913848	0	100	0	0	3
115	19	0	2.37785139	0.632153194	0.632149332	0.631185434	0.632743151	0.000920098987	0.0112913848	0	100	0	0	3
116	20	0	2.39852836	0.631116772	0.632119079	0.631116772	0.632743151	0.000914029756	0.0112913848	0	100	0	0	3
117	20	0	2.41920533	0.631024772	0.632078242	0.631024772	0.632743151	0.000891328199	0.0112913848	0	100	0	0	3
118	20	0	2.4398823	0.631670544	0.632080531	0.631024772	0.632743151	0.000874270988	0.0112913848	0	100	0	0	3
119	20	0	2.46055927	0.631755231	0.632074259	0.631024772	0.632743151	0.000800854411	0.0112913848	0	100	0	0	3
120	20	0	2.48123624	0.63120654	0.632075104	0.631024772	0.632743151	0.000775069448	0.0112913848	0	100	0	0	3
121	20	0	2.50191321	0.632112961	0.632079119	0.631024772	0.632743151	0.000672615421	0.0112913848	0	100	0	0	3
122	21	0	2.52259018	0.632326213	0.632094991	0.631024772	0.632743151	0.000598179932	0.0112913848	0	100	0	0	3
123	21	0	2.54326714	0.631263115	0.632056664	0.631024772	0.632743151	0.000519437796	0.0112913848	0	100	0	0	3
124	21	0	2.56394411	0.631623019	0.632028723	0.631024772	0.632743151	0.000488488168	0.0112913848	0	100	0	0	3
125	21	0	2.58462108	0.631145697	0.631968873	0.631024772	0.632743151	0.000405753543	0.0112913848	0	100	0	0	3
126	21	0	2.60529805	0.631764165	0.631948773	0.631024772	0.632743151	0.000340938605	0.0112913848	0	100	0	0	3
127	21	0	2.62597502	0.631496005	0.631898887	0.631024772	0.632658626	0.00031162976	0.0112913848	0	100	0	0	3
128	22	0	2.64665199	0.630504484	0.631812721	0.630504484	0.632608419	0.000336610957	0.0112913848	0	100	0	0	3
129	22	0	2.66732896	0.629426045	0.631698764	0.629426045	0.632608419	0.00045056872	0.0112913848	0	100	0	0	3
130	22	0	2.68800592	0.631208722	0.631660182	0.629426045	0.632608419	0.000489150163	0.0112913848	0	100	0	0	3
131	22	0	2.70868289	0.630958323	0.631605966	0.629426045	0.632608419	0.000543366416	0.0112913848	0	100	0	0	3
132	22	0	2.72935986	0.632280531	0.631613189	0.629426045	0.632608419	0.000543366416	0.0112913848	0	100	0	0	3
133	22	0	2.75003683	0.631897022	0.631607223	0.629426045	0.632608419	0.000543366416	0.0112913848	0	100	0	0	3
134	23	0	2.7707138	0.632218043	0.631614306	0.629426045	0.632608419	0.000543366416	0.0112913848	0	100	0	0	3
135	23	0	2.79139077	0.631947717	0.631628698	0.629426045	0.632608419	0.000543366416	0.0112913848	0	100	0	0	3
136	23	0	2.81206774	0.631633138	0.631604437	0.629426045	0.632608419	0.000544895547	0.0112913848	0	100	0	0	3
137	23	0	2.8327447	0.630066091	0.63150745	0.629426045	0.632608419	0.000641882577	0.0112913848	0	100	0	0	3
138	23	0	2.85342167	0.630198677	0.631424218	0.629426045	0.632608419	0.000725114834	0.0112913848	0	100	0	0	3
139	24	0	2.87409864	0.631972073	0.631398764	0.629426045	0.632326213	0.000750568666	0.0112913848	0	100	0	0	3
140	24	0	2.89477561	0.632187012	0.631400116	0.629426045	0.632326213	0.000720315303	0.0112913848	0	100	0	0	3
141	24	0	2.91545258	0.631825007	0.631428446	0.629426045	0.632326213	0.000696227039	0.0112913848	0	100	0	0	3
142	24	0	2.93612955	0.632502683	0.631487562	0.629426045	0.632502683	0.000696227039	0.0112913848	0	100	0	0	3
143	24	0	2.95680652	0.632065482	0.63150336	0.629426045	0.632502683	0.000696227039	0.0112913848	0	100	0	0	3
144	24	0	2.97748349	0.62967984	0.631420344	0.629426045	0.632502683	0.000696227039	0.0112913848	0	100	0	0	3
145	25	0	2.99816045	0.630347565	0.631385985	0.629426045	0.632502683	0.000709005615	0.0112913848	0	100	0	0	3
146	25	0	3.01883742	0.629402867	0.631277581	0.629402867	0.632502683	0.000817409374	0.0112913848	0	100	0	0	3
147	25	0	3.03951439	0.629151453	0.631150591	0.629151453	0.632502683	0.000906073463	0.0112913848	0	100	0	0	3
148	25	0	3.06019136	0.631178271	0.631147197	0.629151453	0.632502683	0.000881526145	0.0112913848	0	100	0	0	3
149	25	0	3.08086833	0.632464604	0.631180861	0.629151453	0.632502683	0.000821676063	0.0112913848	0	100	0	0	3
150	25	0	3.1015453	0.634064679	0.63129762	0.629151453	0.634064679	0.000801575693	0.0112913848	0	100	0	0	3
151	26	0	3.12222227	0.631464811	0.631285646	0.629151453	0.634064679	0.000751689882	0.0112913848	0	100	0	0	3
152	26	0	3.14289923	0.632033456	0.631307144	0.629151453	0.634064679	0.000665524199	0.0112913848	0	100	0	0	3
153	26	0	3.1635762	0.632218267	0.631375695	0.629151453	0.634064679	0.000551566437	0.0112913848	0	100	0	0	3
154	26	0	3.18425317	0.630385271	0.631414064	0.629151453	0.634064679	0.000512984994	0.0112913848	0	100	0	0	3
155	26	0	3.20493014	0.632229995	0.631454915	0.629151453	0.634064679	0.000481500802	0.0112913848	0	100	0	0	3
156	26	0	3.22560711	0.632261689	0.63150705	0.629151453	0.634064679	0.000481500802	0.0112913848	0	100	0	0	3
157	27	0	3.24628408	0.632531165	0.631517075	0.629151453	0.634064679	0.000481500802	0.0112913848	0	100	0	0	3
158	27	0	3.26696105	0.632461323	0.631539647	0.629151453	0.634064679	0.000481500802	0.0112913848	0	100	0	0	3
159	27	0	3.28763801	0.632377069	0.631546008	0.629151453	0.634064679	0.000481500802	0.0112913848	0	100	0	0	3
160	27	0	3.30831498	0.632109555	0.631552482	0.629151453	0.634064679	0.000457239609	0.0112913848	0	100	0	0	3
161	27	0	3.32899195	0.632656935	0.631593434	0.629151453	0.634064679	0.000446236431	0.0112913848	0	100	0	0	3
162	27	0	3.34966892	0.631785595	0.631662214	0.629151453	0.634064679	0.000515016607	0.0112913848	0	100	0	0	3
163	28	0	3.37034589	0.632663286	0.631760798	0.629151453	0.634064679	0.000613600997	0.0112913848	0	100	0	0	3
164	28	0	3.39102286	0.633554422	0.631824092	0.629151453	0.634064679	0.000676894978	0.0112913848	0	100	0	0	3
165	28	0	3.41169983	0.633510911	0.631877048	0.629151453	0.634064679	0.000729850935	0.0112913848	0	100	0	0	3
166	28	0	3.4323768	0.632584663	0.631907434	0.629151453	0.634064679	0.000760237182	0.0112913848	0	100	0	0	3
167	28	0	3.45305376	0.634831561	0.63200059	0.629151453	0.634831561	0.000853392319	0.0112913848	0	100	0	0	3
168	28	0	3.47373073	0.633229123	0.632047135	0.629151453	0.634831561	0.000899937954	0.0112913848	0	100	0	0	3
169	29	0	3.4944077	0.634513194	0.632240469	0.629151453	0.634831561	0.00109327213	0.0112913848	0	100	0	0	3
170	29	0	3.51508467	0.633477155	0.632365653	0.629151453	0.634831561	0.00121845571	0.0112913848	0	100	0	0	3
171	29	0	3.53576164	0.634444089	0.632567302	0.629151453	0.634831561	0.00142010459	0.0112913848	0	100	0	0	3
172	29	0	3.55643861	0.6326713	0.632708096	0.630385271	0.634831561	0.00156089845	0.0112913848	0	100	0	0	3
173	29	0	3.57711558	0.632504922	0.632761162	0.630385271	0.634831561	0.00158030109	0.0112913848	0	100	0	0	3
174	29	0	3.59779254	0.631617211	0.632727266	0.630385271	0.634831561	0.00147551595	0.0112913848	0	100	0	0	3
175	29	0	3.61846951	0.631290398	0.632616295	0.630385271	0.634831561	0.00147551595	0.0112913848	0	100	0	0	3
176	30	0	3.63914648	0.631522634	0.632618608	0.630385271	0.634831561	0.00145401791	0.0112913848	0	100	0	0	3
177	30	0	3.65982345	0.631463221	0.632595798	0.630385271	0.634831561	0.00138546658	0.0112913848	0	100	0	0	3
178	30	0	3.68050042	0.631533436	0.632568405	0.630385271	0.634831561	0.00134709753	0.0112913848	0	100	0	0	3
179	30	0	3.70117739	0.633456193	0.632691242	0.631290398	0.634831561	0.0013062466	0.0112913848	0	100	0	0	3
180	30	0	3.72185436	0.633788964	0.632753601	0.631290398	0.634831561	0.00125411195	0.0112913848	0	100	0	0	3
181	30	0	3.74253133	0.634498436	0.632843071	0.631290398	0.634831561	0.00132599538	0.0112913848	0	100	0	0	3
182	31	0	3.76320829	0.634662766	0.632928335	0.631290398	0.634831561	0.00138868735	0.0112913848	0	100	0	0	3
183	31	0	3.78388526	0.633212847	0.632958396	0.631290398	0.634831561	0.00141238725	0.0112913848	0	100	0	0	3
184	31	0	3.80456223	0.633418959	0.633000071	0.631290398	0.634831561	0.00144758929	0.0112913848	0	100	0	0	3
185	31	0	3.8252392	0.632758639	0.633026034	0.631290398	0.634831561	0.00143260075	0.0112913848	0	100	0	0	3
186	31	0	3.84591617	0.632352856	0.633013871	0.631290398	0.634831561	0.00136382058	0.0112913848	0	100	0	0	3
187	31	0	3.86659314	0.633118867	0.633067202	0.631290398	0.634831561	0.00130640389	0.0112913848	0	100	0	0	3
188	32	0	3.88727011	0.63169012	0.633028275	0.631290398	0.634831561	0.00124310991	0.0112913848	0	100	0	0	3
189	32	0	3.90794707	0.632820575	0.632998922	0.631290398	0.634831561	0.00119015395	0.0112913848	0	100	0	0	3
190	32	0	3.92862404	0.632837309	0.632971977	0.631290398	0.634831561	0.00115976771	0.0112913848	0	100	0	0	3
191	32	0	3.94930101	0.632484763	0.632967982	0.631290398	0.634831561	0.00106661257	0.0112913848	0	100	0	0	3
192	32	0	3.96997798	0.632979956	0.632893917	0.631290398	0.634662766	0.00102006693	0.0112913848	0	100	0	0	3
193	32	0	3.99065495	0.631785246	0.632836162	0.631290398	0.634662766	0.000826732753	0.0112913848	0	100	0	0	3
194	32	0	4.01133192	0.633759788	0.632806026	0.631290398	0.634662766	0.000701549174	0.0112913848	0	100	0	0	3
