Iteration	CPUTime	PhysTime	Travels	Value	AvValue	MinValue	MaxValue	Delta	Criteria	Progress	CriteriaType	CriteriaVarType	CriteriaPercentage
1	1	0	0.0206769686	0.254806992	0.254806992	0.254806992	0.254806992	0	0	0	0	0	0	3
2	1	0	0.0413539373	0.182139336	0.218473164	0.182139336	0.254806992	0.0363338281	0	0	0	0	0	3
3	1	0	0.0620309059	0.192761099	0.209902476	0.182139336	0.254806992	0.0449045162	0	0	0	0	0	3
4	1	0	0.0827078746	0.200385376	0.207523201	0.182139336	0.254806992	0.0472837911	0	0	0	0	0	3
5	2	0	0.103384843	0.201004379	0.206219436	0.182139336	0.254806992	0.0485875555	0	0	0	0	0	3
6	2	0	0.124061812	0.198093084	0.204865044	0.182139336	0.254806992	0.0499419475	0	0	0	0	0	3
7	2	0	0.144738781	0.205529542	0.204959973	0.182139336	0.254806992	0.0499419475	0	0	0	0	0	3
8	2	0	0.165415749	0.202458111	0.20464724	0.182139336	0.254806992	0.0501597519	0	0	0	0	0	3
9	2	0	0.186092718	0.20410082	0.204586527	0.182139336	0.254806992	0.0502204652	0	0	0	0	0	3
10	2	0	0.206769686	0.201583433	0.204286217	0.182139336	0.254806992	0.0505207746	0	0	0	0	0	3
11	2	0	0.227446655	0.21200933	0.204988318	0.182139336	0.254806992	0.0505207746	0	0	0	0	0	3
12	3	0	0.248123624	0.213482291	0.205696149	0.182139336	0.254806992	0.0505207746	0	0	0	0	0	3
13	3	0	0.268800592	0.22016993	0.206809517	0.182139336	0.254806992	0.0505207746	0	0	0	0	0	3
14	3	0	0.289477561	0.224180209	0.208050281	0.182139336	0.254806992	0.0505207746	0	0	0	0	0	3
15	3	0	0.31015453	0.231892836	0.209639785	0.182139336	0.254806992	0.0505207746	0	0	0	0	0	3
16	3	0	0.330831498	0.246510743	0.211944219	0.182139336	0.254806992	0.0505207746	0	0	0	0	0	3
17	3	0	0.351508467	0.255959538	0.214533356	0.182139336	0.255959538	0.0505207746	0	0	0	0	0	3
18	3	0	0.372185436	0.25775143	0.21693436	0.182139336	0.25775143	0.0505207746	0	0	0	0	0	3
19	4	0	0.392862404	0.262795011	0.219348078	0.182139336	0.262795011	0.0505207746	0	0	0	0	0	3
20	4	0	0.413539373	0.264515626	0.221606456	0.182139336	0.264515626	0.0505207746	0	0	0	0	0	3
21	4	0	0.434216342	0.26901167	0.223863847	0.182139336	0.26901167	0.0505207746	0	0	0	0	0	3
22	4	0	0.45489331	0.270434028	0.225980673	0.182139336	0.270434028	0.0505207746	0	0	0	0	0	3
23	4	0	0.475570279	0.27223589	0.22799177	0.182139336	0.27223589	0.0505207746	0	0	0	0	0	3
24	4	0	0.496247248	0.274984757	0.229949811	0.182139336	0.274984757	0.0505207746	0	0	0	0	0	3
25	4	0	0.516924216	0.274956455	0.231750077	0.182139336	0.274984757	0.0505207746	0	0	0	0	0	3
26	5	0	0.537601185	0.232060475	0.230840216	0.182139336	0.274984757	0.0274638594	0	0	0	0	0	3
27	5	0	0.558278153	0.232557784	0.232856954	0.192761099	0.274984757	0.0285707366	0	0	0	0	0	3
28	5	0	0.578955122	0.231506147	0.234406756	0.198093084	0.274984757	0.0301205386	0	0	0	0	0	3
29	5	0	0.599632091	0.231687559	0.235658843	0.198093084	0.274984757	0.0313726259	0	0	0	0	0	3
30	5	0	0.620309059	0.230110321	0.236823081	0.198093084	0.274984757	0.0325368636	0	0	0	0	0	3
31	5	0	0.640986028	0.184191387	0.236267013	0.184191387	0.274984757	0.0325368636	0	0	0	0	0	3
32	6	0	0.661662997	0.183342563	0.235379534	0.183342563	0.274984757	0.0325368636	0	0	0	0	0	3
33	6	0	0.682339965	0.183382068	0.234616492	0.183342563	0.274984757	0.0325368636	0	0	0	0	0	3
34	6	0	0.703016934	0.183347479	0.233786358	0.183342563	0.274984757	0.0325368636	0	0	0	0	0	3
35	6	0	0.723693903	0.184658484	0.23310936	0.183342563	0.274984757	0.0318347624	0	0	0	0	0	3
36	6	0	0.744370871	0.177821884	0.231741863	0.177821884	0.274984757	0.0311269314	0	0	0	0	0	3
37	6	0	0.76504784	0.182415668	0.230499198	0.177821884	0.274984757	0.0300135637	0	0	0	0	0	3
38	7	0	0.785724809	0.184701802	0.229080473	0.177821884	0.274984757	0.0287727999	0	0	0	0	0	3
39	7	0	0.806401777	0.186651687	0.227579332	0.177821884	0.274984757	0.0271832962	0	0	0	0	0	3
40	7	0	0.827078746	0.190550828	0.225925651	0.177821884	0.274984757	0.0248788614	0	0	0	0	0	3
41	7	0	0.847755715	0.120720026	0.220894023	0.120720026	0.274984757	0.022289725	0	0	0	0	0	3
42	7	0	0.868432683	0.123390127	0.215591246	0.120720026	0.274984757	0.0212318346	0	0	0	0	0	3
43	7	0	0.889109652	0.118753887	0.210031345	0.118753887	0.274984757	0.0267917363	0	0	0	0	0	3
44	8	0	0.90978662	0.126824796	0.204592536	0.118753887	0.274984757	0.0322305449	0	0	0	0	0	3
45	8	0	0.930463589	0.12119411	0.198859675	0.118753887	0.274984757	0.0379634055	0	0	0	0	0	3
46	8	0	0.951140558	0.121886527	0.19297467	0.118753887	0.274984757	0.0438484113	0	0	0	0	0	3
47	8	0	0.971817526	0.121516103	0.187017953	0.118753887	0.274984757	0.0498051282	0	0	0	0	0	3
48	8	0	0.992494495	0.119982998	0.180927837	0.118753887	0.274984757	0.0558952439	0	0	0	0	0	3
49	8	0	1.01317146	0.122277645	0.174819552	0.118753887	0.274956455	0.0620035284	0.00629922865	0	10.1	0	0	3
50	8	0	1.03384843	0.123705182	0.168769502	0.118753887	0.232557784	0.0680535793	0.00629922865	0	9.2	0	0	3
51	9	0	1.0545254	0.128593169	0.164630809	0.118753887	0.232557784	0.0721922716	0.00629922865	0	8.7	0	0	3
52	9	0	1.07520237	0.128620797	0.16047333	0.118753887	0.231687559	0.076349751	0.00629922865	0	8.2	0	0	3
53	9	0	1.09587934	0.127103507	0.156297224	0.118753887	0.231687559	0.0805258567	0.00629922865	0	7.8	0	0	3
54	9	0	1.11655631	0.13072071	0.15225855	0.118753887	0.230110321	0.0845645306	0.00629922865	0	7.4	0	0	3
55	9	0	1.13723328	0.124744679	0.148043924	0.118753887	0.190550828	0.0717969405	0.00629922865	0	8.7	0	0	3
56	10	0	1.15791024	0.129358441	0.145850607	0.118753887	0.190550828	0.0717969405	0.00629922865	0	8.7	0	0	3
57	10	0	1.17858721	0.121170896	0.14336374	0.118753887	0.190550828	0.0717969405	0.00629922865	0	8.7	0	0	3
58	10	0	1.19926418	0.128558822	0.14117081	0.118753887	0.190550828	0.0717969405	0.00629922865	0	8.7	0	0	3
59	10	0	1.21994115	0.11929753	0.138608812	0.118753887	0.190550828	0.0717969405	0.00629922865	0	8.7	0	0	3
60	10	0	1.24061812	0.12706504	0.136305074	0.118753887	0.190550828	0.0717969405	0.00629922865	0	8.7	0	0	3
61	10	0	1.26129509	0.119732326	0.133981492	0.118753887	0.190550828	0.0717969405	0.00629922865	0	8.7	0	0	3
62	11	0	1.28197206	0.12785504	0.131799067	0.118753887	0.190550828	0.0717969405	0.00629922865	0	8.7	0	0	3
63	11	0	1.30264902	0.120388239	0.129226524	0.118753887	0.190550828	0.0717969405	0.00629922865	0	8.7	0	0	3
64	11	0	1.32332599	0.124890433	0.126756074	0.118753887	0.190550828	0.0717969405	0.00629922865	0	8.7	0	0	3
65	11	0	1.34400296	0.117952374	0.123852136	0.117952374	0.13072071	0.012768336	0.00630124847	0	49.3	0	0	3
66	11	0	1.36467993	0.124801409	0.124015391	0.117952374	0.13072071	0.012768336	0.00630303066	0	49.3	0	0	3
67	12	0	1.3853569	0.12087223	0.123914676	0.117952374	0.13072071	0.012768336	0.00630461483	0	49.3	0	0	3
68	12	0	1.40603387	0.124796333	0.124156373	0.117952374	0.13072071	0.012768336	0.00630603224	0	49.3	0	0	3
69	12	0	1.42671084	0.123856924	0.124037658	0.117952374	0.13072071	0.012768336	0.00630730791	0	49.3	0	0	3
70	12	0	1.44738781	0.126255531	0.124240115	0.117952374	0.13072071	0.012768336	0.00630846209	0	49.4	0	0	3
71	12	0	1.46806477	0.122748644	0.1242746	0.117952374	0.13072071	0.012768336	0.00630951135	0	49.4	0	0	3
72	12	0	1.48874174	0.126442818	0.124471669	0.117952374	0.13072071	0.012768336	0.00631046936	0	49.4	0	0	3
73	13	0	1.50941871	0.121499959	0.124532347	0.117952374	0.13072071	0.012768336	0.00631129999	0	49.4	0	0	3
74	13	0	1.53009568	0.125004438	0.124641419	0.117952374	0.13072071	0.012768336	0.00629922865	0	49.3	0	0	3
75	13	0	1.55077265	0.12521568	0.124701839	0.117952374	0.13072071	0.012768336	0.00629922865	0	49.3	0	0	3
76	13	0	1.57144962	0.12531465	0.124570698	0.117952374	0.13072071	0.012768336	0.00629922865	0	49.3	0	0	3
77	13	0	1.59212659	0.124500939	0.124405904	0.117952374	0.13072071	0.012768336	0.00629922865	0	49.3	0	0	3
78	13	0	1.61280355	0.125053221	0.124323892	0.117952374	0.13072071	0.012768336	0.00629922865	0	49.3	0	0	3
79	14	0	1.63348052	0.124141426	0.124060721	0.117952374	0.129358441	0.0114060675	0.00629922865	0	55.2	0	0	3
80	14	0	1.65415749	0.124140946	0.124036572	0.117952374	0.129358441	0.0114060675	0.00629922865	0	55.2	0	0	3
81	14	0	1.67483446	0.124950894	0.12386027	0.117952374	0.128558822	0.010606448	0.00629922865	0	59.3	0	0	3
82	14	0	1.69551143	0.126099144	0.1240574	0.117952374	0.128558822	0.010606448	0.00629922865	0	59.3	0	0	3
83	14	0	1.7161884	0.125084402	0.123918423	0.117952374	0.12785504	0.00990266595	0.00629922865	0	63.6	0	0	3
84	14	0	1.73686537	0.126693283	0.124214253	0.117952374	0.12785504	0.00990266595	0.00629922865	0	63.6	0	0	3
85	14	0	1.75754234	0.123999211	0.12409162	0.117952374	0.12785504	0.00990266595	0.00629922865	0	63.6	0	0	3
86	15	0	1.7782193	0.124148414	0.124268263	0.117952374	0.12785504	0.00794693088	0.00629922865	0	79.2	0	0	3
87	15	0	1.79889627	0.12271399	0.124062621	0.117952374	0.126693283	0.00537438834	0.00629922865	0	100	0	0	3
88	15	0	1.81957324	0.122230946	0.12413633	0.117952374	0.126693283	0.00290393817	0.00629922865	0	100	0	0	3
89	15	0	1.84025021	0.121813935	0.12401327	0.117952374	0.126693283	0.000849702579	0.00629922865	0	100	0	0	3
90	15	0	1.86092718	0.120083066	0.124098497	0.120083066	0.126693283	0.000841569081	0.00629922865	0	100	0	0	3
91	15	0	1.88160415	0.120073933	0.123909398	0.120073933	0.126693283	0.000841569081	0.00629922865	0	100	0	0	3
92	16	0	1.90228112	0.120287542	0.123886011	0.120073933	0.126693283	0.000841569081	0.00629922865	0	100	0	0	3
93	16	0	1.92295808	0.119608296	0.123678489	0.119608296	0.126693283	0.00102334942	0.00629922865	0	100	0	0	3
94	16	0	1.94363505	0.119736048	0.123513654	0.119608296	0.126693283	0.00118818446	0.00629922865	0	100	0	0	3
95	16	0	1.96431202	0.119803255	0.123255563	0.119608296	0.126693283	0.00144627549	0.00629922865	0	100	0	0	3
96	16	0	1.98498899	0.121945047	0.123223419	0.119608296	0.126693283	0.00147841936	0.00629922865	0	100	0	0	3
97	16	0	2.00566596	0.120844298	0.122999479	0.119608296	0.126693283	0.00170236016	0.00629922865	0	100	0	0	3
98	17	0	2.02634293	0.122573819	0.123042433	0.119608296	0.126693283	0.00170236016	0.00629922865	0	100	0	0	3
99	17	0	2.0470199	0.122254222	0.122932424	0.119608296	0.126693283	0.00176941437	0.00629922865	0	100	0	0	3
100	17	0	2.06769686	0.122837428	0.122837294	0.119608296	0.126693283	0.00173340373	0.00629922865	0	100	0	0	3
101	17	0	2.08837383	0.120886357	0.122660163	0.119608296	0.126693283	0.00174574112	0.00629922865	0	100	0	0	3
102	17	0	2.1090508	0.122531051	0.122581367	0.119608296	0.126693283	0.00174252519	0.00629922865	0	100	0	0	3
103	18	0	2.12972777	0.12143713	0.122436723	0.119608296	0.126693283	0.00183153984	0.00629922865	0	100	0	0	3
104	18	0	2.15040474	0.12215517	0.122357273	0.119608296	0.126693283	0.00191099008	0.00629922865	0	100	0	0	3
105	18	0	2.17108171	0.119937569	0.122189138	0.119608296	0.126693283	0.00207912516	0.00629922865	0	100	0	0	3
106	18	0	2.19175868	0.12103008	0.122032306	0.119608296	0.126693283	0.00223595771	0.00629922865	0	100	0	0	3
107	18	0	2.21243565	0.120637221	0.121813829	0.119608296	0.126693283	0.00245443463	0.00629922865	0	100	0	0	3
108	18	0	2.23311261	0.123148056	0.121736375	0.119608296	0.126693283	0.00253188848	0.00629922865	0	100	0	0	3
109	18	0	2.25378958	0.121599068	0.121532606	0.119608296	0.124148414	0.00273565711	0.00629922865	0	100	0	0	3
110	19	0	2.27446655	0.124627976	0.121557757	0.119608296	0.124627976	0.00273565711	0.00629922865	0	100	0	0	3
111	19	0	2.29514352	0.123296248	0.12152367	0.119608296	0.124627976	0.00261265947	0.00629922865	0	100	0	0	3
112	19	0	2.31582049	0.123432481	0.12155241	0.119608296	0.124627976	0.00261265947	0.00629922865	0	100	0	0	3
113	19	0	2.33649746	0.121964567	0.121541755	0.119608296	0.124627976	0.00257482725	0.00629922865	0	100	0	0	3
114	19	0	2.35717443	0.121638426	0.121534734	0.119608296	0.124627976	0.00257482725	0.00629922865	0	100	0	0	3
115	19	0	2.37785139	0.121233492	0.121580751	0.119608296	0.124627976	0.00238572824	0.00629922865	0	100	0	0	3
116	20	0	2.39852836	0.121922403	0.12165469	0.119608296	0.124627976	0.00236234073	0.00629922865	0	100	0	0	3
117	20	0	2.41920533	0.12254718	0.121745076	0.119608296	0.124627976	0.00215481923	0.00629922865	0	100	0	0	3
118	20	0	2.4398823	0.124154011	0.121926904	0.119736048	0.124627976	0.0019899842	0.00629922865	0	100	0	0	3
119	20	0	2.46055927	0.124499745	0.122117452	0.119803255	0.124627976	0.00173189316	0.00629922865	0	100	0	0	3
120	20	0	2.48123624	0.124790277	0.122316933	0.119937569	0.124790277	0.00169974929	0.00629922865	0	100	0	0	3
121	20	0	2.50191321	0.123911454	0.122395589	0.119937569	0.124790277	0.00151876291	0.00629922865	0	100	0	0	3
122	21	0	2.52259018	0.122051768	0.122443888	0.119937569	0.124790277	0.00151876291	0.00629922865	0	100	0	0	3
123	21	0	2.54326714	0.122483447	0.122440273	0.119937569	0.124790277	0.00140875429	0.00629922865	0	100	0	0	3
124	21	0	2.56394411	0.12259043	0.122453721	0.119937569	0.124790277	0.00131362419	0.00629922865	0	100	0	0	3
125	21	0	2.58462108	0.120435497	0.122357644	0.119937569	0.124790277	0.00113649248	0.00629922865	0	100	0	0	3
126	21	0	2.60529805	0.121608485	0.122386529	0.119937569	0.124790277	0.00105769696	0.00629922865	0	100	0	0	3
127	21	0	2.62597502	0.122732345	0.122394581	0.119937569	0.124790277	0.000930051303	0.00629922865	0	100	0	0	3
128	22	0	2.64665199	0.122639259	0.122442666	0.119937569	0.124790277	0.000930051303	0.00629922865	0	100	0	0	3
129	22	0	2.66732896	0.124554419	0.122538636	0.119937569	0.124790277	0.001014966	0.00629922865	0	100	0	0	3
130	22	0	2.68800592	0.122731141	0.122650379	0.120435497	0.124790277	0.00112670889	0.00629922865	0	100	0	0	3
131	22	0	2.70868289	0.124647253	0.122795066	0.120435497	0.124790277	0.00127139581	0.00629922865	0	100	0	0	3
132	22	0	2.72935986	0.124053385	0.122931712	0.120435497	0.124790277	0.0014080424	0.00629922865	0	100	0	0	3
133	22	0	2.75003683	0.121837617	0.122879295	0.120435497	0.124790277	0.0014080424	0.00629922865	0	100	0	0	3
134	23	0	2.7707138	0.12090613	0.122851577	0.120435497	0.124790277	0.0014080424	0.00629922865	0	100	0	0	3
135	23	0	2.79139077	0.121887364	0.122741953	0.120435497	0.124790277	0.0014080424	0.00629922865	0	100	0	0	3
136	23	0	2.81206774	0.122990411	0.122729719	0.120435497	0.124790277	0.00139697831	0.00629922865	0	100	0	0	3
137	23	0	2.8327447	0.12265112	0.122698465	0.120435497	0.124790277	0.00139697831	0.00629922865	0	100	0	0	3
138	23	0	2.85342167	0.122423901	0.122716838	0.120435497	0.124790277	0.00139697831	0.00629922865	0	100	0	0	3
139	24	0	2.87409864	0.125972301	0.122890193	0.120435497	0.125972301	0.00135096125	0.00629922865	0	100	0	0	3
140	24	0	2.89477561	0.125596778	0.123064725	0.120435497	0.125972301	0.00141003482	0.00629922865	0	100	0	0	3
141	24	0	2.91545258	0.125534137	0.123209194	0.120435497	0.125972301	0.00146411864	0.00629922865	0	100	0	0	3
142	24	0	2.93612955	0.124652406	0.123293403	0.120435497	0.125972301	0.00136649907	0.00629922865	0	100	0	0	3
143	24	0	2.95680652	0.124263327	0.123297776	0.120435497	0.125972301	0.00118032385	0.00629922865	0	100	0	0	3
144	24	0	2.97748349	0.12375915	0.123268152	0.120435497	0.125972301	0.000980842991	0.00629922865	0	100	0	0	3
145	25	0	2.99816045	0.124292331	0.123248234	0.120435497	0.125972301	0.000940131762	0.00629922865	0	100	0	0	3
146	25	0	3.01883742	0.124546707	0.123273644	0.120435497	0.125972301	0.000940131762	0.00629922865	0	100	0	0	3
147	25	0	3.03951439	0.12470107	0.123379616	0.120435497	0.125972301	0.00102197226	0.00629922865	0	100	0	0	3
148	25	0	3.06019136	0.123199237	0.123408248	0.120435497	0.125972301	0.00105060385	0.00629922865	0	100	0	0	3
149	25	0	3.08086833	0.124843855	0.123498385	0.120435497	0.125972301	0.00114074087	0.00629922865	0	100	0	0	3
150	25	0	3.1015453	0.120885856	0.123516399	0.120885856	0.125972301	0.00112987014	0.00629922865	0	100	0	0	3
151	26	0	3.12222227	0.122395818	0.123547893	0.120885856	0.125972301	0.0011533117	0.00629922865	0	100	0	0	3
152	26	0	3.14289923	0.125030848	0.123639833	0.120885856	0.125972301	0.00119716669	0.00629922865	0	100	0	0	3
153	26	0	3.1635762	0.124514966	0.123714861	0.120885856	0.125972301	0.00117622502	0.00629922865	0	100	0	0	3
154	26	0	3.18425317	0.127175554	0.123819706	0.120885856	0.127175554	0.00116932754	0.00629922865	0	100	0	0	3
155	26	0	3.20493014	0.124715573	0.123899084	0.120885856	0.127175554	0.00120061877	0.00629922865	0	100	0	0	3
156	26	0	3.22560711	0.127516357	0.124013848	0.120885856	0.127516357	0.00131538295	0.00629922865	0	100	0	0	3
157	27	0	3.24628408	0.121890407	0.123927329	0.120885856	0.127516357	0.00131538295	0.00629922865	0	100	0	0	3
158	27	0	3.26696105	0.127235526	0.124143245	0.120885856	0.127516357	0.00144478014	0.00629922865	0	100	0	0	3
159	27	0	3.28763801	0.124052219	0.124269089	0.120885856	0.127516357	0.00157062369	0.00629922865	0	100	0	0	3
160	27	0	3.30831498	0.127169925	0.124480391	0.120885856	0.127516357	0.00178192615	0.00629922865	0	100	0	0	3
161	27	0	3.32899195	0.128262052	0.124691257	0.120885856	0.128262052	0.00199279179	0.00629922865	0	100	0	0	3
162	27	0	3.34966892	0.128693627	0.124932957	0.120885856	0.128693627	0.0022161187	0.00629922865	0	100	0	0	3
163	28	0	3.37034589	0.127948578	0.125153944	0.120885856	0.128693627	0.00226375075	0.00629922865	0	100	0	0	3
164	28	0	3.39102286	0.129614867	0.125299647	0.120885856	0.129614867	0.00223492197	0.00629922865	0	100	0	0	3
165	28	0	3.41169983	0.132525532	0.125576797	0.120885856	0.132525532	0.0023676028	0.00629922865	0	100	0	0	3
166	28	0	3.4323768	0.130692151	0.125783118	0.120885856	0.132525532	0.00253488334	0.00629922865	0	100	0	0	3
167	28	0	3.45305376	0.12952566	0.125978048	0.120885856	0.132525532	0.0027298135	0.00629922865	0	100	0	0	3
168	28	0	3.47373073	0.135548257	0.126429445	0.120885856	0.135548257	0.00318121068	0.00629922865	0	100	0	0	3
169	29	0	3.4944077	0.13034445	0.126692857	0.120885856	0.135548257	0.00344462269	0.00629922865	0	100	0	0	3
170	29	0	3.51508467	0.134154669	0.12708735	0.120885856	0.135548257	0.00381370613	0.00629922865	0	100	0	0	3
171	29	0	3.53576164	0.12865249	0.127251582	0.120885856	0.135548257	0.0038719654	0.00629922865	0	100	0	0	3
172	29	0	3.55643861	0.133565765	0.12760617	0.120885856	0.135548257	0.00419792163	0.00629922865	0	100	0	0	3
173	29	0	3.57711558	0.12896472	0.127836789	0.120885856	0.135548257	0.00433840392	0.00629922865	0	100	0	0	3
174	29	0	3.59779254	0.128158574	0.127969378	0.120885856	0.135548257	0.0044529783	0.00629922865	0	100	0	0	3
175	29	0	3.61846951	0.126958105	0.128212268	0.121890407	0.135548257	0.00466437498	0.00629922865	0	100	0	0	3
176	30	0	3.63914648	0.128927791	0.128473547	0.121890407	0.135548257	0.00483371378	0.00629922865	0	100	0	0	3
177	30	0	3.65982345	0.128090244	0.128595922	0.121890407	0.135548257	0.00488106134	0.00629922865	0	100	0	0	3
178	30	0	3.68050042	0.129965594	0.128813948	0.121890407	0.135548257	0.00499424108	0.00629922865	0	100	0	0	3
179	30	0	3.70117739	0.126760797	0.128797357	0.121890407	0.135548257	0.00491486378	0.00629922865	0	100	0	0	3
180	30	0	3.72185436	0.129592126	0.128992419	0.121890407	0.135548257	0.00506509061	0.00629922865	0	100	0	0	3
181	30	0	3.74253133	0.126471841	0.128950639	0.121890407	0.135548257	0.00506509061	0.00629922865	0	100	0	0	3
182	31	0	3.76320829	0.129042245	0.129236712	0.124052219	0.135548257	0.00509346714	0.00629922865	0	100	0	0	3
183	31	0	3.78388526	0.126115407	0.129191907	0.124052219	0.135548257	0.00496762359	0.00629922865	0	100	0	0	3
184	31	0	3.80456223	0.127371386	0.129324674	0.126115407	0.135548257	0.00484428306	0.00629922865	0	100	0	0	3
185	31	0	3.8252392	0.125890195	0.129273485	0.125890195	0.135548257	0.00463341742	0.00629922865	0	100	0	0	3
186	31	0	3.84591617	0.127363047	0.129237525	0.125890195	0.135548257	0.00439171712	0.00629922865	0	100	0	0	3
187	31	0	3.86659314	0.126115734	0.129134409	0.125890195	0.135548257	0.00417073005	0.00629922865	0	100	0	0	3
188	32	0	3.88727011	0.131501414	0.129276522	0.125890195	0.135548257	0.00402502741	0.00629922865	0	100	0	0	3
189	32	0	3.90794707	0.127825758	0.129204958	0.125890195	0.135548257	0.00374787724	0.00629922865	0	100	0	0	3
190	32	0	3.92862404	0.127076243	0.128986987	0.125890195	0.135548257	0.00354155668	0.00629922865	0	100	0	0	3
191	32	0	3.94930101	0.127542479	0.128861	0.125890195	0.135548257	0.00334662652	0.00629922865	0	100	0	0	3
192	32	0	3.96997798	0.128451584	0.128818037	0.125890195	0.135548257	0.00289522933	0.00629922865	0	100	0	0	3
193	32	0	3.99065495	0.127419723	0.128492895	0.125890195	0.134154669	0.00263181732	0.00629922865	0	100	0	0	3
194	32	0	4.01133192	0.128391396	0.128414773	0.125890195	0.134154669	0.00223732377	0.00629922865	0	100	0	0	3
