Iteration	CPUTime	PhysTime	Travels	Value	AvValue	MinValue	MaxValue	Delta	Criteria	Progress	CriteriaType	CriteriaVarType	CriteriaPercentage
1	1	0	0.0206769686	3423.32704	3423.32704	3423.32704	3423.32704	0	0	0	0	0	0	3
2	1	0	0.0413539373	606.677369	2015.0022	606.677369	3423.32704	1408.32483	0	0	0	0	0	3
3	1	0	0.0620309059	169.026966	1399.67712	169.026966	3423.32704	2023.64991	0	0	0	0	0	3
4	1	0	0.0827078746	60.9899894	1065.00534	60.9899894	3423.32704	2358.3217	0	0	0	0	0	3
5	2	0	0.103384843	97.7707823	871.558429	60.9899894	3423.32704	2551.76861	0	0	0	0	0	3
6	2	0	0.124061812	58.7175323	736.084946	58.7175323	3423.32704	2687.24209	0	0	0	0	0	3
7	2	0	0.144738781	74.5541835	641.580552	58.7175323	3423.32704	2781.74649	0	0	0	0	0	3
8	2	0	0.165415749	54.6589679	568.215354	54.6589679	3423.32704	2855.11169	0	0	0	0	0	3
9	2	0	0.186092718	61.3799893	511.900313	54.6589679	3423.32704	2911.42673	0	0	0	0	0	3
10	2	0	0.206769686	49.5923015	465.669512	49.5923015	3423.32704	2957.65753	0	0	0	0	0	3
11	2	0	0.227446655	50.1545373	427.895423	49.5923015	3423.32704	2995.43162	0	0	0	0	0	3
12	3	0	0.248123624	43.8301377	395.889983	43.8301377	3423.32704	3027.43706	0	0	0	0	0	3
13	3	0	0.268800592	43.9246288	368.815725	43.8301377	3423.32704	3054.51131	0	0	0	0	0	3
14	3	0	0.289477561	39.58666	345.299363	39.58666	3423.32704	3078.02768	0	0	0	0	0	3
15	3	0	0.31015453	39.1238371	324.887661	39.1238371	3423.32704	3098.43938	0	0	0	0	0	3
16	3	0	0.330831498	36.0611434	306.836004	36.0611434	3423.32704	3116.49103	0	0	0	0	0	3
17	3	0	0.351508467	35.3291764	290.865014	35.3291764	3423.32704	3132.46202	0	0	0	0	0	3
18	3	0	0.372185436	33.7947195	276.583331	33.7947195	3423.32704	3146.74371	0	0	0	0	0	3
19	4	0	0.392862404	33.0937199	263.768088	33.0937199	3423.32704	3159.55895	0	0	0	0	0	3
20	4	0	0.413539373	32.8278217	252.221075	32.8278217	3423.32704	3171.10596	0	0	0	0	0	3
21	4	0	0.434216342	31.9252283	241.730797	31.9252283	3423.32704	3181.59624	0	0	0	0	0	3
22	4	0	0.45489331	31.7613868	232.186733	31.7613868	3423.32704	3191.14031	0	0	0	0	0	3
23	4	0	0.475570279	31.4643302	223.459672	31.4643302	3423.32704	3199.86737	0	0	0	0	0	3
24	4	0	0.496247248	31.5367418	215.462883	31.4643302	3423.32704	3207.86416	0	0	0	0	0	3
25	4	0	0.516924216	31.3460883	208.098211	31.3460883	3423.32704	3215.22883	0	0	0	0	0	3
26	5	0	0.537601185	30.039448	72.3667075	30.039448	606.677369	576.637921	0	0	0	0	0	3
27	5	0	0.558278153	29.7480267	49.2895338	29.7480267	169.026966	139.278939	0	0	0	0	0	3
28	5	0	0.578955122	29.5720659	43.7113378	29.5720659	97.7707823	68.1987164	0	0	0	0	0	3
29	5	0	0.599632091	29.7662307	42.4623874	29.5720659	97.7707823	68.1987164	0	0	0	0	0	3
30	5	0	0.620309059	29.740096	39.74116	29.5720659	74.5541835	44.9821177	0	0	0	0	0	3
31	5	0	0.640986028	29.2602045	38.5628668	29.2602045	74.5541835	45.293979	0	0	0	0	0	3
32	6	0	0.661662997	29.0324119	36.741996	29.0324119	61.3799893	32.3475774	0	0	0	0	0	3
33	6	0	0.682339965	29.0682778	35.7183684	29.0324119	61.3799893	32.3475774	0	0	0	0	0	3
34	6	0	0.703016934	28.7985139	34.4151094	28.7985139	50.1545373	21.3560235	0	0	0	0	0	3
35	6	0	0.723693903	28.659543	33.577799	28.659543	50.1545373	21.4949944	0	0	0	0	0	3
36	6	0	0.744370871	28.2003298	32.6996307	28.2003298	43.9246288	15.724299	0	0	0	0	0	3
37	6	0	0.76504784	28.3100392	32.0788268	28.2003298	43.9246288	15.724299	0	0	0	0	0	3
38	7	0	0.785724809	28.3216985	31.4547096	28.2003298	39.58666	11.3863302	0	0	0	0	0	3
39	7	0	0.806401777	28.3302811	31.0044544	28.2003298	39.1238371	10.9235073	0	0	0	0	0	3
40	7	0	0.827078746	28.276714	30.5705695	28.2003298	36.0611434	7.86081358	0	0	0	0	0	3
41	7	0	0.847755715	27.4586938	30.2264715	27.4586938	35.3291764	7.8704826	0	0	0	0	0	3
42	7	0	0.868432683	27.585834	29.9167378	27.4586938	33.7947195	6.33602578	0	0	0	0	0	3
43	7	0	0.889109652	27.5588963	29.6673049	27.4586938	33.0937199	5.6350261	0	0	0	0	0	3
44	8	0	0.90978662	27.6148568	29.4481504	27.4586938	32.8278217	5.36912794	0	0	0	0	0	3
45	8	0	0.930463589	27.5345667	29.2364202	27.4586938	31.9252283	4.46653458	0	0	0	0	0	3
46	8	0	0.951140558	27.2013395	29.0474646	27.2013395	31.7613868	4.5600473	0	0	0	0	0	3
47	8	0	0.971817526	27.2221732	28.8658961	27.2013395	31.5367418	4.33540227	0	0	0	0	0	3
48	8	0	0.992494495	27.2158813	28.6959581	27.2013395	31.5367418	4.33540227	0	0	0	0	0	3
49	8	0	1.01317146	27.3152515	28.5270985	27.2013395	31.3460883	4.14474878	5.71840926	0	100	0	0	3
50	8	0	1.03384843	27.2524096	28.3633513	27.2013395	30.039448	2.83810845	5.71840926	0	100	0	0	3
51	9	0	1.0545254	27.3758289	28.2568066	27.2013395	29.7662307	2.56489119	5.71840926	0	100	0	0	3
52	9	0	1.07520237	27.4141359	28.1634509	27.2013395	29.7662307	2.56489119	5.71840926	0	100	0	0	3
53	9	0	1.09587934	27.4181023	28.0772924	27.2013395	29.7662307	2.56489119	5.71840926	0	100	0	0	3
54	9	0	1.11655631	27.2983367	27.9785766	27.2013395	29.740096	2.53875644	5.71840926	0	100	0	0	3
55	9	0	1.13723328	27.1508717	27.8750077	27.1508717	29.2602045	2.10933284	5.71840926	0	100	0	0	3
56	10	0	1.15791024	27.0072255	27.7848885	27.0072255	29.0682778	2.06105225	5.71840926	0	100	0	0	3
57	10	0	1.17858721	26.9514801	27.7016512	26.9514801	29.0682778	2.11679767	5.71840926	0	100	0	0	3
58	10	0	1.19926418	26.9582279	27.6172492	26.9514801	28.7985139	1.84703375	5.71840926	0	100	0	0	3
59	10	0	1.21994115	27.014816	27.5459013	26.9514801	28.659543	1.70806285	5.71840926	0	100	0	0	3
60	10	0	1.24061812	27.0016997	27.4795876	26.9514801	28.3302811	1.37880095	5.71840926	0	100	0	0	3
61	10	0	1.26129509	27.0617044	27.4340426	26.9514801	28.3302811	1.37880095	5.71840926	0	100	0	0	3
62	11	0	1.28197206	27.0860229	27.3850819	26.9514801	28.3302811	1.37880095	5.71840926	0	100	0	0	3
63	11	0	1.30264902	27.0737411	27.3351636	26.9514801	28.3302811	1.37880095	5.71840926	0	100	0	0	3
64	11	0	1.32332599	27.0529433	27.2840701	26.9514801	28.276714	1.32523385	5.71840926	0	100	0	0	3
65	11	0	1.34400296	27.0856419	27.2364272	26.9514801	27.6148568	0.663376667	5.71840926	0	100	0	0	3
66	11	0	1.36467993	27.0928119	27.221792	26.9514801	27.6148568	0.663376667	5.71840926	0	100	0	0	3
67	12	0	1.3853569	27.1784894	27.2054982	26.9514801	27.6148568	0.663376667	5.71840926	0	100	0	0	3
68	12	0	1.40603387	27.1888638	27.1906969	26.9514801	27.6148568	0.663376667	5.71840926	0	100	0	0	3
69	12	0	1.42671084	27.1859955	27.1735424	26.9514801	27.5345667	0.583086564	5.71840926	0	100	0	0	3
70	12	0	1.44738781	27.1430399	27.1578814	26.9514801	27.4181023	0.466622154	5.71840926	0	100	0	0	3
71	12	0	1.46806477	27.1273922	27.1549235	26.9514801	27.4181023	0.466622154	5.71840926	0	100	0	0	3
72	12	0	1.48874174	27.092945	27.1497543	26.9514801	27.4181023	0.466622154	5.71840926	0	100	0	0	3
73	13	0	1.50941871	27.118724	27.145868	26.9514801	27.4181023	0.466622154	5.71840926	0	100	0	0	3
74	13	0	1.53009568	27.1259878	27.1382975	26.9514801	27.4181023	0.466622154	5.71840926	0	100	0	0	3
75	13	0	1.55077265	27.1462328	27.1340504	26.9514801	27.4181023	0.466622154	5.71840926	0	100	0	0	3
76	13	0	1.57144962	27.0869953	27.1224971	26.9514801	27.4181023	0.466622154	5.71840926	0	100	0	0	3
77	13	0	1.59212659	27.0665644	27.1085942	26.9514801	27.4181023	0.466622154	5.71840926	0	100	0	0	3
78	13	0	1.61280355	26.9599114	27.0902666	26.9514801	27.2983367	0.346856565	5.71840926	0	100	0	0	3
79	14	0	1.63348052	26.9599808	27.0767324	26.9514801	27.1888638	0.23738368	5.71840926	0	100	0	0	3
80	14	0	1.65415749	26.9556146	27.0689221	26.9514801	27.1888638	0.23738368	5.71840926	0	100	0	0	3
81	14	0	1.67483446	26.9307075	27.0658613	26.9307075	27.1888638	0.258156284	5.71840926	0	100	0	0	3
82	14	0	1.69551143	27.0026472	27.067908	26.9307075	27.1888638	0.258156284	5.71840926	0	100	0	0	3
83	14	0	1.7161884	26.9863184	27.0690317	26.9307075	27.1888638	0.258156284	5.71840926	0	100	0	0	3
84	14	0	1.73686537	26.922751	27.0653491	26.922751	27.1888638	0.266112761	5.71840926	0	100	0	0	3
85	14	0	1.75754234	26.8950034	27.0610812	26.8950034	27.1888638	0.293860354	5.71840926	0	100	0	0	3
86	15	0	1.7782193	26.93966	27.0561994	26.8950034	27.1888638	0.293860354	5.71840926	0	100	0	0	3
87	15	0	1.79889627	27.0145813	27.0533418	26.8950034	27.1888638	0.281821875	5.71840926	0	100	0	0	3
88	15	0	1.81957324	27.0753688	27.0534069	26.8950034	27.1888638	0.230728363	5.71840926	0	100	0	0	3
89	15	0	1.84025021	27.0855122	27.0547096	26.8950034	27.1888638	0.18308548	5.71840926	0	100	0	0	3
90	15	0	1.86092718	27.1373459	27.0567778	26.8950034	27.1888638	0.168450203	5.71840926	0	100	0	0	3
91	15	0	1.88160415	27.1716206	27.0599301	26.8950034	27.1888638	0.15215642	5.71840926	0	100	0	0	3
92	16	0	1.90228112	27.1758174	27.0598233	26.8950034	27.1888638	0.137355119	5.71840926	0	100	0	0	3
93	16	0	1.92295808	27.1593766	27.0586438	26.8950034	27.1859955	0.120200668	5.71840926	0	100	0	0	3
94	16	0	1.94363505	27.2243398	27.0601775	26.8950034	27.2243398	0.104539597	5.71840926	0	100	0	0	3
95	16	0	1.96431202	27.2503324	27.0644692	26.8950034	27.2503324	0.101581704	5.71840926	0	100	0	0	3
96	16	0	1.98498899	27.2193634	27.0681481	26.8950034	27.2503324	0.0964125753	5.71840926	0	100	0	0	3
97	16	0	2.00566596	27.2095796	27.0728135	26.8950034	27.2503324	0.0925262848	5.71840926	0	100	0	0	3
98	17	0	2.02634293	27.2609499	27.0785025	26.8950034	27.2609499	0.0849557375	5.71840926	0	100	0	0	3
99	17	0	2.0470199	27.3122942	27.0859548	26.8950034	27.3122942	0.0807086663	5.71840926	0	100	0	0	3
100	17	0	2.06769686	27.3023256	27.0921985	26.8950034	27.3122942	0.0691553218	5.71840926	0	100	0	0	3
101	17	0	2.08837383	27.3249424	27.1017164	26.8950034	27.3249424	0.0552524626	5.71840926	0	100	0	0	3
102	17	0	2.1090508	27.2787266	27.1102028	26.8950034	27.3249424	0.0568610849	5.71840926	0	100	0	0	3
103	18	0	2.12972777	27.19709	27.11969	26.8950034	27.3249424	0.0663482275	5.71840926	0	100	0	0	3
104	18	0	2.15040474	27.0925675	27.1249935	26.8950034	27.3249424	0.071651697	5.71840926	0	100	0	0	3
105	18	0	2.17108171	27.0721727	27.1296558	26.8950034	27.3249424	0.0763140213	5.71840926	0	100	0	0	3
106	18	0	2.19175868	27.0761173	27.1354722	26.8950034	27.3249424	0.0821304114	5.71840926	0	100	0	0	3
107	18	0	2.21243565	27.1077479	27.1396762	26.8950034	27.3249424	0.0863344414	5.71840926	0	100	0	0	3
108	18	0	2.23311261	27.1714747	27.1470825	26.8950034	27.3249424	0.0937406939	5.71840926	0	100	0	0	3
109	18	0	2.25378958	27.1988585	27.1581268	26.8950034	27.3249424	0.104784993	5.71840926	0	100	0	0	3
110	19	0	2.27446655	27.2592285	27.1726958	26.93966	27.3249424	0.119353995	5.71840926	0	100	0	0	3
111	19	0	2.29514352	27.2277749	27.1842203	27.0145813	27.3249424	0.130878592	5.71840926	0	100	0	0	3
112	19	0	2.31582049	27.2076356	27.1919425	27.0721727	27.3249424	0.138535653	5.71840926	0	100	0	0	3
113	19	0	2.33649746	27.2000942	27.1969315	27.0721727	27.3249424	0.142221913	5.71840926	0	100	0	0	3
114	19	0	2.35717443	27.1878823	27.2010263	27.0721727	27.3249424	0.144248556	5.71840926	0	100	0	0	3
115	19	0	2.37785139	27.1577567	27.2018428	27.0721727	27.3249424	0.143199011	5.71840926	0	100	0	0	3
116	20	0	2.39852836	27.1442294	27.2007471	27.0721727	27.3249424	0.143199011	5.71840926	0	100	0	0	3
117	20	0	2.41920533	27.166077	27.2003575	27.0721727	27.3249424	0.143199011	5.71840926	0	100	0	0	3
118	20	0	2.4398823	27.2218206	27.2028553	27.0721727	27.3249424	0.142677736	5.71840926	0	100	0	0	3
119	20	0	2.46055927	27.2712666	27.2047323	27.0721727	27.3249424	0.140263103	5.71840926	0	100	0	0	3
120	20	0	2.48123624	27.2532658	27.2048497	27.0721727	27.3249424	0.136701593	5.71840926	0	100	0	0	3
121	20	0	2.50191321	27.243613	27.2058197	27.0721727	27.3249424	0.133006192	5.71840926	0	100	0	0	3
122	21	0	2.52259018	27.1694998	27.2042165	27.0721727	27.3249424	0.127317157	5.71840926	0	100	0	0	3
123	21	0	2.54326714	27.0991996	27.1977465	27.0721727	27.3249424	0.119864901	5.71840926	0	100	0	0	3
124	21	0	2.56394411	27.0697122	27.1880432	27.0697122	27.3249424	0.113621191	5.71840926	0	100	0	0	3
125	21	0	2.58462108	27.0422662	27.1776408	27.0422662	27.3249424	0.104103308	5.71840926	0	100	0	0	3
126	21	0	2.60529805	27.0951645	27.1684497	27.0422662	27.2787266	0.09561682	5.71840926	0	100	0	0	3
127	21	0	2.62597502	27.1420239	27.1629816	27.0422662	27.2712666	0.0861296774	5.71840926	0	100	0	0	3
128	22	0	2.64665199	27.2214098	27.1639544	27.0422662	27.2712666	0.0808262079	5.71840926	0	100	0	0	3
129	22	0	2.66732896	27.2903871	27.1718672	27.0422662	27.2903871	0.0761638836	5.71840926	0	100	0	0	3
130	22	0	2.68800592	27.344503	27.1827604	27.0422662	27.344503	0.0703474935	5.71840926	0	100	0	0	3
131	22	0	2.70868289	27.3200589	27.192518	27.0422662	27.344503	0.0661434635	5.71840926	0	100	0	0	3
132	22	0	2.72935986	27.3078029	27.2005202	27.0422662	27.344503	0.058737211	5.71840926	0	100	0	0	3
133	22	0	2.75003683	27.2379358	27.2031787	27.0422662	27.344503	0.0476929116	5.71840926	0	100	0	0	3
134	23	0	2.7707138	27.2045988	27.2034083	27.0422662	27.344503	0.0428380834	5.71840926	0	100	0	0	3
135	23	0	2.79139077	27.2300921	27.2022428	27.0422662	27.344503	0.0428380834	5.71840926	0	100	0	0	3
136	23	0	2.81206774	27.221156	27.2019781	27.0422662	27.344503	0.0428380834	5.71840926	0	100	0	0	3
137	23	0	2.8327447	27.2188855	27.2024281	27.0422662	27.344503	0.0428380834	5.71840926	0	100	0	0	3
138	23	0	2.85342167	27.2661998	27.2050723	27.0422662	27.344503	0.0428380834	5.71840926	0	100	0	0	3
139	24	0	2.87409864	27.359649	27.211943	27.0422662	27.359649	0.0489613787	5.71840926	0	100	0	0	3
140	24	0	2.89477561	27.3203036	27.2184448	27.0422662	27.359649	0.0554632524	5.71840926	0	100	0	0	3
141	24	0	2.91545258	27.262136	27.2231611	27.0422662	27.359649	0.0601795134	5.71840926	0	100	0	0	3
142	24	0	2.93612955	27.225836	27.2255515	27.0422662	27.359649	0.0625698729	5.71840926	0	100	0	0	3
143	24	0	2.95680652	27.178325	27.2238116	27.0422662	27.359649	0.0625698729	5.71840926	0	100	0	0	3
144	24	0	2.97748349	27.1015196	27.2170218	27.0422662	27.359649	0.0625698729	5.71840926	0	100	0	0	3
145	25	0	2.99816045	27.1407053	27.2125193	27.0422662	27.359649	0.0625698729	5.71840926	0	100	0	0	3
146	25	0	3.01883742	27.1714758	27.2096338	27.0422662	27.359649	0.0625698729	5.71840926	0	100	0	0	3
147	25	0	3.03951439	27.2004883	27.2108734	27.0422662	27.359649	0.0625698729	5.71840926	0	100	0	0	3
148	25	0	3.06019136	27.2217712	27.2157762	27.0422662	27.359649	0.0625698729	5.71840926	0	100	0	0	3
149	25	0	3.08086833	27.1470779	27.2188709	27.0422662	27.359649	0.0625698729	5.71840926	0	100	0	0	3
150	25	0	3.1015453	27.1506343	27.2232056	27.0951645	27.359649	0.0625698729	5.71840926	0	100	0	0	3
151	26	0	3.12222227	27.1548388	27.2255926	27.1015196	27.359649	0.062610991	5.71840926	0	100	0	0	3
152	26	0	3.14289923	27.220015	27.2287122	27.1015196	27.359649	0.0647578407	5.71840926	0	100	0	0	3
153	26	0	3.1635762	27.3077692	27.2321666	27.1015196	27.359649	0.0602994343	5.71840926	0	100	0	0	3
154	26	0	3.18425317	27.336565	27.2340137	27.1015196	27.359649	0.05125334	5.71840926	0	100	0	0	3
155	26	0	3.20493014	27.3712481	27.2350835	27.1015196	27.3712481	0.0425654803	5.71840926	0	100	0	0	3
156	26	0	3.22560711	27.3628602	27.2367956	27.1015196	27.3712481	0.036275329	5.71840926	0	100	0	0	3
157	27	0	3.24628408	27.3410095	27.2381238	27.1015196	27.3712481	0.0361457498	5.71840926	0	100	0	0	3
158	27	0	3.26696105	27.262098	27.2390903	27.1015196	27.3712481	0.0371122397	5.71840926	0	100	0	0	3
159	27	0	3.28763801	27.2864711	27.2423652	27.1015196	27.3712481	0.0403871308	5.71840926	0	100	0	0	3
160	27	0	3.30831498	27.2163617	27.241816	27.1015196	27.3712481	0.0403871308	5.71840926	0	100	0	0	3
161	27	0	3.32899195	27.2052696	27.2411805	27.1015196	27.3712481	0.0399371358	5.71840926	0	100	0	0	3
162	27	0	3.34966892	27.2131933	27.2409528	27.1015196	27.3712481	0.0372929149	5.71840926	0	100	0	0	3
163	28	0	3.37034589	27.3140186	27.2428656	27.1015196	27.3712481	0.0332317538	5.71840926	0	100	0	0	3
164	28	0	3.39102286	27.2027494	27.2365896	27.1015196	27.3712481	0.0332317538	5.71840926	0	100	0	0	3
165	28	0	3.41169983	27.0876948	27.2272853	27.0876948	27.3712481	0.0332317538	5.71840926	0	100	0	0	3
166	28	0	3.4323768	27.0833026	27.2201319	27.0833026	27.3712481	0.0332317538	5.71840926	0	100	0	0	3
167	28	0	3.45305376	27.1360576	27.2165408	27.0833026	27.3712481	0.0332317538	5.71840926	0	100	0	0	3
168	28	0	3.47373073	27.11215	27.2138938	27.0833026	27.3712481	0.0332317538	5.71840926	0	100	0	0	3
169	29	0	3.4944077	27.1379666	27.2153517	27.0833026	27.3712481	0.0332317538	5.71840926	0	100	0	0	3
170	29	0	3.51508467	27.0863214	27.2131763	27.0833026	27.3712481	0.0332317538	5.71840926	0	100	0	0	3
171	29	0	3.53576164	27.0409943	27.2079571	27.0409943	27.3712481	0.0349085415	5.71840926	0	100	0	0	3
172	29	0	3.55643861	26.9443598	27.1977119	26.9443598	27.3712481	0.0451536809	5.71840926	0	100	0	0	3
173	29	0	3.57711558	26.9489145	27.1867976	26.9443598	27.3712481	0.0560679503	5.71840926	0	100	0	0	3
174	29	0	3.59779254	26.9460856	27.178758	26.9443598	27.3712481	0.0641076426	5.71840926	0	100	0	0	3
175	29	0	3.61846951	26.8924143	27.1684292	26.8924143	27.3712481	0.0744364435	5.71840926	0	100	0	0	3
176	30	0	3.63914648	26.9240289	27.1591968	26.8924143	27.3712481	0.0836688387	5.71840926	0	100	0	0	3
177	30	0	3.65982345	26.9212989	27.1472481	26.8924143	27.3712481	0.0956174803	5.71840926	0	100	0	0	3
178	30	0	3.68050042	26.921807	27.1318096	26.8924143	27.3712481	0.111055969	5.71840926	0	100	0	0	3
179	30	0	3.70117739	26.9902539	27.1179572	26.8924143	27.3712481	0.12490841	5.71840926	0	100	0	0	3
180	30	0	3.72185436	27.0794564	27.1062855	26.8924143	27.3628602	0.136580081	5.71840926	0	100	0	0	3
181	30	0	3.74253133	27.095127	27.0955762	26.8924143	27.3410095	0.147289407	5.71840926	0	100	0	0	3
182	31	0	3.76320829	27.0558714	27.0841707	26.8924143	27.3140186	0.15869493	5.71840926	0	100	0	0	3
183	31	0	3.78388526	27.072627	27.0765918	26.8924143	27.3140186	0.16627377	5.71840926	0	100	0	0	3
184	31	0	3.80456223	27.0488215	27.0670858	26.8924143	27.3140186	0.175779754	5.71840926	0	100	0	0	3
185	31	0	3.8252392	27.1065136	27.0626919	26.8924143	27.3140186	0.180173675	5.71840926	0	100	0	0	3
186	31	0	3.84591617	27.1323853	27.0597766	26.8924143	27.3140186	0.183089044	5.71840926	0	100	0	0	3
187	31	0	3.86659314	27.228031	27.0603701	26.8924143	27.3140186	0.183089044	5.71840926	0	100	0	0	3
188	32	0	3.88727011	27.209719	27.0561981	26.8924143	27.228031	0.180391536	5.71840926	0	100	0	0	3
189	32	0	3.90794707	27.2275293	27.0571893	26.8924143	27.228031	0.171087186	5.71840926	0	100	0	0	3
190	32	0	3.92862404	27.1690043	27.0604417	26.8924143	27.228031	0.163933851	5.71840926	0	100	0	0	3
191	32	0	3.94930101	27.0841169	27.0604742	26.8924143	27.228031	0.160342716	5.71840926	0	100	0	0	3
192	32	0	3.96997798	27.0490221	27.0569928	26.8924143	27.228031	0.159153595	5.71840926	0	100	0	0	3
193	32	0	3.99065495	27.0047969	27.0526987	26.8924143	27.228031	0.162652988	5.71840926	0	100	0	0	3
194	32	0	4.01133192	27.0635416	27.0497217	26.8924143	27.228031	0.163454633	5.71840926	0	100	0	0	3
