Iteration	CPUTime	PhysTime	Travels	Value	AvValue	MinValue	MaxValue	Delta	Criteria	Progress	CriteriaType	CriteriaVarType	CriteriaPercentage
1	1	0	0.0206769686	22.8811235	22.8811235	22.8811235	22.8811235	0	0	0	0	0	0	3
2	1	0	0.0413539373	20.590464	21.7357937	20.590464	22.8811235	1.14532975	0	0	0	0	0	3
3	1	0	0.0620309059	16.5239412	19.9985096	16.5239412	22.8811235	2.88261393	0	0	0	0	0	3
4	1	0	0.0827078746	16.4629045	19.1146083	16.4629045	22.8811235	3.76651519	0	0	0	0	0	3
5	2	0	0.103384843	16.1126141	18.5142095	16.1126141	22.8811235	4.36691402	0	0	0	0	0	3
6	2	0	0.124061812	16.3503749	18.1535704	16.1126141	22.8811235	4.72755312	0	0	0	0	0	3
7	2	0	0.144738781	16.3002956	17.8888168	16.1126141	22.8811235	4.99230666	0	0	0	0	0	3
8	2	0	0.165415749	16.2618865	17.6854505	16.1126141	22.8811235	5.19567295	0	0	0	0	0	3
9	2	0	0.186092718	16.2153746	17.5221088	16.1126141	22.8811235	5.35901472	0	0	0	0	0	3
10	2	0	0.206769686	16.1717833	17.3870762	16.1126141	22.8811235	5.49404727	0	0	0	0	0	3
11	2	0	0.227446655	15.8609065	17.2483335	15.8609065	22.8811235	5.63278998	0	0	0	0	0	3
12	3	0	0.248123624	15.7968222	17.1273742	15.7968222	22.8811235	5.75374925	0	0	0	0	0	3
13	3	0	0.268800592	15.7375021	17.020461	15.7375021	22.8811235	5.8606625	0	0	0	0	0	3
14	3	0	0.289477561	15.6833978	16.9249565	15.6833978	22.8811235	5.95616701	0	0	0	0	0	3
15	3	0	0.31015453	15.6334056	16.8388531	15.6334056	22.8811235	6.0422704	0	0	0	0	0	3
16	3	0	0.330831498	15.2426646	16.7390913	15.2426646	22.8811235	6.14203218	0	0	0	0	0	3
17	3	0	0.351508467	15.1933601	16.6481659	15.1933601	22.8811235	6.23295755	0	0	0	0	0	3
18	3	0	0.372185436	15.1496245	16.5649136	15.1496245	22.8811235	6.31620985	0	0	0	0	0	3
19	4	0	0.392862404	15.1113756	16.4884116	15.1113756	22.8811235	6.39271185	0	0	0	0	0	3
20	4	0	0.413539373	15.0774719	16.4178647	15.0774719	22.8811235	6.46325884	0	0	0	0	0	3
21	4	0	0.434216342	14.7110536	16.3365879	14.7110536	22.8811235	6.54453555	0	0	0	0	0	3
22	4	0	0.45489331	14.6755327	16.2610854	14.6755327	22.8811235	6.62003806	0	0	0	0	0	3
23	4	0	0.475570279	14.6451513	16.1908274	14.6451513	22.8811235	6.69029607	0	0	0	0	0	3
24	4	0	0.496247248	14.6192044	16.1253431	14.6192044	22.8811235	6.75578036	0	0	0	0	0	3
25	4	0	0.516924216	14.5986117	16.0642739	14.5986117	22.8811235	6.81684962	0	0	0	0	0	3
26	5	0	0.537601185	13.7377562	15.6985392	13.7377562	20.590464	6.03725456	0	0	0	0	0	3
27	5	0	0.558278153	13.7196856	15.4237081	13.7196856	16.5239412	2.8042556	0	0	0	0	0	3
28	5	0	0.578955122	13.7054571	15.3109687	13.7054571	16.4629045	2.75744744	0	0	0	0	0	3
29	5	0	0.599632091	13.6943205	15.2002253	13.6943205	16.3503749	2.65605442	0	0	0	0	0	3
30	5	0	0.620309059	13.6850048	15.1031209	13.6850048	16.3503749	2.66537012	0	0	0	0	0	3
31	5	0	0.640986028	12.8598311	14.9634992	12.8598311	16.3002956	2.92531764	0	0	0	0	0	3
32	6	0	0.661662997	12.8546413	14.825673	12.8546413	16.2618865	2.85977752	0	0	0	0	0	3
33	6	0	0.682339965	12.8501777	14.6892047	12.8501777	16.2153746	2.8329041	0	0	0	0	0	3
34	6	0	0.703016934	12.8465222	14.5544506	12.8465222	16.1717833	2.83262564	0	0	0	0	0	3
35	6	0	0.723693903	12.8434362	14.4213167	12.8434362	15.8609065	2.82701682	0	0	0	0	0	3
36	6	0	0.744370871	12.3009054	14.2789167	12.3009054	15.7968222	2.84845759	0	0	0	0	0	3
37	6	0	0.76504784	12.3057634	14.1392743	12.3009054	15.7375021	2.8811867	0	0	0	0	0	3
38	7	0	0.785724809	12.3099679	14.0021729	12.3009054	15.6833978	2.92278355	0	0	0	0	0	3
39	7	0	0.806401777	12.3125801	13.8673402	12.3009054	15.6334056	2.97151286	0	0	0	0	0	3
40	7	0	0.827078746	12.3142531	13.7345741	12.3009054	15.2426646	2.94175926	0	0	0	0	0	3
41	7	0	0.847755715	11.6749604	13.591866	11.6749604	15.1933601	3.05629999	0	0	0	0	0	3
42	7	0	0.868432683	11.6814939	13.4513913	11.6749604	15.1496245	3.11352234	0	0	0	0	0	3
43	7	0	0.889109652	11.6843977	13.3127822	11.6749604	15.1113756	3.17562941	0	0	0	0	0	3
44	8	0	0.90978662	11.6865421	13.1757889	11.6749604	15.0774719	3.24207576	0	0	0	0	0	3
45	8	0	0.930463589	11.6875962	13.0401939	11.6749604	14.7110536	3.03609329	0	0	0	0	0	3
46	8	0	0.951140558	11.468202	12.9104798	11.468202	14.6755327	3.20733069	0	0	0	0	0	3
47	8	0	0.971817526	11.4690215	12.7822194	11.468202	14.6451513	3.17694929	0	0	0	0	0	3
48	8	0	0.992494495	11.4705572	12.6552356	11.468202	14.6192044	3.15100235	0	0	0	0	0	3
49	8	0	1.01317146	11.4700758	12.5292704	11.468202	14.5986117	3.13040965	0.203847403	0	6.5	0	0	3
50	8	0	1.03384843	11.4096377	12.4017115	11.4096377	13.7377562	2.32811849	0.206208716	0	8.8	0	0	3
51	9	0	1.0545254	11.3944724	12.3079801	11.3944724	13.7196856	2.32521324	0.20651445	0	8.8	0	0	3
52	9	0	1.07520237	11.3693008	12.2139647	11.3693008	13.7054571	2.33615628	0.206134334	0	8.8	0	0	3
53	9	0	1.09587934	11.4203099	12.1225589	11.3693008	13.6943205	2.32501965	0.204809977	0	8.8	0	0	3
54	9	0	1.11655631	11.4032927	12.0309177	11.3693008	13.6850048	2.31570395	0.204015363	0	8.8	0	0	3
55	9	0	1.13723328	11.4267534	11.9405877	11.3693008	12.8598311	1.49053027	0.203847403	0	13.6	0	0	3
56	10	0	1.15791024	11.4192974	11.8829663	11.3693008	12.8546413	1.48534053	0.203847403	0	13.7	0	0	3
57	10	0	1.17858721	11.4205109	11.8256011	11.3693008	12.8501777	1.48087687	0.203847403	0	13.7	0	0	3
58	10	0	1.19926418	11.4009586	11.7676324	11.3693008	12.8465222	1.47722143	0.203847403	0	13.7	0	0	3
59	10	0	1.21994115	11.4281046	11.7108957	11.3693008	12.8434362	1.47413543	0.203847403	0	13.8	0	0	3
60	10	0	1.24061812	11.4081412	11.6534839	11.3693008	12.3142531	0.9449523	0.203847403	0	21.5	0	0	3
61	10	0	1.26129509	11.4110073	11.6178879	11.3693008	12.3142531	0.9449523	0.203847403	0	21.5	0	0	3
62	11	0	1.28197206	11.4177314	11.5823667	11.3693008	12.3142531	0.9449523	0.203847403	0	21.5	0	0	3
63	11	0	1.30264902	11.4117012	11.546436	11.3693008	12.3142531	0.9449523	0.203847403	0	21.5	0	0	3
64	11	0	1.32332599	11.4265218	11.5109937	11.3693008	12.3142531	0.9449523	0.203847403	0	21.5	0	0	3
65	11	0	1.34400296	11.414266	11.4749942	11.3693008	11.6875962	0.318295413	0.203847403	0	64	0	0	3
66	11	0	1.36467993	11.4133632	11.4645303	11.3693008	11.6875962	0.318295413	0.203847403	0	64	0	0	3
67	12	0	1.3853569	11.4128222	11.4537834	11.3693008	11.6875962	0.318295413	0.203847403	0	64	0	0	3
68	12	0	1.40603387	11.4125671	11.4429102	11.3693008	11.6875962	0.318295413	0.203847403	0	64	0	0	3
69	12	0	1.42671084	11.4154023	11.4320646	11.3693008	11.6875962	0.318295413	0.203847403	0	64	0	0	3
70	12	0	1.44738781	11.4277474	11.4216706	11.3693008	11.4705572	0.101256374	0.203847403	0	100	0	0	3
71	12	0	1.46806477	11.4211456	11.4197884	11.3693008	11.4705572	0.101256374	0.203847403	0	100	0	0	3
72	12	0	1.48874174	11.4542815	11.4191988	11.3693008	11.4705572	0.101256374	0.203847403	0	100	0	0	3
73	13	0	1.50941871	11.4468506	11.4182505	11.3693008	11.4700758	0.100774982	0.203847403	0	100	0	0	3
74	13	0	1.53009568	11.450642	11.4174732	11.3693008	11.4542815	0.0849806716	0.203847403	0	100	0	0	3
75	13	0	1.55077265	11.4348637	11.4184822	11.3693008	11.4542815	0.0849806716	0.203847403	0	100	0	0	3
76	13	0	1.57144962	11.4514552	11.4207615	11.3693008	11.4542815	0.0849806716	0.203847403	0	100	0	0	3
77	13	0	1.59212659	11.4519626	11.424068	11.4009586	11.4542815	0.0533228495	0.203847403	0	100	0	0	3
78	13	0	1.61280355	11.4544005	11.4254316	11.4009586	11.4544005	0.0534418441	0.203847403	0	100	0	0	3
79	14	0	1.63348052	11.4559659	11.4275385	11.4009586	11.4559659	0.0550072853	0.203847403	0	100	0	0	3
80	14	0	1.65415749	11.4556405	11.428694	11.4009586	11.4559659	0.0550072853	0.203847403	0	100	0	0	3
81	14	0	1.67483446	11.4321377	11.4292076	11.4009586	11.4559659	0.0550072853	0.203847403	0	100	0	0	3
82	14	0	1.69551143	11.429694	11.429575	11.4009586	11.4559659	0.0550072853	0.203847403	0	100	0	0	3
83	14	0	1.7161884	11.394766	11.4293273	11.394766	11.4559659	0.0611999461	0.203847403	0	100	0	0	3
84	14	0	1.73686537	11.3880255	11.4277241	11.3880255	11.4559659	0.0679404481	0.203847403	0	100	0	0	3
85	14	0	1.75754234	11.3924406	11.4270961	11.3880255	11.4559659	0.0679404481	0.203847403	0	100	0	0	3
86	15	0	1.7782193	11.3982661	11.4265864	11.3880255	11.4559659	0.0679404481	0.203847403	0	100	0	0	3
87	15	0	1.79889627	11.4121578	11.4263635	11.3880255	11.4559659	0.0679404481	0.203847403	0	100	0	0	3
88	15	0	1.81957324	11.4071631	11.4261819	11.3880255	11.4559659	0.0679404481	0.203847403	0	100	0	0	3
89	15	0	1.84025021	11.4032265	11.4252501	11.3880255	11.4559659	0.0575210028	0.203847403	0	100	0	0	3
90	15	0	1.86092718	11.4113825	11.4251348	11.3880255	11.4559659	0.0470571165	0.203847403	0	100	0	0	3
91	15	0	1.88160415	11.406976	11.4248793	11.3880255	11.4559659	0.0363102464	0.203847403	0	100	0	0	3
92	16	0	1.90228112	11.4100878	11.4247699	11.3880255	11.4559659	0.0254370213	0.203847403	0	100	0	0	3
93	16	0	1.92295808	11.4022967	11.4243591	11.3880255	11.4559659	0.0145914299	0.203847403	0	100	0	0	3
94	16	0	1.94363505	11.4076825	11.4240503	11.3880255	11.4559659	0.0121017922	0.203847403	0	100	0	0	3
95	16	0	1.96431202	11.3945736	11.4227234	11.3880255	11.4559659	0.0121017922	0.203847403	0	100	0	0	3
96	16	0	1.98498899	11.4095222	11.4222584	11.3880255	11.4559659	0.0121017922	0.203847403	0	100	0	0	3
97	16	0	2.00566596	11.4080163	11.4204078	11.3880255	11.4559659	0.0121017922	0.203847403	0	100	0	0	3
98	17	0	2.02634293	11.4132882	11.4190653	11.3880255	11.4559659	0.0121017922	0.203847403	0	100	0	0	3
99	17	0	2.0470199	11.4150973	11.4176435	11.3880255	11.4559659	0.0119314153	0.203847403	0	100	0	0	3
100	17	0	2.06769686	11.4208758	11.417084	11.3880255	11.4559659	0.0124909296	0.203847403	0	100	0	0	3
101	17	0	2.08837383	11.4140861	11.4155893	11.3880255	11.4559659	0.0139856921	0.203847403	0	100	0	0	3
102	17	0	2.1090508	11.4226971	11.4144186	11.3880255	11.4559659	0.015156312	0.203847403	0	100	0	0	3
103	18	0	2.12972777	11.4211693	11.4130894	11.3880255	11.4559659	0.0164855608	0.203847403	0	100	0	0	3
104	18	0	2.15040474	11.4142483	11.4114207	11.3880255	11.4556405	0.0181542652	0.203847403	0	100	0	0	3
105	18	0	2.17108171	11.4123985	11.409691	11.3880255	11.4321377	0.0198839474	0.203847403	0	100	0	0	3
106	18	0	2.19175868	11.414936	11.4090029	11.3880255	11.429694	0.0205720145	0.203847403	0	100	0	0	3
107	18	0	2.21243565	11.4110895	11.4082588	11.3880255	11.4226971	0.0210684904	0.203847403	0	100	0	0	3
108	18	0	2.23311261	11.4101309	11.4088734	11.3880255	11.4226971	0.0194653249	0.203847403	0	100	0	0	3
109	18	0	2.25378958	11.4100359	11.4097538	11.3924406	11.4226971	0.0188372992	0.203847403	0	100	0	0	3
110	19	0	2.27446655	11.401875	11.4101312	11.3945736	11.4226971	0.0183276521	0.203847403	0	100	0	0	3
111	19	0	2.29514352	11.4136355	11.4107459	11.3945736	11.4226971	0.0181047079	0.203847403	0	100	0	0	3
112	19	0	2.31582049	11.4181563	11.4109859	11.3945736	11.4226971	0.0179231818	0.203847403	0	100	0	0	3
113	19	0	2.33649746	11.4143353	11.4112728	11.3945736	11.4226971	0.0169913715	0.203847403	0	100	0	0	3
114	19	0	2.35717443	11.420264	11.4119543	11.3945736	11.4226971	0.016876032	0.203847403	0	100	0	0	3
115	19	0	2.37785139	11.4120488	11.4119809	11.3945736	11.4226971	0.0166205426	0.203847403	0	100	0	0	3
116	20	0	2.39852836	11.3933428	11.4114356	11.3933428	11.4226971	0.0165111684	0.203847403	0	100	0	0	3
117	20	0	2.41920533	11.3916975	11.4107	11.3916975	11.4226971	0.0161003544	0.203847403	0	100	0	0	3
118	20	0	2.4398823	11.4033618	11.4107426	11.3916975	11.4226971	0.0157915594	0.203847403	0	100	0	0	3
119	20	0	2.46055927	11.404902	11.4106314	11.3916975	11.4226971	0.0144646076	0.203847403	0	100	0	0	3
120	20	0	2.48123624	11.3949883	11.4106479	11.3916975	11.4226971	0.0139996715	0.203847403	0	100	0	0	3
121	20	0	2.50191321	11.4113479	11.410721	11.3916975	11.4226971	0.0121490632	0.203847403	0	100	0	0	3
122	21	0	2.52259018	11.41517	11.4110071	11.3916975	11.4226971	0.0108065674	0.203847403	0	100	0	0	3
123	21	0	2.54326714	11.3959973	11.4103155	11.3916975	11.4226971	0.00938478155	0.203847403	0	100	0	0	3
124	21	0	2.56394411	11.4024949	11.4098114	11.3916975	11.4226971	0.00882526726	0.203847403	0	100	0	0	3
125	21	0	2.58462108	11.3938631	11.4087309	11.3916975	11.4226971	0.00733050476	0.203847403	0	100	0	0	3
126	21	0	2.60529805	11.4050342	11.4083688	11.3916975	11.4226971	0.00615988479	0.203847403	0	100	0	0	3
127	21	0	2.62597502	11.4002048	11.4074691	11.3916975	11.4211693	0.00562028188	0.203847403	0	100	0	0	3
128	22	0	2.64665199	11.3823015	11.4059144	11.3823015	11.420264	0.0060665025	0.203847403	0	100	0	0	3
129	22	0	2.66732896	11.3628662	11.4038591	11.3628662	11.420264	0.00812178605	0.203847403	0	100	0	0	3
130	22	0	2.68800592	11.3950205	11.403164	11.3628662	11.420264	0.00881690327	0.203847403	0	100	0	0	3
131	22	0	2.70868289	11.3905303	11.4021878	11.3628662	11.420264	0.00979313258	0.203847403	0	100	0	0	3
132	22	0	2.72935986	11.4143815	11.4023195	11.3628662	11.420264	0.00979313258	0.203847403	0	100	0	0	3
133	22	0	2.75003683	11.4074341	11.4022116	11.3628662	11.420264	0.00979313258	0.203847403	0	100	0	0	3
134	23	0	2.7707138	11.4132077	11.4023385	11.3628662	11.420264	0.00979313258	0.203847403	0	100	0	0	3
135	23	0	2.79139077	11.4083456	11.4025973	11.3628662	11.420264	0.00979313258	0.203847403	0	100	0	0	3
136	23	0	2.81206774	11.402674	11.4021588	11.3628662	11.420264	0.0098220876	0.203847403	0	100	0	0	3
137	23	0	2.8327447	11.3743915	11.4004082	11.3628662	11.420264	0.0115726814	0.203847403	0	100	0	0	3
138	23	0	2.85342167	11.3767796	11.398906	11.3628662	11.420264	0.0130749082	0.203847403	0	100	0	0	3
139	24	0	2.87409864	11.4088432	11.3984492	11.3628662	11.41517	0.0135317382	0.203847403	0	100	0	0	3
140	24	0	2.89477561	11.4127066	11.3984755	11.3628662	11.41517	0.0129864129	0.203847403	0	100	0	0	3
141	24	0	2.91545258	11.4061813	11.398989	11.3628662	11.41517	0.0125579511	0.203847403	0	100	0	0	3
142	24	0	2.93612955	11.4183924	11.4000568	11.3628662	11.4183924	0.0125579511	0.203847403	0	100	0	0	3
143	24	0	2.95680652	11.4105015	11.4003424	11.3628662	11.4183924	0.0125579511	0.203847403	0	100	0	0	3
144	24	0	2.97748349	11.3674291	11.3988435	11.3628662	11.4183924	0.0125579511	0.203847403	0	100	0	0	3
145	25	0	2.99816045	11.379501	11.398224	11.3628662	11.4183924	0.0127831232	0.203847403	0	100	0	0	3
146	25	0	3.01883742	11.3624397	11.3962677	11.3624397	11.4183924	0.0147394502	0.203847403	0	100	0	0	3
147	25	0	3.03951439	11.357912	11.3939774	11.357912	11.4183924	0.0163381352	0.203847403	0	100	0	0	3
148	25	0	3.06019136	11.3944599	11.3939159	11.357912	11.4183924	0.0158955353	0.203847403	0	100	0	0	3
149	25	0	3.08086833	11.4177086	11.3945244	11.357912	11.4183924	0.0148150265	0.203847403	0	100	0	0	3
150	25	0	3.1015453	11.4465383	11.3966314	11.357912	11.4465383	0.014452951	0.203847403	0	100	0	0	3
151	26	0	3.12222227	11.3996409	11.3964157	11.357912	11.4465383	0.0135532622	0.203847403	0	100	0	0	3
152	26	0	3.14289923	11.4099203	11.3968043	11.357912	11.4465383	0.0119985516	0.203847403	0	100	0	0	3
153	26	0	3.1635762	11.4132563	11.3980425	11.357912	11.4465383	0.00994326801	0.203847403	0	100	0	0	3
154	26	0	3.18425317	11.3801956	11.3987357	11.357912	11.4465383	0.00924815079	0.203847403	0	100	0	0	3
155	26	0	3.20493014	11.4134656	11.3994735	11.357912	11.4465383	0.00868142705	0.203847403	0	100	0	0	3
156	26	0	3.22560711	11.4140639	11.4004148	11.357912	11.4465383	0.00868142705	0.203847403	0	100	0	0	3
157	27	0	3.24628408	11.4188678	11.4005943	11.357912	11.4465383	0.00868142705	0.203847403	0	100	0	0	3
158	27	0	3.26696105	11.4176642	11.4010035	11.357912	11.4465383	0.00868142705	0.203847403	0	100	0	0	3
159	27	0	3.28763801	11.4161141	11.4011197	11.357912	11.4465383	0.00868142705	0.203847403	0	100	0	0	3
160	27	0	3.30831498	11.4113133	11.4012384	11.357912	11.4465383	0.00824296645	0.203847403	0	100	0	0	3
161	27	0	3.32899195	11.4212144	11.40198	11.357912	11.4465383	0.00806418888	0.203847403	0	100	0	0	3
162	27	0	3.34966892	11.4054901	11.403224	11.357912	11.4465383	0.00930813561	0.203847403	0	100	0	0	3
163	28	0	3.37034589	11.421333	11.4050061	11.357912	11.4465383	0.0110902704	0.203847403	0	100	0	0	3
164	28	0	3.39102286	11.437429	11.4061496	11.357912	11.4465383	0.012233703	0.203847403	0	100	0	0	3
165	28	0	3.41169983	11.4366887	11.4071088	11.357912	11.4465383	0.013192987	0.203847403	0	100	0	0	3
166	28	0	3.4323768	11.4199446	11.4076594	11.357912	11.4465383	0.0137435192	0.203847403	0	100	0	0	3
167	28	0	3.45305376	11.4604942	11.4093434	11.357912	11.4604942	0.0154275926	0.203847403	0	100	0	0	3
168	28	0	3.47373073	11.4316248	11.4101884	11.357912	11.4604942	0.0162725259	0.203847403	0	100	0	0	3
169	29	0	3.4944077	11.4547463	11.4136811	11.357912	11.4604942	0.0197652119	0.203847403	0	100	0	0	3
170	29	0	3.51508467	11.4360879	11.4159445	11.357912	11.4604942	0.0220286878	0.203847403	0	100	0	0	3
171	29	0	3.53576164	11.4534775	11.4195861	11.357912	11.4604942	0.025670198	0.203847403	0	100	0	0	3
172	29	0	3.55643861	11.4215294	11.4221308	11.3801956	11.4604942	0.028214896	0.203847403	0	100	0	0	3
173	29	0	3.57711558	11.418479	11.4230915	11.3801956	11.4604942	0.0285671145	0.203847403	0	100	0	0	3
174	29	0	3.59779254	11.4024448	11.422481	11.3801956	11.4604942	0.0266758371	0.203847403	0	100	0	0	3
175	29	0	3.61846951	11.3965438	11.4204812	11.3801956	11.4604942	0.0266758371	0.203847403	0	100	0	0	3
176	30	0	3.63914648	11.400762	11.420526	11.3801956	11.4604942	0.0262872194	0.203847403	0	100	0	0	3
177	30	0	3.65982345	11.399682	11.4201165	11.3801956	11.4604942	0.025049029	0.203847403	0	100	0	0	3
178	30	0	3.68050042	11.4009625	11.4196247	11.3801956	11.4604942	0.0243558548	0.203847403	0	100	0	0	3
179	30	0	3.70117739	11.4356263	11.421842	11.3965438	11.4604942	0.0236180509	0.203847403	0	100	0	0	3
180	30	0	3.72185436	11.4416548	11.4229695	11.3965438	11.4604942	0.0226767056	0.203847403	0	100	0	0	3
181	30	0	3.74253133	11.4544261	11.424584	11.3965438	11.4604942	0.0239897668	0.203847403	0	100	0	0	3
182	31	0	3.76320829	11.457418	11.426126	11.3965438	11.4604942	0.0251225696	0.203847403	0	100	0	0	3
183	31	0	3.78388526	11.4312123	11.426668	11.3965438	11.4604942	0.0255482369	0.203847403	0	100	0	0	3
184	31	0	3.80456223	11.4349448	11.4274212	11.3965438	11.4604942	0.0261827575	0.203847403	0	100	0	0	3
185	31	0	3.8252392	11.423011	11.4278891	11.3965438	11.4604942	0.02590905	0.203847403	0	100	0	0	3
186	31	0	3.84591617	11.4157026	11.4276686	11.3965438	11.4604942	0.0246651032	0.203847403	0	100	0	0	3
187	31	0	3.86659314	11.4295195	11.4286298	11.3965438	11.4604942	0.0236236702	0.203847403	0	100	0	0	3
188	32	0	3.88727011	11.40379	11.4279281	11.3965438	11.4604942	0.0224802376	0.203847403	0	100	0	0	3
189	32	0	3.90794707	11.4241604	11.4273973	11.3965438	11.4604942	0.0215209536	0.203847403	0	100	0	0	3
190	32	0	3.92862404	11.4244507	11.4269078	11.3965438	11.4604942	0.0209704214	0.203847403	0	100	0	0	3
191	32	0	3.94930101	11.4180968	11.4268339	11.3965438	11.4604942	0.0192863479	0.203847403	0	100	0	0	3
192	32	0	3.96997798	11.4270426	11.4254958	11.3965438	11.457418	0.0184414147	0.203847403	0	100	0	0	3
193	32	0	3.99065495	11.4054717	11.4244497	11.3965438	11.457418	0.0149487287	0.203847403	0	100	0	0	3
194	32	0	4.01133192	11.441118	11.4239046	11.3965438	11.457418	0.0126852528	0.203847403	0	100	0	0	3
