Iteration	CPUTime	PhysTime	Travels	Value	AvValue	MinValue	MaxValue	Delta	Criteria	Progress	CriteriaType	CriteriaVarType	CriteriaPercentage
1	1	0	0.0206769686	187.711806	187.711806	187.711806	187.711806	0	0	0	0	0	0	3
2	1	0	0.0413539373	187.708908	187.710357	187.708908	187.711806	0.00144864462	0	0	0	0	0	3
3	1	0	0.0620309059	187.708242	187.709652	187.708242	187.711806	0.00215359977	0	0	0	0	0	3
4	1	0	0.0827078746	187.708398	187.709339	187.708242	187.711806	0.00246715123	0	0	0	0	0	3
5	2	0	0.103384843	187.708167	187.709104	187.708167	187.711806	0.00270145242	0	0	0	0	0	3
6	2	0	0.124061812	187.708283	187.708967	187.708167	187.711806	0.00283837379	0	0	0	0	0	3
7	2	0	0.144738781	187.70824	187.708863	187.708167	187.711806	0.00294231732	0	0	0	0	0	3
8	2	0	0.165415749	187.708202	187.708781	187.708167	187.711806	0.0030249281	0	0	0	0	0	3
9	2	0	0.186092718	187.708226	187.708719	187.708167	187.711806	0.00308654546	0	0	0	0	0	3
10	2	0	0.206769686	187.70815	187.708662	187.70815	187.711806	0.00314344109	0	0	0	0	0	3
11	2	0	0.227446655	187.708196	187.70862	187.70815	187.711806	0.00318580822	0	0	0	0	0	3
12	3	0	0.248123624	187.70811	187.708577	187.70811	187.711806	0.00322828415	0	0	0	0	0	3
13	3	0	0.268800592	187.708153	187.708545	187.70811	187.711806	0.00326096574	0	0	0	0	0	3
14	3	0	0.289477561	187.708063	187.70851	187.708063	187.711806	0.00329540764	0	0	0	0	0	3
15	3	0	0.31015453	187.708073	187.708481	187.708063	187.711806	0.00332456756	0	0	0	0	0	3
16	3	0	0.330831498	187.708004	187.708451	187.708004	187.711806	0.0033543776	0	0	0	0	0	3
17	3	0	0.351508467	187.707977	187.708423	187.707977	187.711806	0.00338226476	0	0	0	0	0	3
18	3	0	0.372185436	187.707924	187.708396	187.707924	187.711806	0.00341001155	0	0	0	0	0	3
19	4	0	0.392862404	187.707892	187.708369	187.707892	187.711806	0.00343652229	0	0	0	0	0	3
20	4	0	0.413539373	187.707855	187.708343	187.707855	187.711806	0.00346224138	0	0	0	0	0	3
21	4	0	0.434216342	187.707795	187.708317	187.707795	187.711806	0.00348836678	0	0	0	0	0	3
22	4	0	0.45489331	187.707738	187.708291	187.707738	187.711806	0.00351470773	0	0	0	0	0	3
23	4	0	0.475570279	187.707677	187.708264	187.707677	187.711806	0.00354139142	0	0	0	0	0	3
24	4	0	0.496247248	187.70763	187.708238	187.70763	187.711806	0.0035678101	0	0	0	0	0	3
25	4	0	0.516924216	187.707589	187.708212	187.707589	187.711806	0.00359375352	0	0	0	0	0	3
26	5	0	0.537601185	187.70753	187.708041	187.70753	187.708908	0.00137868932	0	0	0	0	0	3
27	5	0	0.558278153	187.707482	187.707984	187.707482	187.708398	0.000916292318	0	0	0	0	0	3
28	5	0	0.578955122	187.707438	187.707952	187.707438	187.708398	0.000959608177	0	0	0	0	0	3
29	5	0	0.599632091	187.707415	187.707912	187.707415	187.708283	0.000867242189	0	0	0	0	0	3
30	5	0	0.620309059	187.707391	187.707881	187.707391	187.708283	0.000891342081	0	0	0	0	0	3
31	5	0	0.640986028	187.707371	187.707845	187.707371	187.70824	0.000868461696	0	0	0	0	0	3
32	6	0	0.661662997	187.707353	187.707809	187.707353	187.708226	0.000872790002	0	0	0	0	0	3
33	6	0	0.682339965	187.707346	187.707775	187.707346	187.708226	0.000879782901	0	0	0	0	0	3
34	6	0	0.703016934	187.707334	187.707739	187.707334	187.708196	0.000862118666	0	0	0	0	0	3
35	6	0	0.723693903	187.707334	187.707707	187.707334	187.708196	0.000862118666	0	0	0	0	0	3
36	6	0	0.744370871	187.707337	187.707673	187.707334	187.708153	0.000818453466	0	0	0	0	0	3
37	6	0	0.76504784	187.707342	187.707642	187.707334	187.708153	0.000818453466	0	0	0	0	0	3
38	7	0	0.785724809	187.707344	187.707609	187.707334	187.708073	0.000738791786	0	0	0	0	0	3
39	7	0	0.806401777	187.707349	187.707581	187.707334	187.708073	0.000738791786	0	0	0	0	0	3
40	7	0	0.827078746	187.70735	187.707552	187.707334	187.708004	0.000670070122	0	0	0	0	0	3
41	7	0	0.847755715	187.707358	187.707526	187.707334	187.707977	0.000643138879	0	0	0	0	0	3
42	7	0	0.868432683	187.707368	187.707502	187.707334	187.707924	0.000589891369	0	0	0	0	0	3
43	7	0	0.889109652	187.707375	187.70748	187.707334	187.707892	0.000557882628	0	0	0	0	0	3
44	8	0	0.90978662	187.707387	187.70746	187.707334	187.707855	0.000520694221	0	0	0	0	0	3
45	8	0	0.930463589	187.707389	187.707441	187.707334	187.707795	0.000460723502	0	0	0	0	0	3
46	8	0	0.951140558	187.707393	187.707425	187.707334	187.707738	0.000403730526	0	0	0	0	0	3
47	8	0	0.971817526	187.707396	187.707411	187.707334	187.707677	0.000343165739	0	0	0	0	0	3
48	8	0	0.992494495	187.707399	187.7074	187.707334	187.70763	0.000296158493	0	0	0	0	0	3
49	8	0	1.01317146	187.707404	187.707391	187.707334	187.707589	0.000255202745	1.87703105	0	100	0	0	3
50	8	0	1.03384843	187.707403	187.707384	187.707334	187.70753	0.000195619724	1.87703099	0	100	0	0	3
51	9	0	1.0545254	187.707403	187.707378	187.707334	187.707482	0.000147500329	1.87703108	0	100	0	0	3
52	9	0	1.07520237	187.707401	187.707375	187.707334	187.707438	0.00010418447	1.87703112	0	100	0	0	3
53	9	0	1.09587934	187.707399	187.707374	187.707334	187.707415	8.13754387e-05	1.877031	0	100	0	0	3
54	9	0	1.11655631	187.707399	187.707373	187.707334	187.707404	7.01970375e-05	1.87703099	0	100	0	0	3
55	9	0	1.13723328	187.707399	187.707373	187.707334	187.707404	7.01970375e-05	1.8770309	0	100	0	0	3
56	10	0	1.15791024	187.7074	187.707375	187.707334	187.707404	7.01970375e-05	1.87703094	0	100	0	0	3
57	10	0	1.17858721	187.707399	187.707376	187.707334	187.707404	7.01970375e-05	1.87703091	0	100	0	0	3
58	10	0	1.19926418	187.707404	187.707379	187.707334	187.707404	7.01970375e-05	1.87703107	0	100	0	0	3
59	10	0	1.21994115	187.707402	187.707381	187.707334	187.707404	6.98682347e-05	1.87703098	0	100	0	0	3
60	10	0	1.24061812	187.707406	187.707384	187.707337	187.707406	6.88142958e-05	1.87703106	0	100	0	0	3
61	10	0	1.26129509	187.707404	187.707387	187.707342	187.707406	6.37341655e-05	1.87703099	0	100	0	0	3
62	11	0	1.28197206	187.707407	187.70739	187.707344	187.707407	6.29776094e-05	1.87703107	0	100	0	0	3
63	11	0	1.30264902	187.707403	187.707392	187.707349	187.707407	5.79124593e-05	1.87703094	0	100	0	0	3
64	11	0	1.32332599	187.707402	187.707394	187.70735	187.707407	5.69199594e-05	1.87703092	0	100	0	0	3
65	11	0	1.34400296	187.707402	187.707396	187.707358	187.707407	4.87192739e-05	1.8770309	0	100	0	0	3
66	11	0	1.36467993	187.707403	187.707398	187.707368	187.707407	3.89426745e-05	1.87703094	0	100	0	0	3
67	12	0	1.3853569	187.707403	187.707399	187.707375	187.707407	3.19015884e-05	1.87703095	0	100	0	0	3
68	12	0	1.40603387	187.707402	187.7074	187.707387	187.707407	1.95629207e-05	1.87703093	0	100	0	0	3
69	12	0	1.42671084	187.707402	187.707401	187.707389	187.707407	1.82146261e-05	1.87703092	0	100	0	0	3
70	12	0	1.44738781	187.707402	187.707401	187.707393	187.707407	1.42391674e-05	1.87703089	0	100	0	0	3
71	12	0	1.46806477	187.7074	187.707402	187.707396	187.707407	1.13273736e-05	1.87703084	0	100	0	0	3
72	12	0	1.48874174	187.707402	187.707402	187.707399	187.707407	7.94224829e-06	1.87703084	0	100	0	0	3
73	13	0	1.50941871	187.707403	187.707402	187.707399	187.707407	7.94224829e-06	1.87703087	0	100	0	0	3
74	13	0	1.53009568	187.707403	187.707402	187.707399	187.707407	7.94224829e-06	1.8770309	0	100	0	0	3
75	13	0	1.55077265	187.707404	187.707402	187.707399	187.707407	7.94224829e-06	1.87703092	0	100	0	0	3
76	13	0	1.57144962	187.707403	187.707402	187.707399	187.707407	7.94224829e-06	1.87703087	0	100	0	0	3
77	13	0	1.59212659	187.707402	187.707402	187.707399	187.707407	7.94224829e-06	1.87703083	0	100	0	0	3
78	13	0	1.61280355	187.707402	187.707402	187.707399	187.707407	7.94224829e-06	1.87703079	0	100	0	0	3
79	14	0	1.63348052	187.707404	187.707403	187.707399	187.707407	7.94224829e-06	1.87703084	0	100	0	0	3
80	14	0	1.65415749	187.707402	187.707403	187.707399	187.707407	7.94224829e-06	1.8770308	0	100	0	0	3
81	14	0	1.67483446	187.707404	187.707403	187.707399	187.707407	7.94224829e-06	1.87703087	0	100	0	0	3
82	14	0	1.69551143	187.707407	187.707403	187.7074	187.707407	7.08350311e-06	1.87703091	0	100	0	0	3
83	14	0	1.7161884	187.707406	187.707403	187.7074	187.707407	7.08350311e-06	1.87703087	0	100	0	0	3
84	14	0	1.73686537	187.707405	187.707403	187.7074	187.707407	7.08350311e-06	1.87703085	0	100	0	0	3
85	14	0	1.75754234	187.707404	187.707403	187.7074	187.707407	7.08350311e-06	1.87703083	0	100	0	0	3
86	15	0	1.7782193	187.707404	187.707403	187.7074	187.707407	7.08350311e-06	1.87703087	0	100	0	0	3
87	15	0	1.79889627	187.707401	187.707403	187.7074	187.707407	7.08350311e-06	1.87703084	0	100	0	0	3
88	15	0	1.81957324	187.707404	187.707403	187.7074	187.707407	7.08350311e-06	1.87703087	0	100	0	0	3
89	15	0	1.84025021	187.707402	187.707403	187.7074	187.707407	7.08350311e-06	1.87703084	0	100	0	0	3
90	15	0	1.86092718	187.707399	187.707403	187.707399	187.707407	5.41474824e-06	1.87703081	0	100	0	0	3
91	15	0	1.88160415	187.707397	187.707403	187.707397	187.707407	4.02476618e-06	1.8770308	0	100	0	0	3
92	16	0	1.90228112	187.707396	187.707402	187.707396	187.707407	2.95462996e-06	1.87703074	0	100	0	0	3
93	16	0	1.92295808	187.707396	187.707402	187.707396	187.707407	2.37777556e-06	1.87703072	0	100	0	0	3
94	16	0	1.94363505	187.707396	187.707402	187.707396	187.707407	1.85212491e-06	1.87703073	0	100	0	0	3
95	16	0	1.96431202	187.707398	187.707402	187.707396	187.707407	1.55078891e-06	1.87703076	0	100	0	0	3
96	16	0	1.98498899	187.707398	187.707402	187.707396	187.707407	1.63568475e-06	1.87703074	0	100	0	0	3
97	16	0	2.00566596	187.707396	187.707401	187.707396	187.707407	1.86956166e-06	1.87703071	0	100	0	0	3
98	17	0	2.02634293	187.7074	187.707401	187.707396	187.707407	1.99668241e-06	1.87703078	0	100	0	0	3
99	17	0	2.0470199	187.707397	187.707401	187.707396	187.707407	2.2417359e-06	1.87703074	0	100	0	0	3
100	17	0	2.06769686	187.707397	187.707401	187.707396	187.707407	2.53086074e-06	1.87703071	0	100	0	0	3
101	17	0	2.08837383	187.707398	187.707401	187.707396	187.707407	2.72965991e-06	1.87703069	0	100	0	0	3
102	17	0	2.1090508	187.707399	187.7074	187.707396	187.707407	2.87958991e-06	1.87703067	0	100	0	0	3
103	18	0	2.12972777	187.707397	187.7074	187.707396	187.707407	3.09117871e-06	1.87703062	0	100	0	0	3
104	18	0	2.15040474	187.707397	187.7074	187.707396	187.707407	3.39740356e-06	1.87703063	0	100	0	0	3
105	18	0	2.17108171	187.707396	187.7074	187.707396	187.707407	3.66054098e-06	1.87703066	0	100	0	0	3
106	18	0	2.19175868	187.707398	187.707399	187.707396	187.707407	3.9088535e-06	1.87703071	0	100	0	0	3
107	18	0	2.21243565	187.707399	187.707399	187.707396	187.707406	4.25200591e-06	1.87703073	0	100	0	0	3
108	18	0	2.23311261	187.707398	187.707399	187.707396	187.707405	4.54096011e-06	1.87703075	0	100	0	0	3
109	18	0	2.25378958	187.707399	187.707399	187.707396	187.707404	4.65823086e-06	1.87703076	0	100	0	0	3
110	19	0	2.27446655	187.707398	187.707398	187.707396	187.707404	4.88439676e-06	1.87703075	0	100	0	0	3
111	19	0	2.29514352	187.707399	187.707398	187.707396	187.707404	4.91170277e-06	1.87703072	0	100	0	0	3
112	19	0	2.31582049	187.707397	187.707398	187.707396	187.707404	5.06662514e-06	1.8770307	0	100	0	0	3
113	19	0	2.33649746	187.707398	187.707398	187.707396	187.707402	5.31545078e-06	1.87703068	0	100	0	0	3
114	19	0	2.35717443	187.707398	187.707397	187.707396	187.7074	4.024829e-06	1.87703071	0	100	0	0	3
115	19	0	2.37785139	187.707398	187.707397	187.707396	187.7074	4.024829e-06	1.87703069	0	100	0	0	3
116	20	0	2.39852836	187.707398	187.707397	187.707396	187.7074	4.024829e-06	1.87703071	0	100	0	0	3
117	20	0	2.41920533	187.7074	187.707398	187.707396	187.7074	4.22951757e-06	1.87703077	0	100	0	0	3
118	20	0	2.4398823	187.7074	187.707398	187.707396	187.7074	4.43430281e-06	1.87703081	0	100	0	0	3
119	20	0	2.46055927	187.707402	187.707398	187.707396	187.707402	4.26758209e-06	1.87703082	0	100	0	0	3
120	20	0	2.48123624	187.707397	187.707398	187.707396	187.707402	4.18268624e-06	1.87703077	0	100	0	0	3
121	20	0	2.50191321	187.707397	187.707398	187.707396	187.707402	3.94880934e-06	1.8770307	0	100	0	0	3
122	21	0	2.52259018	187.707394	187.707398	187.707394	187.707402	3.82168858e-06	1.87703065	0	100	0	0	3
123	21	0	2.54326714	187.707395	187.707398	187.707394	187.707402	3.57663509e-06	1.87703067	0	100	0	0	3
124	21	0	2.56394411	187.707398	187.707398	187.707394	187.707402	3.28751025e-06	1.87703074	0	100	0	0	3
125	21	0	2.58462108	187.707399	187.707398	187.707394	187.707402	3.08871108e-06	1.87703078	0	100	0	0	3
126	21	0	2.60529805	187.7074	187.707398	187.707394	187.707402	2.93878108e-06	1.87703085	0	100	0	0	3
127	21	0	2.62597502	187.707399	187.707398	187.707394	187.707402	2.72719228e-06	1.87703083	0	100	0	0	3
128	22	0	2.64665199	187.707399	187.707398	187.707394	187.707402	2.42096743e-06	1.87703085	0	100	0	0	3
129	22	0	2.66732896	187.707399	187.707398	187.707394	187.707402	2.15783001e-06	1.87703083	0	100	0	0	3
130	22	0	2.68800592	187.707398	187.707398	187.707394	187.707402	1.90951749e-06	1.87703076	0	100	0	0	3
131	22	0	2.70868289	187.707397	187.707398	187.707394	187.707402	1.56636509e-06	1.87703071	0	100	0	0	3
132	22	0	2.72935986	187.707394	187.707398	187.707394	187.707402	1.27741089e-06	1.87703065	0	100	0	0	3
133	22	0	2.75003683	187.707396	187.707398	187.707394	187.707402	1.05894449e-06	1.87703063	0	100	0	0	3
134	23	0	2.7707138	187.707396	187.707398	187.707394	187.707402	8.18973803e-07	1.87703067	0	100	0	0	3
135	23	0	2.79139077	187.707399	187.707398	187.707394	187.707402	8.18973803e-07	1.87703073	0	100	0	0	3
136	23	0	2.81206774	187.7074	187.707398	187.707394	187.707402	8.18973803e-07	1.87703078	0	100	0	0	3
137	23	0	2.8327447	187.707401	187.707398	187.707394	187.707402	8.18973803e-07	1.87703079	0	100	0	0	3
138	23	0	2.85342167	187.7074	187.707398	187.707394	187.707402	8.18973803e-07	1.87703082	0	100	0	0	3
139	24	0	2.87409864	187.707399	187.707398	187.707394	187.707402	8.18973803e-07	1.87703078	0	100	0	0	3
140	24	0	2.89477561	187.707395	187.707398	187.707394	187.707402	7.95114829e-07	1.87703068	0	100	0	0	3
141	24	0	2.91545258	187.707394	187.707398	187.707394	187.707402	6.61358825e-07	1.87703064	0	100	0	0	3
142	24	0	2.93612955	187.707396	187.707398	187.707394	187.707402	5.39865226e-07	1.87703069	0	100	0	0	3
143	24	0	2.95680652	187.707398	187.707398	187.707394	187.707402	5.43679477e-07	1.8770307	0	100	0	0	3
144	24	0	2.97748349	187.7074	187.707398	187.707394	187.707401	6.24896558e-07	1.87703078	0	100	0	0	3
145	25	0	2.99816045	187.707404	187.707398	187.707394	187.707404	6.24896558e-07	1.87703087	0	100	0	0	3
146	25	0	3.01883742	187.707402	187.707398	187.707394	187.707404	6.24896558e-07	1.87703089	0	100	0	0	3
147	25	0	3.03951439	187.707401	187.707398	187.707394	187.707404	7.35254872e-07	1.87703086	0	100	0	0	3
148	25	0	3.06019136	187.707399	187.707399	187.707394	187.707404	8.74087931e-07	1.87703081	0	100	0	0	3
149	25	0	3.08086833	187.7074	187.707399	187.707394	187.707404	9.52340116e-07	1.87703075	0	100	0	0	3
150	25	0	3.1015453	187.707396	187.707398	187.707394	187.707404	9.52340116e-07	1.87703069	0	100	0	0	3
151	26	0	3.12222227	187.707398	187.707398	187.707394	187.707404	9.52340116e-07	1.87703075	0	100	0	0	3
152	26	0	3.14289923	187.707402	187.707399	187.707394	187.707404	9.52340116e-07	1.87703084	0	100	0	0	3
153	26	0	3.1635762	187.707404	187.707399	187.707394	187.707404	1.04676636e-06	1.87703089	0	100	0	0	3
154	26	0	3.18425317	187.707402	187.707399	187.707394	187.707404	1.14809413e-06	1.87703086	0	100	0	0	3
155	26	0	3.20493014	187.707396	187.707399	187.707394	187.707404	1.14809413e-06	1.87703073	0	100	0	0	3
156	26	0	3.22560711	187.707396	187.707399	187.707394	187.707404	1.14809413e-06	1.87703073	0	100	0	0	3
157	27	0	3.24628408	187.707394	187.707399	187.707394	187.707404	1.14809413e-06	1.87703065	0	100	0	0	3
158	27	0	3.26696105	187.707396	187.707399	187.707394	187.707404	1.14809413e-06	1.87703064	0	100	0	0	3
159	27	0	3.28763801	187.707398	187.707399	187.707394	187.707404	1.14809413e-06	1.87703072	0	100	0	0	3
160	27	0	3.30831498	187.707396	187.707399	187.707394	187.707404	1.14809413e-06	1.87703069	0	100	0	0	3
161	27	0	3.32899195	187.7074	187.707399	187.707394	187.707404	1.14809413e-06	1.87703072	0	100	0	0	3
162	27	0	3.34966892	187.707401	187.707399	187.707394	187.707404	1.14809413e-06	1.87703082	0	100	0	0	3
163	28	0	3.37034589	187.707402	187.707399	187.707394	187.707404	1.14809413e-06	1.87703085	0	100	0	0	3
164	28	0	3.39102286	187.707401	187.707399	187.707394	187.707404	1.14809413e-06	1.87703076	0	100	0	0	3
165	28	0	3.41169983	187.7074	187.707399	187.707394	187.707404	1.36633378e-06	1.87703077	0	100	0	0	3
166	28	0	3.4323768	187.707401	187.707399	187.707394	187.707404	1.62735739e-06	1.8770308	0	100	0	0	3
167	28	0	3.45305376	187.707402	187.7074	187.707394	187.707404	1.85850678e-06	1.87703079	0	100	0	0	3
168	28	0	3.47373073	187.707406	187.7074	187.707394	187.707406	2.21362171e-06	1.87703089	0	100	0	0	3
169	29	0	3.4944077	187.707406	187.7074	187.707394	187.707406	2.21654304e-06	1.87703094	0	100	0	0	3
170	29	0	3.51508467	187.707405	187.7074	187.707394	187.707406	2.09152134e-06	1.87703094	0	100	0	0	3
171	29	0	3.53576164	187.707404	187.7074	187.707394	187.707406	1.90990602e-06	1.87703087	0	100	0	0	3
172	29	0	3.55643861	187.707405	187.7074	187.707394	187.707406	2.03549047e-06	1.87703091	0	100	0	0	3
173	29	0	3.57711558	187.707406	187.707401	187.707394	187.707406	2.32024701e-06	1.87703096	0	100	0	0	3
174	29	0	3.59779254	187.707405	187.707401	187.707394	187.707406	2.54745751e-06	1.87703096	0	100	0	0	3
175	29	0	3.61846951	187.707404	187.707401	187.707394	187.707406	2.86467613e-06	1.87703091	0	100	0	0	3
176	30	0	3.63914648	187.707405	187.707402	187.707394	187.707406	3.04932666e-06	1.87703098	0	100	0	0	3
177	30	0	3.65982345	187.707407	187.707402	187.707394	187.707407	3.1383143e-06	1.87703102	0	100	0	0	3
178	30	0	3.68050042	187.707407	187.707402	187.707394	187.707407	3.27364924e-06	1.87703105	0	100	0	0	3
179	30	0	3.70117739	187.707405	187.707402	187.707394	187.707407	3.39210263e-06	1.87703101	0	100	0	0	3
180	30	0	3.72185436	187.707405	187.707402	187.707394	187.707407	3.72320756e-06	1.87703104	0	100	0	0	3
181	30	0	3.74253133	187.707404	187.707403	187.707394	187.707407	4.02261097e-06	1.87703097	0	100	0	0	3
182	31	0	3.76320829	187.707402	187.707403	187.707396	187.707407	4.32432893e-06	1.87703093	0	100	0	0	3
183	31	0	3.78388526	187.707402	187.707403	187.707396	187.707407	4.55961765e-06	1.87703093	0	100	0	0	3
184	31	0	3.80456223	187.707402	187.707403	187.707396	187.707407	4.72550954e-06	1.87703092	0	100	0	0	3
185	31	0	3.8252392	187.707402	187.707404	187.7074	187.707407	4.9282653e-06	1.87703091	0	100	0	0	3
186	31	0	3.84591617	187.707401	187.707404	187.7074	187.707407	4.95620725e-06	1.87703091	0	100	0	0	3
187	31	0	3.86659314	187.707402	187.707404	187.7074	187.707407	4.90557704e-06	1.87703093	0	100	0	0	3
188	32	0	3.88727011	187.707404	187.707404	187.7074	187.707407	4.91047675e-06	1.87703096	0	100	0	0	3
189	32	0	3.90794707	187.707403	187.707404	187.7074	187.707407	4.79408843e-06	1.8770309	0	100	0	0	3
190	32	0	3.92862404	187.7074	187.707404	187.7074	187.707407	4.53910818e-06	1.87703083	0	100	0	0	3
191	32	0	3.94930101	187.707402	187.707404	187.7074	187.707407	4.3302237e-06	1.87703078	0	100	0	0	3
192	32	0	3.96997798	187.707401	187.707404	187.7074	187.707407	3.97510877e-06	1.87703077	0	100	0	0	3
193	32	0	3.99065495	187.707404	187.707404	187.7074	187.707407	3.71773265e-06	1.87703082	0	100	0	0	3
194	32	0	4.01133192	187.707405	187.707404	187.7074	187.707407	3.65098612e-06	1.8770309	0	100	0	0	3
