Iteration	CPUTime	PhysTime	Travels	Value	AvValue	MinValue	MaxValue	Delta	Criteria	Progress	CriteriaType	CriteriaVarType	CriteriaPercentage
1	1	0	0.0206769686	-474.09938	-474.09938	-474.09938	-474.09938	0	0	0	0	0	0	3
2	1	0	0.0413539373	-145.350037	-309.724709	-474.09938	-145.350037	164.374671	0	0	0	0	0	3
3	1	0	0.0620309059	7.12142972	-204.109329	-474.09938	7.12142972	269.990051	0	0	0	0	0	3
4	1	0	0.0827078746	-86.9252089	-174.813299	-474.09938	7.12142972	299.286081	0	0	0	0	0	3
5	2	0	0.103384843	0.0710282992	-139.836434	-474.09938	7.12142972	334.262947	0	0	0	0	0	3
6	2	0	0.124061812	-43.4491221	-123.771882	-474.09938	7.12142972	350.327499	0	0	0	0	0	3
7	2	0	0.144738781	-13.8477146	-108.068429	-474.09938	7.12142972	366.030951	0	0	0	0	0	3
8	2	0	0.165415749	-25.4195026	-97.7373135	-474.09938	7.12142972	376.362067	0	0	0	0	0	3
9	2	0	0.186092718	-18.7219055	-88.9578237	-474.09938	7.12142972	385.141557	0	0	0	0	0	3
10	2	0	0.206769686	-18.7936019	-81.9414015	-474.09938	7.12142972	392.157979	0	0	0	0	0	3
11	2	0	0.227446655	-25.9336859	-76.849791	-474.09938	7.12142972	397.249589	0	0	0	0	0	3
12	3	0	0.248123624	-19.6378701	-72.0821309	-474.09938	7.12142972	402.017249	0	0	0	0	0	3
13	3	0	0.268800592	-29.7161604	-68.8232101	-474.09938	7.12142972	405.27617	0	0	0	0	0	3
14	3	0	0.289477561	-21.0936371	-65.4139549	-474.09938	7.12142972	408.685426	0	0	0	0	0	3
15	3	0	0.31015453	-29.2935847	-63.0059302	-474.09938	7.12142972	411.09345	0	0	0	0	0	3
16	3	0	0.330831498	-21.2060279	-60.3934363	-474.09938	7.12142972	413.705944	0	0	0	0	0	3
17	3	0	0.351508467	-25.7684846	-58.3566745	-474.09938	7.12142972	415.742706	0	0	0	0	0	3
18	3	0	0.372185436	-21.6478394	-56.3172947	-474.09938	7.12142972	417.782086	0	0	0	0	0	3
19	4	0	0.392862404	-22.8660891	-54.556705	-474.09938	7.12142972	419.542675	0	0	0	0	0	3
20	4	0	0.413539373	-22.9784526	-52.9777924	-474.09938	7.12142972	421.121588	0	0	0	0	0	3
21	4	0	0.434216342	-23.4232485	-51.5704331	-474.09938	7.12142972	422.528947	0	0	0	0	0	3
22	4	0	0.45489331	-24.2925535	-50.3305295	-474.09938	7.12142972	423.768851	0	0	0	0	0	3
23	4	0	0.475570279	-24.1615126	-49.1927462	-474.09938	7.12142972	424.906634	0	0	0	0	0	3
24	4	0	0.496247248	-25.5455205	-48.2074451	-474.09938	7.12142972	425.891935	0	0	0	0	0	3
25	4	0	0.516924216	-24.9636251	-47.2776923	-474.09938	7.12142972	426.821688	0	0	0	0	0	3
26	5	0	0.537601185	-26.4679659	-29.3724357	-145.350037	7.12142972	152.471467	0	0	0	0	0	3
27	5	0	0.558278153	-26.6757591	-24.6254646	-86.9252089	7.12142972	94.0466386	0	0	0	0	0	3
28	5	0	0.578955122	-25.7334271	-25.9396589	-86.9252089	0.0710282992	86.9962372	0	0	0	0	0	3
29	5	0	0.599632091	-27.6588488	-23.5690045	-43.4491221	0.0710282992	43.5201504	0	0	0	0	0	3
30	5	0	0.620309059	-28.4477957	-24.7097574	-43.4491221	-13.8477146	29.6014075	0	0	0	0	0	3
31	5	0	0.640986028	-28.8061991	-24.1240405	-29.7161604	-13.8477146	15.8684458	0	0	0	0	0	3
32	6	0	0.661662997	-29.3387517	-24.743682	-29.7161604	-18.7219055	10.9942548	0	0	0	0	0	3
33	6	0	0.682339965	-29.0693241	-24.8896748	-29.7161604	-18.7219055	10.9942548	0	0	0	0	0	3
34	6	0	0.703016934	-29.3540263	-25.3149597	-29.7161604	-18.7936019	10.9225585	0	0	0	0	0	3
35	6	0	0.723693903	-29.9077795	-25.7595268	-29.9077795	-19.6378701	10.2699094	0	0	0	0	0	3
36	6	0	0.744370871	-29.7125217	-25.9106802	-29.9077795	-19.6378701	10.2699094	0	0	0	0	0	3
37	6	0	0.76504784	-31.0325745	-26.3664684	-31.0325745	-21.0936371	9.93893734	0	0	0	0	0	3
38	7	0	0.785724809	-30.7001629	-26.4058285	-31.0325745	-21.0936371	9.93893734	0	0	0	0	0	3
39	7	0	0.806401777	-30.6094956	-26.7864628	-31.0325745	-21.2060279	9.82654662	0	0	0	0	0	3
40	7	0	0.827078746	-30.648341	-26.8406531	-31.0325745	-21.2060279	9.82654662	0	0	0	0	0	3
41	7	0	0.847755715	-30.0383478	-27.1939459	-31.0325745	-21.6478394	9.3847351	0	0	0	0	0	3
42	7	0	0.868432683	-30.3044942	-27.3753863	-31.0325745	-21.6478394	9.3847351	0	0	0	0	0	3
43	7	0	0.889109652	-29.6877835	-27.696984	-31.0325745	-22.8660891	8.16648538	0	0	0	0	0	3
44	8	0	0.90978662	-31.2875731	-28.0338434	-31.2875731	-22.9784526	8.3091205	0	0	0	0	0	3
45	8	0	0.930463589	-30.7461831	-28.3445526	-31.2875731	-23.4232485	7.8643246	0	0	0	0	0	3
46	8	0	0.951140558	-30.0904834	-28.611242	-31.2875731	-24.1615126	7.12606046	0	0	0	0	0	3
47	8	0	0.971817526	-30.1355947	-28.8449636	-31.2875731	-24.1615126	7.12606046	0	0	0	0	0	3
48	8	0	0.992494495	-30.243903	-29.0882593	-31.2875731	-24.9636251	6.32394795	0	0	0	0	0	3
49	8	0	1.01317146	-30.9442625	-29.3042089	-31.2875731	-24.9636251	6.32394795	3.79196047	0	59.9	0	0	3
50	8	0	1.03384843	-30.993648	-29.5454099	-31.2875731	-25.7334271	5.55414595	3.79196047	0	68.2	0	0	3
51	9	0	1.0545254	-31.2249224	-29.7356881	-31.2875731	-25.7334271	5.55414595	3.79196047	0	68.2	0	0	3
52	9	0	1.07520237	-31.4313913	-29.9259134	-31.4313913	-25.7334271	5.69796413	3.79196047	0	66.5	0	0	3
53	9	0	1.09587934	-30.5639882	-30.1191358	-31.4313913	-27.6588488	3.77254244	3.79196047	0	100	0	0	3
54	9	0	1.11655631	-30.6003638	-30.2367964	-31.4313913	-28.4477957	2.98359557	3.79196047	0	100	0	0	3
55	9	0	1.13723328	-29.5830119	-30.2822051	-31.4313913	-28.8061991	2.62519212	3.79196047	0	100	0	0	3
56	10	0	1.15791024	-29.7865049	-30.3214173	-31.4313913	-29.0693241	2.36206719	3.79196047	0	100	0	0	3
57	10	0	1.17858721	-28.8493406	-30.3018409	-31.4313913	-28.8493406	2.58205067	3.79196047	0	100	0	0	3
58	10	0	1.19926418	-29.8295747	-30.3322509	-31.4313913	-28.8493406	2.58205067	3.79196047	0	100	0	0	3
59	10	0	1.21994115	-28.2500976	-30.2880938	-31.4313913	-28.2500976	3.18129367	3.79196047	0	100	0	0	3
60	10	0	1.24061812	-29.52173	-30.2726518	-31.4313913	-28.2500976	3.18129367	3.79196047	0	100	0	0	3
61	10	0	1.26129509	-28.3526369	-30.2182564	-31.4313913	-28.2500976	3.18129367	3.79196047	0	100	0	0	3
62	11	0	1.28197206	-29.8363972	-30.1704093	-31.4313913	-28.2500976	3.18129367	3.79196047	0	100	0	0	3
63	11	0	1.30264902	-28.6976731	-30.0903097	-31.4313913	-28.2500976	3.18129367	3.79196047	0	100	0	0	3
64	11	0	1.32332599	-29.2921074	-30.0376142	-31.4313913	-28.2500976	3.18129367	3.79196047	0	100	0	0	3
65	11	0	1.34400296	-28.5439413	-29.9534382	-31.4313913	-28.2500976	3.13830504	3.79196047	0	100	0	0	3
66	11	0	1.36467993	-29.7205765	-29.9407273	-31.4313913	-28.2500976	2.95686465	3.79196047	0	100	0	0	3
67	12	0	1.3853569	-29.9407919	-29.9261792	-31.4313913	-28.2500976	2.63526689	3.79196047	0	100	0	0	3
68	12	0	1.40603387	-30.0576734	-29.9409748	-31.4313913	-28.2500976	2.29840753	3.79196047	0	100	0	0	3
69	12	0	1.42671084	-29.9584455	-29.8878097	-31.4313913	-28.2500976	1.98769831	3.79196047	0	100	0	0	3
70	12	0	1.44738781	-29.6896161	-29.8455471	-31.4313913	-28.2500976	1.72100891	3.79196047	0	100	0	0	3
71	12	0	1.46806477	-28.9512236	-29.7999767	-31.4313913	-28.2500976	1.48728726	3.79196047	0	100	0	0	3
72	12	0	1.48874174	-29.3532329	-29.7686822	-31.4313913	-28.2500976	1.24399165	3.79196047	0	100	0	0	3
73	13	0	1.50941871	-29.0157245	-29.7195551	-31.4313913	-28.2500976	1.02804196	3.79196047	0	100	0	0	3
74	13	0	1.53009568	-29.1556886	-29.6480121	-31.4313913	-28.2500976	0.78684105	3.79196047	0	100	0	0	3
75	13	0	1.55077265	-29.2371883	-29.5777537	-31.4313913	-28.2500976	0.754497199	3.79196047	0	100	0	0	3
76	13	0	1.57144962	-28.9084583	-29.4850951	-31.4313913	-28.2500976	0.847155762	3.79196047	0	100	0	0	3
77	13	0	1.59212659	-29.1505725	-29.3938624	-30.6003638	-28.2500976	0.938388513	3.79196047	0	100	0	0	3
78	13	0	1.61280355	-28.7812122	-29.3225514	-30.6003638	-28.2500976	1.00969955	3.79196047	0	100	0	0	3
79	14	0	1.63348052	-29.0115191	-29.2589976	-30.0576734	-28.2500976	1.07325334	3.79196047	0	100	0	0	3
80	14	0	1.65415749	-28.630891	-29.2209127	-30.0576734	-28.2500976	1.11133818	3.79196047	0	100	0	0	3
81	14	0	1.67483446	-28.8043415	-29.1816262	-30.0576734	-28.2500976	1.15062471	3.79196047	0	100	0	0	3
82	14	0	1.69551143	-29.1301239	-29.1928575	-30.0576734	-28.2500976	1.15062471	3.79196047	0	100	0	0	3
83	14	0	1.7161884	-29.6437422	-29.1854242	-30.0576734	-28.2500976	1.10646756	3.79196047	0	100	0	0	3
84	14	0	1.73686537	-29.7807164	-29.246649	-30.0576734	-28.3526369	1.09102559	3.79196047	0	100	0	0	3
85	14	0	1.75754234	-29.3360375	-29.2392213	-30.0576734	-28.3526369	1.0366302	3.79196047	0	100	0	0	3
86	15	0	1.7782193	-29.3835931	-29.2804595	-30.0576734	-28.5439413	0.988783104	3.79196047	0	100	0	0	3
87	15	0	1.79889627	-29.0022538	-29.2470938	-30.0576734	-28.5439413	0.908683511	3.79196047	0	100	0	0	3
88	15	0	1.81957324	-29.0404625	-29.2608054	-30.0576734	-28.5439413	0.855987984	3.79196047	0	100	0	0	3
89	15	0	1.84025021	-29.4375422	-29.2666228	-30.0576734	-28.5439413	0.771811994	3.79196047	0	100	0	0	3
90	15	0	1.86092718	-29.1522286	-29.2909542	-30.0576734	-28.630891	0.759348644	3.79196047	0	100	0	0	3
91	15	0	1.88160415	-28.8064982	-29.2543911	-30.0576734	-28.630891	0.759348644	3.79196047	0	100	0	0	3
92	16	0	1.90228112	-28.5072608	-29.1970499	-30.0576734	-28.5072608	0.759348644	3.79196047	0	100	0	0	3
93	16	0	1.92295808	-28.6148645	-29.1393375	-29.9584455	-28.5072608	0.748472216	3.79196047	0	100	0	0	3
94	16	0	1.94363505	-28.4842285	-29.0803688	-29.7807164	-28.4842285	0.76517822	3.79196047	0	100	0	0	3
95	16	0	1.96431202	-28.818343	-29.0455179	-29.7807164	-28.4842285	0.754458753	3.79196047	0	100	0	0	3
96	16	0	1.98498899	-28.8302313	-29.0406782	-29.7807164	-28.4842285	0.728003974	3.79196047	0	100	0	0	3
97	16	0	2.00566596	-28.7741417	-29.0175146	-29.7807164	-28.4842285	0.702040481	3.79196047	0	100	0	0	3
98	17	0	2.02634293	-28.8458887	-29.0107211	-29.7807164	-28.4842285	0.637290957	3.79196047	0	100	0	0	3
99	17	0	2.0470199	-28.9388717	-29.0020485	-29.7807164	-28.4842285	0.575705245	3.79196047	0	100	0	0	3
100	17	0	2.06769686	-28.6516597	-28.9786273	-29.7807164	-28.4842285	0.506467825	3.79196047	0	100	0	0	3
101	17	0	2.08837383	-28.3671421	-28.9569747	-29.7807164	-28.3671421	0.436887725	3.79196047	0	100	0	0	3
102	17	0	2.1090508	-28.4016092	-28.9270161	-29.7807164	-28.3671421	0.395535218	3.79196047	0	100	0	0	3
103	18	0	2.12972777	-28.6467744	-28.9216386	-29.7807164	-28.3671421	0.369315627	3.79196047	0	100	0	0	3
104	18	0	2.15040474	-28.4521216	-28.8992627	-29.7807164	-28.3671421	0.391691527	3.79196047	0	100	0	0	3
105	18	0	2.17108171	-28.5465644	-28.8958897	-29.7807164	-28.3671421	0.395064591	3.79196047	0	100	0	0	3
106	18	0	2.19175868	-28.8862513	-28.899166	-29.7807164	-28.3671421	0.395064591	3.79196047	0	100	0	0	3
107	18	0	2.21243565	-29.1149708	-28.8985599	-29.7807164	-28.3671421	0.395064591	3.79196047	0	100	0	0	3
108	18	0	2.23311261	-29.3188163	-28.8855629	-29.7807164	-28.3671421	0.405391358	3.79196047	0	100	0	0	3
109	18	0	2.25378958	-29.0812794	-28.8575854	-29.4375422	-28.3671421	0.433368839	3.79196047	0	100	0	0	3
110	19	0	2.27446655	-29.0992056	-28.8481121	-29.4375422	-28.3671421	0.442842115	3.79196047	0	100	0	0	3
111	19	0	2.29514352	-28.6674489	-28.8194664	-29.4375422	-28.3671421	0.471487885	3.79196047	0	100	0	0	3
112	19	0	2.31582049	-28.4200896	-28.7961798	-29.4375422	-28.3671421	0.494774457	3.79196047	0	100	0	0	3
113	19	0	2.33649746	-28.6069496	-28.7788393	-29.4375422	-28.3671421	0.512114972	3.79196047	0	100	0	0	3
114	19	0	2.35717443	-28.7380446	-28.7508594	-29.3188163	-28.3671421	0.540094875	3.79196047	0	100	0	0	3
115	19	0	2.37785139	-28.7853345	-28.7361836	-29.3188163	-28.3671421	0.518207508	3.79196047	0	100	0	0	3
116	20	0	2.39852836	-28.9190009	-28.7406837	-29.3188163	-28.3671421	0.460866261	3.79196047	0	100	0	0	3
117	20	0	2.41920533	-29.2452974	-28.7702052	-29.3188163	-28.3671421	0.403153908	3.79196047	0	100	0	0	3
118	20	0	2.4398823	-29.2445664	-28.7953933	-29.3188163	-28.3671421	0.344185226	3.79196047	0	100	0	0	3
119	20	0	2.46055927	-29.5170643	-28.8367067	-29.5170643	-28.3671421	0.309334303	3.79196047	0	100	0	0	3
120	20	0	2.48123624	-29.0136781	-28.8445201	-29.5170643	-28.3671421	0.304494609	3.79196047	0	100	0	0	3
121	20	0	2.50191321	-28.9976346	-28.8512162	-29.5170643	-28.3671421	0.281330961	3.79196047	0	100	0	0	3
122	21	0	2.52259018	-28.7608161	-28.8506832	-29.5170643	-28.3671421	0.274537528	3.79196047	0	100	0	0	3
123	21	0	2.54326714	-28.7709824	-28.847687	-29.5170643	-28.3671421	0.265864853	3.79196047	0	100	0	0	3
124	21	0	2.56394411	-29.0272378	-28.8512216	-29.5170643	-28.3671421	0.242443709	3.79196047	0	100	0	0	3
125	21	0	2.58462108	-29.0185754	-28.8658982	-29.5170643	-28.3671421	0.220791059	3.79196047	0	100	0	0	3
126	21	0	2.60529805	-29.1253793	-28.8962277	-29.5170643	-28.4016092	0.190832527	3.79196047	0	100	0	0	3
127	21	0	2.62597502	-29.7675644	-28.9508659	-29.7675644	-28.4200896	0.214682308	3.79196047	0	100	0	0	3
128	22	0	2.64665199	-29.7256861	-28.9940224	-29.7675644	-28.4200896	0.257838777	3.79196047	0	100	0	0	3
129	22	0	2.66732896	-29.903991	-29.0520972	-29.903991	-28.4200896	0.315913557	3.79196047	0	100	0	0	3
130	22	0	2.68800592	-29.3202797	-29.0830458	-29.903991	-28.4200896	0.346862167	3.79196047	0	100	0	0	3
131	22	0	2.70868289	-29.2654075	-29.098212	-29.903991	-28.4200896	0.362028415	3.79196047	0	100	0	0	3
132	22	0	2.72935986	-29.0128228	-29.0941261	-29.903991	-28.4200896	0.362028415	3.79196047	0	100	0	0	3
133	22	0	2.75003683	-28.807008	-29.0736538	-29.903991	-28.4200896	0.362028415	3.79196047	0	100	0	0	3
134	23	0	2.7707138	-28.8361511	-29.0638486	-29.903991	-28.4200896	0.362028415	3.79196047	0	100	0	0	3
135	23	0	2.79139077	-29.1905438	-29.0675022	-29.903991	-28.4200896	0.362028415	3.79196047	0	100	0	0	3
136	23	0	2.81206774	-29.5600093	-29.1032046	-29.903991	-28.4200896	0.367020978	3.79196047	0	100	0	0	3
137	23	0	2.8327447	-29.9754002	-29.165417	-29.9754002	-28.6069496	0.429233403	3.79196047	0	100	0	0	3
138	23	0	2.85342167	-29.7228571	-29.2100533	-29.9754002	-28.7380446	0.473869704	3.79196047	0	100	0	0	3
139	24	0	2.87409864	-29.9325218	-29.2578324	-29.9754002	-28.7608161	0.521648791	3.79196047	0	100	0	0	3
140	24	0	2.89477561	-29.4446111	-29.2842035	-29.9754002	-28.7608161	0.543519745	3.79196047	0	100	0	0	3
141	24	0	2.91545258	-29.5211229	-29.3082883	-29.9754002	-28.7608161	0.538083162	3.79196047	0	100	0	0	3
142	24	0	2.93612955	-29.5915225	-29.3221373	-29.9754002	-28.7608161	0.526744094	3.79196047	0	100	0	0	3
143	24	0	2.95680652	-29.722412	-29.3412512	-29.9754002	-28.7608161	0.504544485	3.79196047	0	100	0	0	3
144	24	0	2.97748349	-29.958902	-29.3589247	-29.9754002	-28.7608161	0.514404593	3.79196047	0	100	0	0	3
145	25	0	2.99816045	-30.4164005	-29.4150336	-30.4164005	-28.7608161	0.567346632	3.79196047	0	100	0	0	3
146	25	0	3.01883742	-30.1966523	-29.4629943	-30.4164005	-28.7608161	0.61530734	3.79196047	0	100	0	0	3
147	25	0	3.03951439	-30.1668563	-29.5192359	-30.4164005	-28.7709824	0.671548947	3.79196047	0	100	0	0	3
148	25	0	3.06019136	-29.5292271	-29.5495657	-30.4164005	-28.807008	0.698344093	3.79196047	0	100	0	0	3
149	25	0	3.08086833	-29.5896175	-29.5720609	-30.4164005	-28.807008	0.706162651	3.79196047	0	100	0	0	3
150	25	0	3.1015453	-28.9651463	-29.5699237	-30.4164005	-28.807008	0.675833165	3.79196047	0	100	0	0	3
151	26	0	3.12222227	-29.4681437	-29.5836343	-30.4164005	-28.807008	0.632768371	3.79196047	0	100	0	0	3
152	26	0	3.14289923	-30.279168	-29.6040984	-30.4164005	-28.807008	0.610076044	3.79196047	0	100	0	0	3
153	26	0	3.1635762	-30.9323248	-29.652364	-30.9323248	-28.807008	0.600266812	3.79196047	0	100	0	0	3
154	26	0	3.18425317	-31.1299312	-29.7014016	-31.1299312	-28.807008	0.637552945	3.79196047	0	100	0	0	3
155	26	0	3.20493014	-30.8703494	-29.7634044	-31.1299312	-28.807008	0.699555734	3.79196047	0	100	0	0	3
156	26	0	3.22560711	-30.6526937	-29.8188958	-31.1299312	-28.807008	0.755047184	3.79196047	0	100	0	0	3
157	27	0	3.24628408	-29.995671	-29.8582097	-31.1299312	-28.807008	0.794361112	3.79196047	0	100	0	0	3
158	27	0	3.26696105	-29.953867	-29.9040841	-31.1299312	-28.8361511	0.840235474	3.79196047	0	100	0	0	3
159	27	0	3.28763801	-30.4469592	-29.9685164	-31.1299312	-28.9651463	0.901014269	3.79196047	0	100	0	0	3
160	27	0	3.30831498	-29.982146	-30.0001805	-31.1299312	-28.9651463	0.896975939	3.79196047	0	100	0	0	3
161	27	0	3.32899195	-30.7581824	-30.0481074	-31.1299312	-28.9651463	0.882690435	3.79196047	0	100	0	0	3
162	27	0	3.34966892	-30.4602713	-30.0675023	-31.1299312	-28.9651463	0.857448977	3.79196047	0	100	0	0	3
163	28	0	3.37034589	-30.6738987	-30.105544	-31.1299312	-28.9651463	0.847711554	3.79196047	0	100	0	0	3
164	28	0	3.39102286	-30.2766908	-30.1193107	-31.1299312	-28.9651463	0.835107255	3.79196047	0	100	0	0	3
165	28	0	3.41169983	-30.7309708	-30.1707651	-31.1299312	-28.9651463	0.862476763	3.79196047	0	100	0	0	3
166	28	0	3.4323768	-30.0260059	-30.1909604	-31.1299312	-28.9651463	0.868823074	3.79196047	0	100	0	0	3
167	28	0	3.45305376	-30.3112852	-30.2197509	-31.1299312	-28.9651463	0.878499753	3.79196047	0	100	0	0	3
168	28	0	3.47373073	-31.412093	-30.2873382	-31.412093	-28.9651463	0.928413483	3.79196047	0	100	0	0	3
169	29	0	3.4944077	-31.1186366	-30.3337276	-31.412093	-28.9651463	0.918693968	3.79196047	0	100	0	0	3
170	29	0	3.51508467	-31.3344666	-30.3704502	-31.412093	-28.9651463	0.907455902	3.79196047	0	100	0	0	3
171	29	0	3.53576164	-30.6192683	-30.3873548	-31.412093	-28.9651463	0.868118935	3.79196047	0	100	0	0	3
172	29	0	3.55643861	-31.0721808	-30.4235678	-31.412093	-28.9651463	0.874002123	3.79196047	0	100	0	0	3
173	29	0	3.57711558	-30.6908856	-30.4700341	-31.412093	-28.9651463	0.900110439	3.79196047	0	100	0	0	3
174	29	0	3.59779254	-30.4126227	-30.5029544	-31.412093	-28.9651463	0.933030648	3.79196047	0	100	0	0	3
175	29	0	3.61846951	-30.1127411	-30.5488582	-31.412093	-29.4681437	0.965223863	3.79196047	0	100	0	0	3
176	30	0	3.63914648	-30.5667373	-30.5928019	-31.412093	-29.953867	0.988703463	3.79196047	0	100	0	0	3
177	30	0	3.65982345	-30.8906567	-30.6172614	-31.412093	-29.953867	0.964897462	3.79196047	0	100	0	0	3
178	30	0	3.68050042	-31.0848858	-30.6233639	-31.412093	-29.953867	0.921962298	3.79196047	0	100	0	0	3
179	30	0	3.70117739	-30.8603641	-30.6125812	-31.412093	-29.953867	0.859959509	3.79196047	0	100	0	0	3
180	30	0	3.72185436	-30.7893974	-30.6093431	-31.412093	-29.953867	0.804468059	3.79196047	0	100	0	0	3
181	30	0	3.74253133	-30.1854415	-30.590653	-31.412093	-29.953867	0.765154131	3.79196047	0	100	0	0	3
182	31	0	3.76320829	-30.0997157	-30.5948148	-31.412093	-29.953867	0.719279769	3.79196047	0	100	0	0	3
183	31	0	3.78388526	-30.0409512	-30.5982982	-31.412093	-29.982146	0.654847444	3.79196047	0	100	0	0	3
184	31	0	3.80456223	-30.2177849	-30.5891312	-31.412093	-29.982146	0.623183355	3.79196047	0	100	0	0	3
185	31	0	3.8252392	-29.9658594	-30.5884797	-31.412093	-29.9658594	0.575256434	3.79196047	0	100	0	0	3
186	31	0	3.84591617	-30.3140034	-30.5707126	-31.412093	-29.9658594	0.55586159	3.79196047	0	100	0	0	3
187	31	0	3.86659314	-30.307475	-30.5646007	-31.412093	-29.9658594	0.517819927	3.79196047	0	100	0	0	3
188	32	0	3.88727011	-30.9571165	-30.5759294	-31.412093	-29.9658594	0.504053164	3.79196047	0	100	0	0	3
189	32	0	3.90794707	-30.4197296	-30.581651	-31.412093	-29.9658594	0.452598774	3.79196047	0	100	0	0	3
190	32	0	3.92862404	-29.5610198	-30.534853	-31.412093	-29.5610198	0.432403457	3.79196047	0	100	0	0	3
191	32	0	3.94930101	-29.8256149	-30.5268373	-31.412093	-29.5610198	0.403612953	3.79196047	0	100	0	0	3
192	32	0	3.96997798	-30.035322	-30.5157988	-31.412093	-29.5610198	0.336025713	3.79196047	0	100	0	0	3
193	32	0	3.99065495	-30.7386879	-30.4888626	-31.3344666	-29.5610198	0.289636331	3.79196047	0	100	0	0	3
194	32	0	4.01133192	-30.9675249	-30.4828181	-31.3344666	-29.5610198	0.252913689	3.79196047	0	100	0	0	3
