Iteration	CPUTime	PhysTime	Travels	Value	AvValue	MinValue	MaxValue	Delta	Criteria	Progress	CriteriaType	CriteriaVarType	CriteriaPercentage
1	1	0	0.0206769686	3433.41216	3433.41216	3433.41216	3433.41216	0	0	0	0	0	0	3
2	1	0	0.0413539373	604.199895	2018.80603	604.199895	3433.41216	1414.60613	0	0	0	0	0	3
3	1	0	0.0620309059	152.977589	1396.86322	152.977589	3433.41216	2036.54895	0	0	0	0	0	3
4	1	0	0.0827078746	97.8396034	1072.10731	97.8396034	3433.41216	2361.30485	0	0	0	0	0	3
5	2	0	0.103384843	82.7375537	874.233361	82.7375537	3433.41216	2559.1788	0	0	0	0	0	3
6	2	0	0.124061812	60.7778951	738.65745	60.7778951	3433.41216	2694.75471	0	0	0	0	0	3
7	2	0	0.144738781	60.0248911	641.709942	60.0248911	3433.41216	2791.70222	0	0	0	0	0	3
8	2	0	0.165415749	46.0499729	567.252446	46.0499729	3433.41216	2866.15972	0	0	0	0	0	3
9	2	0	0.186092718	48.9621931	509.66464	46.0499729	3433.41216	2923.74752	0	0	0	0	0	3
10	2	0	0.206769686	38.4712389	462.5453	38.4712389	3433.41216	2970.86686	0	0	0	0	0	3
11	2	0	0.227446655	43.0219647	424.406815	38.4712389	3433.41216	3009.00535	0	0	0	0	0	3
12	3	0	0.248123624	34.32344	391.899867	34.32344	3433.41216	3041.5123	0	0	0	0	0	3
13	3	0	0.268800592	40.9598503	364.904481	34.32344	3433.41216	3068.50768	0	0	0	0	0	3
14	3	0	0.289477561	31.9721476	341.1236	31.9721476	3433.41216	3092.28856	0	0	0	0	0	3
15	3	0	0.31015453	37.5630551	320.88623	31.9721476	3433.41216	3112.52593	0	0	0	0	0	3
16	3	0	0.330831498	29.841455	302.695932	29.841455	3433.41216	3130.71623	0	0	0	0	0	3
17	3	0	0.351508467	32.7413942	286.816253	29.841455	3433.41216	3146.59591	0	0	0	0	0	3
18	3	0	0.372185436	28.7063608	272.476815	28.7063608	3433.41216	3160.93535	0	0	0	0	0	3
19	4	0	0.392862404	29.1561254	259.670463	28.7063608	3433.41216	3173.7417	0	0	0	0	0	3
20	4	0	0.413539373	29.1571425	248.144797	28.7063608	3433.41216	3185.26737	0	0	0	0	0	3
21	4	0	0.434216342	29.1088137	237.714512	28.7063608	3433.41216	3195.69765	0	0	0	0	0	3
22	4	0	0.45489331	29.7799838	228.262942	28.7063608	3433.41216	3205.14922	0	0	0	0	0	3
23	4	0	0.475570279	29.460763	219.619369	28.7063608	3433.41216	3213.79279	0	0	0	0	0	3
24	4	0	0.496247248	30.695474	211.74754	28.7063608	3433.41216	3221.66462	0	0	0	0	0	3
25	4	0	0.516924216	30.0652405	204.480248	28.7063608	3433.41216	3228.93192	0	0	0	0	0	3
26	5	0	0.537601185	31.1068411	68.3880354	28.7063608	604.199895	575.493534	0	0	0	0	0	3
27	5	0	0.558278153	31.1231856	45.464967	28.7063608	152.977589	124.271229	0	0	0	0	0	3
28	5	0	0.578955122	30.2414945	40.5555232	28.7063608	97.8396034	69.1332426	0	0	0	0	0	3
29	5	0	0.599632091	31.9911798	37.9215863	28.7063608	82.7375537	54.031193	0	0	0	0	0	3
30	5	0	0.620309059	32.6704802	35.9189033	28.7063608	60.7778951	32.0715343	0	0	0	0	0	3
31	5	0	0.640986028	33.1502984	34.8137995	28.7063608	60.0248911	31.3185303	0	0	0	0	0	3
32	6	0	0.661662997	33.5042826	33.7529751	28.7063608	48.9621931	20.2558324	0	0	0	0	0	3
33	6	0	0.682339965	33.288423	33.2425131	28.7063608	48.9621931	20.2558324	0	0	0	0	0	3
34	6	0	0.703016934	33.4093507	32.6203994	28.7063608	43.0219647	14.315604	0	0	0	0	0	3
35	6	0	0.723693903	33.8346546	32.434936	28.7063608	43.0219647	14.315604	0	0	0	0	0	3
36	6	0	0.744370871	33.7004985	32.0620774	28.7063608	40.9598503	12.2534895	0	0	0	0	0	3
37	6	0	0.76504784	34.9177911	32.0858514	28.7063608	40.9598503	12.2534895	0	0	0	0	0	3
38	7	0	0.785724809	34.6269613	31.8325359	28.7063608	37.5630551	8.85669434	0	0	0	0	0	3
39	7	0	0.806401777	34.5484309	31.9355872	28.7063608	37.5630551	8.85669434	0	0	0	0	0	3
40	7	0	0.827078746	34.5567375	31.8153345	28.7063608	34.9177911	6.21143035	0	0	0	0	0	3
41	7	0	0.847755715	33.9329974	31.9789962	28.7063608	34.9177911	6.21143035	0	0	0	0	0	3
42	7	0	0.868432683	34.2252877	32.0383519	28.7063608	34.9177911	6.21143035	0	0	0	0	0	3
43	7	0	0.889109652	33.6662857	32.2367489	29.1088137	34.9177911	5.80897743	0	0	0	0	0	3
44	8	0	0.90978662	35.1128306	32.4750172	29.1088137	35.1128306	6.00401696	0	0	0	0	0	3
45	8	0	0.930463589	34.5915448	32.6923932	29.1088137	35.1128306	6.00401696	0	0	0	0	0	3
46	8	0	0.951140558	33.9572418	32.8863304	29.460763	35.1128306	5.65206765	0	0	0	0	0	3
47	8	0	0.971817526	34.0064272	33.0553881	29.460763	35.1128306	5.65206765	0	0	0	0	0	3
48	8	0	0.992494495	34.1001881	33.2409651	30.0652405	35.1128306	5.0475901	0	0	0	0	0	3
49	8	0	1.01317146	34.7701801	33.4039533	30.0652405	35.1128306	5.0475901	5.01061594	0	99.2	0	0	3
50	8	0	1.03384843	34.8088603	33.5936981	30.2414945	35.1128306	4.87133616	5.01061594	0	100	0	0	3
51	9	0	1.0545254	35.0810036	33.7526646	30.2414945	35.1128306	4.87133616	5.01061594	0	100	0	0	3
52	9	0	1.07520237	35.2932118	33.9194657	30.2414945	35.2932118	5.05171732	5.01061594	0	99.1	0	0	3
53	9	0	1.09587934	34.5033222	34.0899388	31.9911798	35.2932118	3.30203202	5.01061594	0	100	0	0	3
54	9	0	1.11655631	34.4898104	34.189884	32.6704802	35.2932118	2.62273157	5.01061594	0	100	0	0	3
55	9	0	1.13723328	33.502654	34.223171	33.1502984	35.2932118	2.14291337	5.01061594	0	100	0	0	3
56	10	0	1.15791024	33.6198562	34.2419533	33.288423	35.2932118	2.00478884	5.01061594	0	100	0	0	3
57	10	0	1.17858721	32.7659955	34.2124218	32.7659955	35.2932118	2.42661877	5.01061594	0	100	0	0	3
58	10	0	1.19926418	33.6448887	34.2266804	32.7659955	35.2932118	2.42661877	5.01061594	0	100	0	0	3
59	10	0	1.21994115	32.2650605	34.1809088	32.2650605	35.2932118	2.42661877	5.01061594	0	100	0	0	3
60	10	0	1.24061812	33.3873654	34.1630173	32.2650605	35.2932118	2.42661877	5.01061594	0	100	0	0	3
61	10	0	1.26129509	32.3876025	34.1105014	32.2650605	35.2932118	2.42661877	5.01061594	0	100	0	0	3
62	11	0	1.28197206	33.7015964	34.0618536	32.2650605	35.2932118	2.42661877	5.01061594	0	100	0	0	3
63	11	0	1.30264902	32.696431	33.9846324	32.2650605	35.2932118	2.42661877	5.01061594	0	100	0	0	3
64	11	0	1.32332599	33.2013623	33.9307497	32.2650605	35.2932118	2.42661877	5.01061594	0	100	0	0	3
65	11	0	1.34400296	32.5673413	33.8511738	32.2650605	35.2932118	2.26295708	5.01061594	0	100	0	0	3
66	11	0	1.36467993	33.6069009	33.83813	32.2650605	35.2932118	2.20360134	5.01061594	0	100	0	0	3
67	12	0	1.3853569	33.842322	33.8228113	32.2650605	35.2932118	2.00520434	5.01061594	0	100	0	0	3
68	12	0	1.40603387	33.9489648	33.8341185	32.2650605	35.2932118	1.76693613	5.01061594	0	100	0	0	3
69	12	0	1.42671084	33.8580356	33.7839267	32.2650605	35.2932118	1.54956004	5.01061594	0	100	0	0	3
70	12	0	1.44738781	33.5934628	33.7440034	32.2650605	35.2932118	1.35562292	5.01061594	0	100	0	0	3
71	12	0	1.46806477	32.9376284	33.7032189	32.2650605	35.2932118	1.18656518	5.01061594	0	100	0	0	3
72	12	0	1.48874174	33.2596738	33.6733487	32.2650605	35.2932118	1.00098818	5.01061594	0	100	0	0	3
73	13	0	1.50941871	32.9778767	33.6284563	32.2650605	35.2932118	0.837999936	5.01061594	0	100	0	0	3
74	13	0	1.53009568	33.1027515	33.5617591	32.2650605	35.2932118	0.680194141	5.01061594	0	100	0	0	3
75	13	0	1.55077265	33.1915952	33.4970685	32.2650605	35.2932118	0.744884746	5.01061594	0	100	0	0	3
76	13	0	1.57144962	32.8663687	33.4084831	32.2650605	35.2932118	0.833470142	5.01061594	0	100	0	0	3
77	13	0	1.59212659	33.0695656	33.3195373	32.2650605	34.5033222	0.922415989	5.01061594	0	100	0	0	3
78	13	0	1.61280355	32.6928889	33.24712	32.2650605	34.4898104	0.994833321	5.01061594	0	100	0	0	3
79	14	0	1.63348052	32.8967016	33.1833956	32.2650605	33.9489648	1.05855767	5.01061594	0	100	0	0	3
80	14	0	1.65415749	32.5604853	33.1457089	32.2650605	33.9489648	1.09624442	5.01061594	0	100	0	0	3
81	14	0	1.67483446	32.7147466	33.1095045	32.2650605	33.9489648	1.11717595	5.01061594	0	100	0	0	3
82	14	0	1.69551143	33.0340768	33.1202277	32.2650605	33.9489648	1.11717595	5.01061594	0	100	0	0	3
83	14	0	1.7161884	33.4959509	33.1142702	32.2650605	33.9489648	1.07140434	5.01061594	0	100	0	0	3
84	14	0	1.73686537	33.5921574	33.1673541	32.3876025	33.9489648	1.05351277	5.01061594	0	100	0	0	3
85	14	0	1.75754234	33.1832283	33.1591886	32.3876025	33.9489648	1.00099693	5.01061594	0	100	0	0	3
86	15	0	1.7782193	33.2416379	33.19335	32.5604853	33.9489648	0.952349141	5.01061594	0	100	0	0	3
87	15	0	1.79889627	32.9339665	33.1626448	32.5604853	33.9489648	0.875127929	5.01061594	0	100	0	0	3
88	15	0	1.81957324	32.9985669	33.1747303	32.5604853	33.9489648	0.821245185	5.01061594	0	100	0	0	3
89	15	0	1.84025021	33.3555239	33.1808967	32.5604853	33.9489648	0.741669337	5.01061594	0	100	0	0	3
90	15	0	1.86092718	33.1239431	33.2031608	32.5604853	33.9489648	0.728625479	5.01061594	0	100	0	0	3
91	15	0	1.88160415	32.8396064	33.172469	32.5604853	33.9489648	0.724614013	5.01061594	0	100	0	0	3
92	16	0	1.90228112	32.5775017	33.1218762	32.5604853	33.9489648	0.724614013	5.01061594	0	100	0	0	3
93	16	0	1.92295808	32.6696393	33.0707032	32.5604853	33.8580356	0.7132235	5.01061594	0	100	0	0	3
94	16	0	1.94363505	32.5831417	33.0197074	32.5604853	33.5934628	0.724295979	5.01061594	0	100	0	0	3
95	16	0	1.96431202	32.8947296	32.9917581	32.5604853	33.5921574	0.711460775	5.01061594	0	100	0	0	3
96	16	0	1.98498899	32.8817397	32.9895226	32.5604853	33.5921574	0.683826185	5.01061594	0	100	0	0	3
97	16	0	2.00566596	32.8291464	32.9723015	32.5604853	33.5921574	0.656154826	5.01061594	0	100	0	0	3
98	17	0	2.02634293	32.9130342	32.9697078	32.5604853	33.5921574	0.592051384	5.01061594	0	100	0	0	3
99	17	0	2.0470199	33.0182309	32.9663269	32.5604853	33.5921574	0.530741603	5.01061594	0	100	0	0	3
100	17	0	2.06769686	32.7592964	32.949035	32.5604853	33.5921574	0.45944816	5.01061594	0	100	0	0	3
101	17	0	2.08837383	32.5250564	32.9353825	32.5250564	33.5921574	0.384154806	5.01061594	0	100	0	0	3
102	17	0	2.1090508	32.528379	32.913735	32.5250564	33.5921574	0.33338494	5.01061594	0	100	0	0	3
103	18	0	2.12972777	32.7038135	32.914172	32.5250564	33.5921574	0.289425782	5.01061594	0	100	0	0	3
104	18	0	2.15040474	32.4862266	32.897753	32.4862266	33.5921574	0.305407802	5.01061594	0	100	0	0	3
105	18	0	2.17108171	32.5606941	32.8977614	32.4862266	33.5921574	0.305407802	5.01061594	0	100	0	0	3
106	18	0	2.19175868	32.8597409	32.9035611	32.4862266	33.5921574	0.305407802	5.01061594	0	100	0	0	3
107	18	0	2.21243565	33.0781912	32.9053257	32.4862266	33.5921574	0.305407802	5.01061594	0	100	0	0	3
108	18	0	2.23311261	33.2878828	32.897003	32.4862266	33.5921574	0.306157828	5.01061594	0	100	0	0	3
109	18	0	2.25378958	33.0929749	32.8770357	32.4862266	33.3555239	0.32612513	5.01061594	0	100	0	0	3
110	19	0	2.27446655	33.1397298	32.8752957	32.4862266	33.3555239	0.327865069	5.01061594	0	100	0	0	3
111	19	0	2.29514352	32.7403662	32.8552449	32.4862266	33.3555239	0.347915939	5.01061594	0	100	0	0	3
112	19	0	2.31582049	32.512014	32.8383668	32.4862266	33.3555239	0.364794038	5.01061594	0	100	0	0	3
113	19	0	2.33649746	32.6737093	32.8253725	32.4862266	33.3555239	0.377788344	5.01061594	0	100	0	0	3
114	19	0	2.35717443	32.7802621	32.802362	32.4862266	33.2878828	0.400798813	5.01061594	0	100	0	0	3
115	19	0	2.37785139	32.8132076	32.7899326	32.4862266	33.2878828	0.382536452	5.01061594	0	100	0	0	3
116	20	0	2.39852836	32.9313583	32.7936026	32.4862266	33.2878828	0.33194364	5.01061594	0	100	0	0	3
117	20	0	2.41920533	33.229972	32.8197015	32.4862266	33.2878828	0.280770618	5.01061594	0	100	0	0	3
118	20	0	2.4398823	33.2495953	32.8428997	32.4862266	33.2878828	0.229774861	5.01061594	0	100	0	0	3
119	20	0	2.46055927	33.5139967	32.8801339	32.4862266	33.5139967	0.201825531	5.01061594	0	100	0	0	3
120	20	0	2.48123624	33.0656942	32.8869725	32.4862266	33.5139967	0.199589983	5.01061594	0	100	0	0	3
121	20	0	2.50191321	33.0406062	32.8933272	32.4862266	33.5139967	0.182368888	5.01061594	0	100	0	0	3
122	21	0	2.52259018	32.7970182	32.892042	32.4862266	33.5139967	0.179775186	5.01061594	0	100	0	0	3
123	21	0	2.54326714	32.782998	32.8868406	32.4862266	33.5139967	0.176394361	5.01061594	0	100	0	0	3
124	21	0	2.56394411	32.9943687	32.8858861	32.4862266	33.5139967	0.159102408	5.01061594	0	100	0	0	3
125	21	0	2.58462108	32.9787833	32.8946656	32.4862266	33.5139967	0.145449916	5.01061594	0	100	0	0	3
126	21	0	2.60529805	33.092591	32.917367	32.4862266	33.5139967	0.127434378	5.01061594	0	100	0	0	3
127	21	0	2.62597502	33.6811379	32.9634773	32.4862266	33.6811379	0.173544735	5.01061594	0	100	0	0	3
128	22	0	2.64665199	33.6855651	33.0027474	32.4862266	33.6855651	0.2128148	5.01061594	0	100	0	0	3
129	22	0	2.66732896	33.8857515	33.0587284	32.512014	33.8857515	0.268795798	5.01061594	0	100	0	0	3
130	22	0	2.68800592	33.3842203	33.0916694	32.512014	33.8857515	0.301736847	5.01061594	0	100	0	0	3
131	22	0	2.70868289	33.3279635	33.1103983	32.512014	33.8857515	0.320465751	5.01061594	0	100	0	0	3
132	22	0	2.72935986	33.0850489	33.1106726	32.512014	33.8857515	0.32074006	5.01061594	0	100	0	0	3
133	22	0	2.75003683	32.8781578	33.0942836	32.512014	33.8857515	0.32074006	5.01061594	0	100	0	0	3
134	23	0	2.7707138	32.8810157	33.0858053	32.512014	33.8857515	0.32074006	5.01061594	0	100	0	0	3
135	23	0	2.79139077	33.207599	33.08852	32.512014	33.8857515	0.32074006	5.01061594	0	100	0	0	3
136	23	0	2.81206774	33.5316127	33.1201699	32.512014	33.8857515	0.330237318	5.01061594	0	100	0	0	3
137	23	0	2.8327447	33.9144724	33.1762682	32.6737093	33.9144724	0.386335654	5.01061594	0	100	0	0	3
138	23	0	2.85342167	33.713627	33.2178649	32.7802621	33.9144724	0.427932363	5.01061594	0	100	0	0	3
139	24	0	2.87409864	33.9306163	33.2638791	32.782998	33.9306163	0.473946529	5.01061594	0	100	0	0	3
140	24	0	2.89477561	33.4752765	33.2903619	32.782998	33.9306163	0.496759211	5.01061594	0	100	0	0	3
141	24	0	2.91545258	33.5208185	33.3139403	32.782998	33.9306163	0.494238807	5.01061594	0	100	0	0	3
142	24	0	2.93612955	33.5570153	33.327022	32.782998	33.9306163	0.484122297	5.01061594	0	100	0	0	3
143	24	0	2.95680652	33.6585607	33.3433806	32.782998	33.9306163	0.463246712	5.01061594	0	100	0	0	3
144	24	0	2.97748349	33.84943	33.356798	32.782998	33.9306163	0.470911859	5.01061594	0	100	0	0	3
145	25	0	2.99816045	34.2751087	33.4051745	32.782998	34.2751087	0.519288437	5.01061594	0	100	0	0	3
146	25	0	3.01883742	34.0958504	33.4473843	32.782998	34.2751087	0.561498205	5.01061594	0	100	0	0	3
147	25	0	3.03951439	34.0886118	33.499048	32.782998	34.2751087	0.613161947	5.01061594	0	100	0	0	3
148	25	0	3.06019136	33.5100932	33.5281318	32.8781578	34.2751087	0.642245755	5.01061594	0	100	0	0	3
149	25	0	3.08086833	33.518843	33.5491108	32.8781578	34.2751087	0.65444525	5.01061594	0	100	0	0	3
150	25	0	3.1015453	32.9530664	33.5480821	32.8781578	34.2751087	0.631743864	5.01061594	0	100	0	0	3
151	26	0	3.12222227	33.4235953	33.5613223	32.8781578	34.2751087	0.597845003	5.01061594	0	100	0	0	3
152	26	0	3.14289923	34.1624892	33.5805764	32.8781578	34.2751087	0.577828991	5.01061594	0	100	0	0	3
153	26	0	3.1635762	34.7808404	33.6243874	32.8781578	34.7808404	0.565659005	5.01061594	0	100	0	0	3
154	26	0	3.18425317	34.984313	33.6683298	32.8781578	34.984313	0.582524574	5.01061594	0	100	0	0	3
155	26	0	3.20493014	34.7548087	33.7231534	32.8781578	34.984313	0.637348109	5.01061594	0	100	0	0	3
156	26	0	3.22560711	34.5559734	33.7722738	32.8781578	34.984313	0.686468507	5.01061594	0	100	0	0	3
157	27	0	3.24628408	33.9616735	33.8073388	32.8781578	34.984313	0.721533489	5.01061594	0	100	0	0	3
158	27	0	3.26696105	33.8904971	33.8478323	32.8810157	34.984313	0.762027063	5.01061594	0	100	0	0	3
159	27	0	3.28763801	34.3377149	33.9061003	32.9530664	34.984313	0.817580265	5.01061594	0	100	0	0	3
160	27	0	3.30831498	33.8970196	33.9336771	32.9530664	34.984313	0.813507228	5.01061594	0	100	0	0	3
161	27	0	3.32899195	34.5749838	33.975412	32.9530664	34.984313	0.799143736	5.01061594	0	100	0	0	3
162	27	0	3.34966892	34.3214445	33.9916908	32.9530664	34.984313	0.77382591	5.01061594	0	100	0	0	3
163	28	0	3.37034589	34.5497643	34.0251363	32.9530664	34.984313	0.761257233	5.01061594	0	100	0	0	3
164	28	0	3.39102286	34.1395052	34.0334919	32.9530664	34.984313	0.743130032	5.01061594	0	100	0	0	3
165	28	0	3.41169983	34.4987528	34.0744309	32.9530664	34.984313	0.760490676	5.01061594	0	100	0	0	3
166	28	0	3.4323768	33.8878931	34.0891139	32.9530664	34.984313	0.762091926	5.01061594	0	100	0	0	3
167	28	0	3.45305376	34.140241	34.112443	32.9530664	34.984313	0.76906234	5.01061594	0	100	0	0	3
168	28	0	3.47373073	35.1242623	34.171071	32.9530664	35.1242623	0.814273071	5.01061594	0	100	0	0	3
169	29	0	3.4944077	34.8528634	34.2112084	32.9530664	35.1242623	0.806033828	5.01061594	0	100	0	0	3
170	29	0	3.51508467	35.0273887	34.2412996	32.9530664	35.1242623	0.793915258	5.01061594	0	100	0	0	3
171	29	0	3.53576164	34.3595094	34.2518459	32.9530664	35.1242623	0.752797876	5.01061594	0	100	0	0	3
172	29	0	3.55643861	34.735063	34.277704	32.9530664	35.1242623	0.749572118	5.01061594	0	100	0	0	3
173	29	0	3.57711558	34.3980801	34.3132234	32.9530664	35.1242623	0.765141298	5.01061594	0	100	0	0	3
174	29	0	3.59779254	34.1566171	34.3387344	32.9530664	35.1242623	0.790652262	5.01061594	0	100	0	0	3
175	29	0	3.61846951	33.8710499	34.3754537	33.4235953	35.1242623	0.814131432	5.01061594	0	100	0	0	3
176	30	0	3.63914648	34.2924353	34.4102073	33.8710499	35.1242623	0.829630982	5.01061594	0	100	0	0	3
177	30	0	3.65982345	34.5807904	34.4269394	33.8710499	35.1242623	0.802552017	5.01061594	0	100	0	0	3
178	30	0	3.68050042	34.7537109	34.4258542	33.8710499	35.1242623	0.758609556	5.01061594	0	100	0	0	3
179	30	0	3.70117739	34.5643411	34.4090553	33.8710499	35.1242623	0.703786021	5.01061594	0	100	0	0	3
180	30	0	3.72185436	34.5342985	34.4002349	33.8710499	35.1242623	0.654665623	5.01061594	0	100	0	0	3
181	30	0	3.74253133	33.9978833	34.3779113	33.8710499	35.1242623	0.619600641	5.01061594	0	100	0	0	3
182	31	0	3.76320829	33.9022294	34.3755336	33.8710499	35.1242623	0.579107067	5.01061594	0	100	0	0	3
183	31	0	3.78388526	33.8702907	34.3747253	33.8702907	35.1242623	0.520839097	5.01061594	0	100	0	0	3
184	31	0	3.80456223	34.0139538	34.3617749	33.8702907	35.1242623	0.493262273	5.01061594	0	100	0	0	3
185	31	0	3.8252392	33.8229025	34.3588102	33.8229025	35.1242623	0.45152743	5.01061594	0	100	0	0	3
186	31	0	3.84591617	34.1469434	34.3416886	33.8229025	35.1242623	0.435248547	5.01061594	0	100	0	0	3
187	31	0	3.86659314	34.179293	34.3360025	33.8229025	35.1242623	0.401803057	5.01061594	0	100	0	0	3
188	32	0	3.88727011	34.7602017	34.34442	33.8229025	35.1242623	0.393447502	5.01061594	0	100	0	0	3
189	32	0	3.90794707	34.281101	34.3500838	33.8229025	35.1242623	0.352508449	5.01061594	0	100	0	0	3
190	32	0	3.92862404	33.4940329	34.309895	33.4940329	35.1242623	0.337825466	5.01061594	0	100	0	0	3
191	32	0	3.94930101	33.693576	34.3021223	33.4940329	35.1242623	0.314496438	5.01061594	0	100	0	0	3
192	32	0	3.96997798	33.8599253	34.2909097	33.4940329	35.1242623	0.255868372	5.01061594	0	100	0	0	3
193	32	0	3.99065495	34.4783869	34.2650747	33.4940329	35.0273887	0.215731037	5.01061594	0	100	0	0	3
194	32	0	4.01133192	34.6923136	34.2586527	33.4940329	35.0273887	0.185639839	5.01061594	0	100	0	0	3
