Iteration	CPUTime	PhysTime	Travels	Value	AvValue	MinValue	MaxValue	Delta	Criteria	Progress	CriteriaType	CriteriaVarType	CriteriaPercentage
1	1	0	0.0206769686	293.200433	293.200433	293.200433	293.200433	0	0	0	0	0	0	3
2	1	0	0.0413539373	293.200452	293.200443	293.200433	293.200452	9.3350169e-06	0	0	0	0	0	3
3	1	0	0.0620309059	293.200462	293.200449	293.200433	293.200462	1.58276235e-05	0	0	0	0	0	3
4	1	0	0.0827078746	293.200475	293.200455	293.200433	293.200475	2.23079775e-05	0	0	0	0	0	3
5	2	0	0.103384843	293.200487	293.200462	293.200433	293.200487	2.86058441e-05	0	0	0	0	0	3
6	2	0	0.124061812	293.200509	293.20047	293.200433	293.200509	3.64228036e-05	0	0	0	0	0	3
7	2	0	0.144738781	293.200536	293.200479	293.200433	293.200536	4.58841632e-05	0	0	0	0	0	3
8	2	0	0.165415749	293.200563	293.20049	293.200433	293.200563	5.6425501e-05	0	0	0	0	0	3
9	2	0	0.186092718	293.200594	293.200501	293.200433	293.200594	6.79849269e-05	0	0	0	0	0	3
10	2	0	0.206769686	293.200622	293.200513	293.200433	293.200622	8.01081324e-05	0	0	0	0	0	3
11	2	0	0.227446655	293.200671	293.200528	293.200433	293.200671	9.44196132e-05	0	0	0	0	0	3
12	3	0	0.248123624	293.200717	293.200543	293.200433	293.200717	0.000110181509	0	0	0	0	0	3
13	3	0	0.268800592	293.200765	293.20056	293.200433	293.200765	0.000127267904	0	0	0	0	0	3
14	3	0	0.289477561	293.200812	293.200578	293.200433	293.200812	0.000145243685	0	0	0	0	0	3
15	3	0	0.31015453	293.200861	293.200597	293.200433	293.200861	0.000164091083	0	0	0	0	0	3
16	3	0	0.330831498	293.200931	293.200618	293.200433	293.200931	0.000184958309	0	0	0	0	0	3
17	3	0	0.351508467	293.201002	293.200641	293.200433	293.201002	0.000207544303	0	0	0	0	0	3
18	3	0	0.372185436	293.20107	293.200665	293.200433	293.20107	0.000231412093	0	0	0	0	0	3
19	4	0	0.392862404	293.201139	293.20069	293.200433	293.201139	0.000256364665	0	0	0	0	0	3
20	4	0	0.413539373	293.201206	293.200715	293.200433	293.201206	0.000282171687	0	0	0	0	0	3
21	4	0	0.434216342	293.201301	293.200743	293.200433	293.201301	0.000310069338	0	0	0	0	0	3
22	4	0	0.45489331	293.201391	293.200773	293.200433	293.201391	0.000339506438	0	0	0	0	0	3
23	4	0	0.475570279	293.201475	293.200803	293.200433	293.201475	0.000370030073	0	0	0	0	0	3
24	4	0	0.496247248	293.201552	293.200834	293.200433	293.201552	0.000401214074	0	0	0	0	0	3
25	4	0	0.516924216	293.201622	293.200866	293.200433	293.201622	0.000432723324	0	0	0	0	0	3
26	5	0	0.537601185	293.201707	293.200917	293.200452	293.201707	0.00047434741	0	0	0	0	0	3
27	5	0	0.558278153	293.201776	293.20097	293.200462	293.201776	0.000520819331	0	0	0	0	0	3
28	5	0	0.578955122	293.20183	293.201025	293.200475	293.20183	0.000569070675	0	0	0	0	0	3
29	5	0	0.599632091	293.201874	293.201081	293.200487	293.201874	0.000618716204	0	0	0	0	0	3
30	5	0	0.620309059	293.201907	293.201137	293.200509	293.201907	0.000667690117	0	0	0	0	0	3
31	5	0	0.640986028	293.20194	293.201195	293.200536	293.20194	0.000715473802	0	0	0	0	0	3
32	6	0	0.661662997	293.201958	293.201251	293.200563	293.201958	0.000761832541	0	0	0	0	0	3
33	6	0	0.682339965	293.20197	293.201308	293.200594	293.20197	0.000806533273	0	0	0	0	0	3
34	6	0	0.703016934	293.201976	293.201363	293.200622	293.201976	0.00084969062	0	0	0	0	0	3
35	6	0	0.723693903	293.201979	293.201417	293.200671	293.201979	0.000889645401	0	0	0	0	0	3
36	6	0	0.744370871	293.201978	293.20147	293.200717	293.201979	0.000926173941	0	0	0	0	0	3
37	6	0	0.76504784	293.201977	293.20152	293.200765	293.201979	0.00095951345	0	0	0	0	0	3
38	7	0	0.785724809	293.201975	293.201568	293.200812	293.201979	0.000989931712	0	0	0	0	0	3
39	7	0	0.806401777	293.201972	293.201615	293.200861	293.201979	0.00101749036	0	0	0	0	0	3
40	7	0	0.827078746	293.201969	293.201659	293.200931	293.201979	0.00104092095	0	0	0	0	0	3
41	7	0	0.847755715	293.201948	293.2017	293.201002	293.201979	0.000976953319	0	0	0	0	0	3
42	7	0	0.868432683	293.201933	293.201737	293.20107	293.201979	0.000908708994	0	0	0	0	0	3
43	7	0	0.889109652	293.201919	293.201771	293.201139	293.201979	0.00084036256	0	0	0	0	0	3
44	8	0	0.90978662	293.20191	293.201802	293.201206	293.201979	0.000773368428	0	0	0	0	0	3
45	8	0	0.930463589	293.201903	293.20183	293.201301	293.201979	0.000677851162	0	0	0	0	0	3
46	8	0	0.951140558	293.201894	293.201853	293.201391	293.201979	0.00058818798	0	0	0	0	0	3
47	8	0	0.971817526	293.20189	293.201873	293.201475	293.201979	0.000504323491	0	0	0	0	0	3
48	8	0	0.992494495	293.201887	293.20189	293.201552	293.201979	0.000427427416	0	0	0	0	0	3
49	8	0	1.01317146	293.201886	293.201903	293.201622	293.201979	0.000356928201	6.11678869e-05	0	0	0	0	3
50	8	0	1.03384843	293.201888	293.201914	293.201707	293.201979	0.000271895946	6.11678869e-05	0	0	0	0	3
51	9	0	1.0545254	293.20189	293.201921	293.201776	293.201979	0.000203090315	6.11678869e-05	0	0	0	0	3
52	9	0	1.07520237	293.201892	293.201926	293.20183	293.201979	0.000148768235	6.11678869e-05	0	0	0	0	3
53	9	0	1.09587934	293.201892	293.201928	293.201874	293.201979	0.000105539599	6.11678869e-05	0	0	0	0	3
54	9	0	1.11655631	293.201891	293.201929	293.201886	293.201979	9.29210291e-05	6.11678869e-05	0	0	0	0	3
55	9	0	1.13723328	293.201887	293.201928	293.201886	293.201979	9.29210291e-05	6.11678869e-05	0	0	0	0	3
56	10	0	1.15791024	293.201884	293.201926	293.201884	293.201979	9.47018112e-05	6.11678869e-05	0	0	0	0	3
57	10	0	1.17858721	293.201882	293.201923	293.201882	293.201979	9.7513772e-05	6.11678869e-05	0	0	0	0	3
58	10	0	1.19926418	293.201879	293.201919	293.201879	293.201979	9.98345931e-05	6.11678869e-05	0	0	0	0	3
59	10	0	1.21994115	293.201879	293.201915	293.201879	293.201979	9.98405732e-05	6.11678869e-05	0	0	0	0	3
60	10	0	1.24061812	293.201879	293.201911	293.201879	293.201978	9.92748892e-05	6.11678869e-05	0	0	0	0	3
61	10	0	1.26129509	293.20188	293.201907	293.201879	293.201977	9.8689499e-05	6.11678869e-05	0	0	0	0	3
62	11	0	1.28197206	293.201881	293.201904	293.201879	293.201975	9.66352821e-05	6.11678869e-05	0	0	0	0	3
63	11	0	1.30264902	293.201882	293.2019	293.201879	293.201972	9.35595435e-05	6.11678869e-05	0	0	0	0	3
64	11	0	1.32332599	293.201882	293.201896	293.201879	293.201969	8.98797501e-05	6.11678869e-05	0	0	0	0	3
65	11	0	1.34400296	293.201883	293.201893	293.201879	293.201948	6.91172966e-05	6.11678869e-05	0	0	0	0	3
66	11	0	1.36467993	293.201885	293.20189	293.201879	293.201933	5.38720806e-05	6.11678869e-05	0	0	0	0	3
67	12	0	1.3853569	293.201885	293.201888	293.201879	293.201919	4.05106789e-05	6.11678869e-05	0	0	0	0	3
68	12	0	1.40603387	293.201886	293.201887	293.201879	293.20191	3.08552449e-05	6.11678869e-05	0	0	0	0	3
69	12	0	1.42671084	293.201885	293.201886	293.201879	293.201903	2.42679908e-05	6.11678869e-05	0	0	0	0	3
70	12	0	1.44738781	293.201885	293.201885	293.201879	293.201894	1.56487071e-05	6.11678869e-05	0	0	0	0	3
71	12	0	1.46806477	293.201884	293.201885	293.201879	293.201892	1.33847126e-05	6.11678869e-05	0	0	0	0	3
72	12	0	1.48874174	293.201884	293.201885	293.201879	293.201892	1.33847126e-05	6.11678869e-05	0	0	0	0	3
73	13	0	1.50941871	293.201884	293.201885	293.201879	293.201892	1.33847126e-05	6.11678869e-05	0	0	0	0	3
74	13	0	1.53009568	293.201884	293.201884	293.201879	293.201892	1.33847126e-05	6.11678869e-05	0	0	0	0	3
75	13	0	1.55077265	293.201884	293.201884	293.201879	293.201892	1.33847126e-05	6.11678869e-05	0	0	0	0	3
76	13	0	1.57144962	293.201884	293.201884	293.201879	293.201892	1.33847126e-05	6.11678869e-05	0	0	0	0	3
77	13	0	1.59212659	293.201884	293.201884	293.201879	293.201892	1.29812838e-05	6.11678869e-05	0	0	0	0	3
78	13	0	1.61280355	293.201883	293.201883	293.201879	293.201891	1.20306827e-05	6.11678869e-05	0	0	0	0	3
79	14	0	1.63348052	293.201883	293.201883	293.201879	293.201887	8.77719202e-06	6.11678869e-05	0	0	0	0	3
80	14	0	1.65415749	293.201883	293.201883	293.201879	293.201886	6.95288725e-06	6.11678869e-05	0	0	0	0	3
81	14	0	1.67483446	293.201883	293.201883	293.201879	293.201886	6.95288725e-06	6.11678869e-05	0	0	0	0	3
82	14	0	1.69551143	293.201883	293.201883	293.201879	293.201886	6.95288725e-06	6.11678869e-05	0	0	0	0	3
83	14	0	1.7161884	293.201884	293.201883	293.201879	293.201886	6.95288725e-06	6.11678869e-05	0	0	0	0	3
84	14	0	1.73686537	293.201883	293.201883	293.201879	293.201886	6.95288725e-06	6.11678869e-05	0	0	0	0	3
85	14	0	1.75754234	293.201883	293.201883	293.20188	293.201886	5.29433561e-06	6.11678869e-05	0	0	0	0	3
86	15	0	1.7782193	293.201884	293.201884	293.201881	293.201886	4.57060469e-06	6.11678869e-05	0	0	0	0	3
87	15	0	1.79889627	293.201887	293.201884	293.201882	293.201887	4.56194653e-06	6.11678869e-05	0	0	0	0	3
88	15	0	1.81957324	293.201888	293.201884	293.201882	293.201888	5.51467622e-06	6.11678869e-05	0	0	0	0	3
89	15	0	1.84025021	293.20189	293.201884	293.201883	293.20189	7.07320305e-06	6.11678869e-05	0	0	0	0	3
90	15	0	1.86092718	293.201891	293.201885	293.201883	293.201891	7.44263167e-06	6.11678869e-05	0	0	0	0	3
91	15	0	1.88160415	293.201893	293.201885	293.201883	293.201893	5.52873468e-06	6.11678869e-05	0	0	0	0	3
92	16	0	1.90228112	293.201893	293.201885	293.201883	293.201893	4.18642298e-06	6.11678869e-05	0	0	0	0	3
93	16	0	1.92295808	293.201894	293.201886	293.201883	293.201894	3.21287354e-06	6.11678869e-05	0	0	0	0	3
94	16	0	1.94363505	293.201895	293.201886	293.201883	293.201895	3.19888125e-06	6.11678869e-05	0	0	0	0	3
95	16	0	1.96431202	293.201897	293.201887	293.201883	293.201897	3.67248344e-06	6.11678869e-05	0	0	0	0	3
96	16	0	1.98498899	293.201897	293.201887	293.201883	293.201897	4.16857461e-06	6.11678869e-05	0	0	0	0	3
97	16	0	2.00566596	293.201897	293.201888	293.201883	293.201897	4.7142687e-06	6.11678869e-05	0	0	0	0	3
98	17	0	2.02634293	293.201898	293.201888	293.201883	293.201898	5.27260687e-06	6.11678869e-05	0	0	0	0	3
99	17	0	2.0470199	293.201899	293.201889	293.201883	293.201899	5.8833723e-06	6.11678869e-05	0	0	0	0	3
100	17	0	2.06769686	293.201899	293.201889	293.201883	293.201899	6.47719332e-06	6.11678869e-05	0	0	0	0	3
101	17	0	2.08837383	293.201899	293.20189	293.201883	293.201899	7.08718443e-06	6.11678869e-05	0	0	0	0	3
102	17	0	2.1090508	293.201899	293.201891	293.201883	293.201899	7.69650944e-06	6.11678869e-05	0	0	0	0	3
103	18	0	2.12972777	293.201897	293.201891	293.201883	293.201899	8.26352203e-06	6.11678869e-05	0	0	0	0	3
104	18	0	2.15040474	293.201894	293.201892	293.201883	293.201899	8.73706824e-06	6.11678869e-05	0	0	0	0	3
105	18	0	2.17108171	293.201893	293.201892	293.201883	293.201899	9.13421036e-06	6.11678869e-05	0	0	0	0	3
106	18	0	2.19175868	293.201891	293.201892	293.201883	293.201899	9.38284927e-06	6.11678869e-05	0	0	0	0	3
107	18	0	2.21243565	293.201891	293.201893	293.201883	293.201899	9.50686433e-06	6.11678869e-05	0	0	0	0	3
108	18	0	2.23311261	293.201891	293.201893	293.201883	293.201899	9.6585527e-06	6.11678869e-05	0	0	0	0	3
109	18	0	2.25378958	293.201892	293.201893	293.201883	293.201899	9.80426836e-06	6.11678869e-05	0	0	0	0	3
110	19	0	2.27446655	293.201892	293.201894	293.201884	293.201899	9.99366313e-06	6.11678869e-05	0	0	0	0	3
111	19	0	2.29514352	293.201892	293.201894	293.201887	293.201899	1.00748337e-05	6.11678869e-05	0	0	0	0	3
112	19	0	2.31582049	293.201892	293.201894	293.201888	293.201899	1.0062329e-05	6.11678869e-05	0	0	0	0	3
113	19	0	2.33649746	293.201893	293.201894	293.20189	293.201899	9.62751233e-06	6.11678869e-05	0	0	0	0	3
114	19	0	2.35717443	293.201893	293.201894	293.201891	293.201899	8.55294553e-06	6.11678869e-05	0	0	0	0	3
115	19	0	2.37785139	293.201892	293.201895	293.201891	293.201899	8.55294553e-06	6.11678869e-05	0	0	0	0	3
116	20	0	2.39852836	293.201892	293.201894	293.201891	293.201899	8.55294553e-06	6.11678869e-05	0	0	0	0	3
117	20	0	2.41920533	293.201892	293.201894	293.201891	293.201899	8.55294553e-06	6.11678869e-05	0	0	0	0	3
118	20	0	2.4398823	293.201892	293.201894	293.201891	293.201899	8.42495314e-06	6.11678869e-05	0	0	0	0	3
119	20	0	2.46055927	293.201894	293.201894	293.201891	293.201899	7.95135094e-06	6.11678869e-05	0	0	0	0	3
120	20	0	2.48123624	293.201895	293.201894	293.201891	293.201899	7.45525978e-06	6.11678869e-05	0	0	0	0	3
121	20	0	2.50191321	293.201894	293.201894	293.201891	293.201899	6.90956568e-06	6.11678869e-05	0	0	0	0	3
122	21	0	2.52259018	293.201893	293.201894	293.201891	293.201899	6.35122751e-06	6.11678869e-05	0	0	0	0	3
123	21	0	2.54326714	293.201891	293.201894	293.201891	293.201899	5.74046209e-06	6.11678869e-05	0	0	0	0	3
124	21	0	2.56394411	293.20189	293.201893	293.20189	293.201899	5.14664106e-06	6.11678869e-05	0	0	0	0	3
125	21	0	2.58462108	293.201889	293.201893	293.201889	293.201899	4.53664995e-06	6.11678869e-05	0	0	0	0	3
126	21	0	2.60529805	293.20189	293.201893	293.201889	293.201899	3.92732494e-06	6.11678869e-05	0	0	0	0	3
127	21	0	2.62597502	293.201892	293.201892	293.201889	293.201897	3.36031235e-06	6.11678869e-05	0	0	0	0	3
128	22	0	2.64665199	293.201894	293.201892	293.201889	293.201895	2.88676614e-06	6.11678869e-05	0	0	0	0	3
129	22	0	2.66732896	293.201897	293.201892	293.201889	293.201897	2.48962402e-06	6.11678869e-05	0	0	0	0	3
130	22	0	2.68800592	293.201898	293.201893	293.201889	293.201898	2.30976855e-06	6.11678869e-05	0	0	0	0	3
131	22	0	2.70868289	293.201899	293.201893	293.201889	293.201899	2.30976855e-06	6.11678869e-05	0	0	0	0	3
132	22	0	2.72935986	293.201899	293.201893	293.201889	293.201899	2.30976855e-06	6.11678869e-05	0	0	0	0	3
133	22	0	2.75003683	293.201897	293.201893	293.201889	293.201899	2.30976855e-06	6.11678869e-05	0	0	0	0	3
134	23	0	2.7707138	293.201897	293.201894	293.201889	293.201899	2.30976855e-06	6.11678869e-05	0	0	0	0	3
135	23	0	2.79139077	293.201896	293.201894	293.201889	293.201899	2.30976855e-06	6.11678869e-05	0	0	0	0	3
136	23	0	2.81206774	293.201896	293.201894	293.201889	293.201899	2.30976855e-06	6.11678869e-05	0	0	0	0	3
137	23	0	2.8327447	293.201896	293.201894	293.201889	293.201899	2.30976855e-06	6.11678869e-05	0	0	0	0	3
138	23	0	2.85342167	293.201897	293.201894	293.201889	293.201899	2.30976855e-06	6.11678869e-05	0	0	0	0	3
139	24	0	2.87409864	293.201898	293.201894	293.201889	293.201899	2.30976855e-06	6.11678869e-05	0	0	0	0	3
140	24	0	2.89477561	293.201897	293.201895	293.201889	293.201899	2.43331351e-06	6.11678869e-05	0	0	0	0	3
141	24	0	2.91545258	293.201896	293.201895	293.201889	293.201899	2.60927209e-06	6.11678869e-05	0	0	0	0	3
142	24	0	2.93612955	293.201895	293.201895	293.201889	293.201899	2.74823185e-06	6.11678869e-05	0	0	0	0	3
143	24	0	2.95680652	293.201894	293.201895	293.201889	293.201899	2.8182946e-06	6.11678869e-05	0	0	0	0	3
144	24	0	2.97748349	293.201893	293.201895	293.201889	293.201899	2.8182946e-06	6.11678869e-05	0	0	0	0	3
145	25	0	2.99816045	293.201893	293.201895	293.201889	293.201899	2.8182946e-06	6.11678869e-05	0	0	0	0	3
146	25	0	3.01883742	293.201893	293.201895	293.201889	293.201899	2.8182946e-06	6.11678869e-05	0	0	0	0	3
147	25	0	3.03951439	293.201893	293.201895	293.201889	293.201899	2.8182946e-06	6.11678869e-05	0	0	0	0	3
148	25	0	3.06019136	293.201894	293.201895	293.201889	293.201899	2.8182946e-06	6.11678869e-05	0	0	0	0	3
149	25	0	3.08086833	293.201893	293.201895	293.201889	293.201899	2.89771918e-06	6.11678869e-05	0	0	0	0	3
150	25	0	3.1015453	293.201894	293.201895	293.20189	293.201899	3.08199691e-06	6.11678869e-05	0	0	0	0	3
151	26	0	3.12222227	293.201894	293.201895	293.201892	293.201899	3.24690285e-06	6.11678869e-05	0	0	0	0	3
152	26	0	3.14289923	293.201895	293.201896	293.201893	293.201899	3.36983175e-06	6.11678869e-05	0	0	0	0	3
153	26	0	3.1635762	293.201897	293.201896	293.201893	293.201899	3.36456185e-06	6.11678869e-05	0	0	0	0	3
154	26	0	3.18425317	293.201899	293.201896	293.201893	293.201899	3.23583151e-06	6.11678869e-05	0	0	0	0	3
155	26	0	3.20493014	293.2019	293.201896	293.201893	293.2019	2.95084425e-06	6.11678869e-05	0	0	0	0	3
156	26	0	3.22560711	293.201899	293.201896	293.201893	293.2019	2.63968201e-06	6.11678869e-05	0	0	0	0	3
157	27	0	3.24628408	293.201899	293.201896	293.201893	293.2019	2.42464324e-06	6.11678869e-05	0	0	0	0	3
158	27	0	3.26696105	293.201898	293.201896	293.201893	293.2019	2.2421529e-06	6.11678869e-05	0	0	0	0	3
159	27	0	3.28763801	293.201898	293.201896	293.201893	293.2019	2.11847072e-06	6.11678869e-05	0	0	0	0	3
160	27	0	3.30831498	293.201896	293.201896	293.201893	293.2019	1.9512799e-06	6.11678869e-05	0	0	0	0	3
161	27	0	3.32899195	293.201894	293.201896	293.201893	293.2019	1.79256654e-06	6.11678869e-05	0	0	0	0	3
162	27	0	3.34966892	293.201895	293.201896	293.201893	293.2019	1.63514721e-06	6.11678869e-05	0	0	0	0	3
163	28	0	3.37034589	293.201894	293.201896	293.201893	293.2019	1.43971465e-06	6.11678869e-05	0	0	0	0	3
164	28	0	3.39102286	293.201892	293.201895	293.201892	293.2019	1.23631401e-06	6.11678869e-05	0	0	0	0	3
165	28	0	3.41169983	293.201889	293.201895	293.201889	293.2019	1.06035543e-06	6.11678869e-05	0	0	0	0	3
166	28	0	3.4323768	293.201888	293.201895	293.201888	293.2019	1.117647e-06	6.11678869e-05	0	0	0	0	3
167	28	0	3.45305376	293.201887	293.201894	293.201887	293.2019	1.46819428e-06	6.11678869e-05	0	0	0	0	3
168	28	0	3.47373073	293.201885	293.201894	293.201885	293.2019	1.81830671e-06	6.11678869e-05	0	0	0	0	3
169	29	0	3.4944077	293.201886	293.201894	293.201885	293.2019	2.09603547e-06	6.11678869e-05	0	0	0	0	3
170	29	0	3.51508467	293.201886	293.201893	293.201885	293.2019	2.36726589e-06	6.11678869e-05	0	0	0	0	3
171	29	0	3.53576164	293.201885	293.201893	293.201885	293.2019	2.69290098e-06	6.11678869e-05	0	0	0	0	3
172	29	0	3.55643861	293.201884	293.201893	293.201884	293.2019	3.06516887e-06	6.11678869e-05	0	0	0	0	3
173	29	0	3.57711558	293.201884	293.201892	293.201884	293.2019	3.48654555e-06	6.11678869e-05	0	0	0	0	3
174	29	0	3.59779254	293.201883	293.201892	293.201883	293.2019	3.8838715e-06	6.11678869e-05	0	0	0	0	3
175	29	0	3.61846951	293.201882	293.201891	293.201882	293.2019	4.37328094e-06	6.11678869e-05	0	0	0	0	3
176	30	0	3.63914648	293.201881	293.201891	293.201881	293.2019	4.89700165e-06	6.11678869e-05	0	0	0	0	3
177	30	0	3.65982345	293.201881	293.20189	293.201881	293.2019	5.46797685e-06	6.11678869e-05	0	0	0	0	3
178	30	0	3.68050042	293.20188	293.20189	293.20188	293.2019	6.12067873e-06	6.11678869e-05	0	0	0	0	3
179	30	0	3.70117739	293.201882	293.201889	293.20188	293.2019	6.81819103e-06	6.11678869e-05	0	0	0	0	3
180	30	0	3.72185436	293.201883	293.201888	293.20188	293.201899	7.49228479e-06	6.11678869e-05	0	0	0	0	3
181	30	0	3.74253133	293.201885	293.201888	293.20188	293.201899	8.07339649e-06	6.11678869e-05	0	0	0	0	3
182	31	0	3.76320829	293.201885	293.201887	293.20188	293.201898	8.64497127e-06	6.11678869e-05	0	0	0	0	3
183	31	0	3.78388526	293.201885	293.201887	293.20188	293.201898	9.13082494e-06	6.11678869e-05	0	0	0	0	3
184	31	0	3.80456223	293.201885	293.201886	293.20188	293.201896	9.61809934e-06	6.11678869e-05	0	0	0	0	3
185	31	0	3.8252392	293.201886	293.201886	293.20188	293.201895	9.94064015e-06	6.11678869e-05	0	0	0	0	3
186	31	0	3.84591617	293.201887	293.201886	293.20188	293.201895	1.01577709e-05	6.11678869e-05	0	0	0	0	3
187	31	0	3.86659314	293.201888	293.201885	293.20188	293.201894	1.03136958e-05	6.11678869e-05	0	0	0	0	3
188	32	0	3.88727011	293.20189	293.201885	293.20188	293.201892	1.02869749e-05	6.11678869e-05	0	0	0	0	3
189	32	0	3.90794707	293.20189	293.201885	293.20188	293.20189	9.15094262e-06	6.11678869e-05	0	0	0	0	3
190	32	0	3.92862404	293.20189	293.201885	293.20188	293.20189	9.33578548e-06	6.11678869e-05	0	0	0	0	3
191	32	0	3.94930101	293.201888	293.201885	293.20188	293.20189	9.33578548e-06	6.11678869e-05	0	0	0	0	3
192	32	0	3.96997798	293.201887	293.201885	293.20188	293.20189	9.02727299e-06	6.11678869e-05	0	0	0	0	3
193	32	0	3.99065495	293.201886	293.201885	293.20188	293.20189	8.74954424e-06	6.11678869e-05	0	0	0	0	3
194	32	0	4.01133192	293.201886	293.201885	293.20188	293.20189	8.47831382e-06	6.11678869e-05	0	0	0	0	3
