Iteration	CPUTime	PhysTime	Travels	Value	AvValue	MinValue	MaxValue	Delta	Criteria	Progress	CriteriaType	CriteriaVarType	CriteriaPercentage
1	14	0	0.00588477191	22.2178691	22.2178691	22.2178691	22.2178691	0	0	0	0	0	0	3
2	18	0	0.0117695438	22.2176683	22.2177687	22.2176683	22.2178691	0.000100422558	0	0	0	0	0	3
3	20	0	0.0176543157	22.217676	22.2177378	22.2176683	22.2178691	0.000131320442	0	0	0	0	0	3
4	23	0	0.0235390876	22.2177439	22.2177393	22.2176683	22.2178691	0.000131320442	0	0	0	0	0	3
5	26	0	0.0294238596	22.2178066	22.2177528	22.2176683	22.2178691	0.000131320442	0	0	0	0	0	3
6	28	0	0.0353086315	22.2179267	22.2177818	22.2176683	22.2179267	0.000131320442	0	0	0	0	0	3
7	30	0	0.0411934034	22.2180713	22.2178231	22.2176683	22.2180713	0.000131320442	0	0	0	0	0	3
8	33	0	0.0470781753	22.2182401	22.2178753	22.2176683	22.2182401	0.00013744919	0	0	0	0	0	3
9	35	0	0.0529629472	22.2184076	22.2179344	22.2176683	22.2184076	0.000196596981	0	0	0	0	0	3
10	37	0	0.0588477191	22.2185816	22.2179991	22.2176683	22.2185816	0.000261313714	0	0	0	0	0	3
11	39	0	0.064732491	22.2188184	22.2180736	22.2176683	22.2188184	0.000335794716	0	0	0	0	0	3
12	41	0	0.0706172629	22.2190529	22.2181552	22.2176683	22.2190529	0.000417406291	0	0	0	0	0	3
13	44	0	0.0765020349	22.219275	22.2182414	22.2176683	22.219275	0.000503543401	0	0	0	0	0	3
14	46	0	0.0823868068	22.2194922	22.2183307	22.2176683	22.2194922	0.000592887811	0	0	0	0	0	3
15	48	0	0.0882715787	22.2196972	22.2184218	22.2176683	22.2196972	0.000683989495	0	0	0	0	0	3
16	50	0	0.0941563506	22.219993	22.21852	22.2176683	22.219993	0.000782191463	0	0	0	0	0	3
17	52	0	0.100041123	22.2202679	22.2186228	22.2176683	22.2202679	0.000885007083	0	0	0	0	0	3
18	55	0	0.105925894	22.2205304	22.2187288	22.2176683	22.2205304	0.000990982986	0	0	0	0	0	3
19	57	0	0.111810666	22.2207742	22.2188364	22.2176683	22.2207742	0.00109863567	0	0	0	0	0	3
20	59	0	0.117695438	22.2210086	22.2189451	22.2176683	22.2210086	0.00120724105	0	0	0	0	0	3
21	62	0	0.12358021	22.2213331	22.2190588	22.2176683	22.2213331	0.00132095634	0	0	0	0	0	3
22	64	0	0.129464982	22.2216405	22.2191761	22.2176683	22.2216405	0.00143830949	0	0	0	0	0	3
23	66	0	0.135349754	22.2219235	22.2192956	22.2176683	22.2219235	0.00155776245	0	0	0	0	0	3
24	69	0	0.141234526	22.2221933	22.2194163	22.2176683	22.2221933	0.00167850082	0	0	0	0	0	3
25	71	0	0.147119298	22.2224464	22.2195375	22.2176683	22.2224464	0.00179970452	0	0	0	0	0	3
26	73	0	0.15300407	22.222807	22.2196633	22.2176683	22.222807	0.00192545331	0	0	0	0	0	3
27	76	0	0.158888842	22.2231474	22.2197923	22.2176683	22.2231474	0.00205449428	0	0	0	0	0	3
28	78	0	0.164773614	22.2234709	22.2199237	22.2176683	22.2234709	0.0021858731	0	0	0	0	0	3
29	80	0	0.170658385	22.2237821	22.2200567	22.2176683	22.2237821	0.00231892159	0	0	0	0	0	3
30	82	0	0.176543157	22.2240839	22.220191	22.2176683	22.2240839	0.00245316065	0	0	0	0	0	3
31	85	0	0.182427929	22.2245257	22.2203308	22.2176683	22.2245257	0.00259299045	0	0	0	0	0	3
32	87	0	0.188312701	22.2249603	22.2204755	22.2176683	22.2249603	0.00273766196	0	0	0	0	0	3
33	89	0	0.194197473	22.2253933	22.2206245	22.2176683	22.2253933	0.00288668775	0	0	0	0	0	3
34	92	0	0.200082245	22.2258342	22.2207777	22.2176683	22.2258342	0.00303991498	0	0	0	0	0	3
35	94	0	0.205967017	22.2262865	22.2209351	22.2176683	22.2262865	0.0031973074	0	0	0	0	0	3
36	96	0	0.211851789	22.2270188	22.2211041	22.2176683	22.2270188	0.00336629755	0	0	0	0	0	3
37	99	0	0.217736561	22.2277986	22.221285	22.2176683	22.2277986	0.00354723033	0	0	0	0	0	3
38	101	0	0.223621333	22.2286325	22.2214784	22.2176683	22.2286325	0.00374058416	0	0	0	0	0	3
39	104	0	0.229506105	22.2295075	22.2216843	22.2176683	22.2295075	0.00394645944	0	0	0	0	0	3
40	106	0	0.235390876	22.2304088	22.2219024	22.2176683	22.2304088	0.00416457281	0	0	0	0	0	3
41	109	0	0.241275648	22.2316964	22.2221413	22.2176683	22.2316964	0.00440345216	0	0	0	0	0	3
42	111	0	0.24716042	22.2328653	22.2223966	22.2176683	22.2328653	0.00465878613	0	0	0	0	0	3
43	114	0	0.253045192	22.2338378	22.2226627	22.2176683	22.2338378	0.0049248602	0	0	0	0	0	3
44	116	0	0.258929964	22.2345802	22.2229335	22.2176683	22.2345802	0.00519571326	0	0	0	0	0	3
45	119	0	0.264814736	22.2350909	22.2232037	22.2176683	22.2350909	0.00546587788	0	0	0	0	0	3
46	121	0	0.270699508	22.2353948	22.2234687	22.2176683	22.2353948	0.00573090296	0	0	0	0	0	3
47	124	0	0.27658428	22.2355388	22.2237255	22.2176683	22.2355388	0.00598771408	0	0	0	0	0	3
48	127	0	0.282469052	22.2355747	22.2239724	22.2176683	22.2355747	0.0062345723	0	0	0	0	0	3
49	129	0	0.288353824	22.2355425	22.2242085	22.2176683	22.2355747	0.00647069681	0	0	0	0	0	3
50	132	0	0.294238596	22.2354822	22.224434	22.2176683	22.2355747	0.00669617091	0	0	0	0	0	3
51	134	0	0.300123368	22.2354217	22.2246494	22.2176683	22.2355747	0.00691161619	0	0	0	0	0	3
52	136	0	0.306008139	22.2353714	22.2248556	22.2176683	22.2355747	0.00711780697	0	0	0	0	0	3
53	139	0	0.311892911	22.2353394	22.2250534	22.2176683	22.2355747	0.00731561365	0	0	0	0	0	3
54	141	0	0.317777683	22.2353253	22.2252436	22.2176683	22.2355747	0.00750583349	0	0	0	0	0	3
55	144	0	0.323662455	22.2353267	22.225427	22.2176683	22.2355747	0.00768916251	0	0	0	0	0	3
56	146	0	0.329547227	22.2353494	22.2256042	22.2176683	22.2355747	0.00786634891	0	0	0	0	0	3
57	148	0	0.335431999	22.2353761	22.2257756	22.2176683	22.2355747	0.00803778656	0	0	0	0	0	3
58	151	0	0.341316771	22.2354028	22.2259416	22.2176683	22.2355747	0.00820377286	0	0	0	0	0	3
59	153	0	0.347201543	22.2354237	22.2261023	22.2176683	22.2355747	0.0083644865	0	0	0	0	0	3
60	156	0	0.353086315	22.2354416	22.226258	22.2176683	22.2355747	0.00852014184	0	0	0	0	0	3
61	159	0	0.358971087	22.2354432	22.2264085	22.2176683	22.2355747	0.00867071974	0	0	0	0	0	3
62	161	0	0.364855859	22.2354444	22.2265543	22.2176683	22.2355747	0.00881645971	0	0	0	0	0	3
63	164	0	0.37074063	22.2354461	22.2266954	22.2176683	22.2355747	0.00895760037	0	0	0	0	0	3
64	166	0	0.376625402	22.2354489	22.2268322	22.2176683	22.2355747	0.00909437337	0	0	0	0	0	3
65	169	0	0.382510174	22.2354512	22.2269648	22.2176683	22.2355747	0.00922697372	0	0	0	0	0	3
66	172	0	0.388394946	22.235454	22.2270934	22.2176683	22.2355747	0.00935559799	0	0	0	0	0	3
67	174	0	0.394279718	22.2354574	22.2272182	22.2176683	22.2355747	0.00948043357	0	0	0	0	0	3
68	177	0	0.40016449	22.2354588	22.2273394	22.2176683	22.2355747	0.00960161865	0	0	0	0	0	3
69	179	0	0.406049262	22.2354606	22.2274571	22.2176683	22.2355747	0.00971931737	0	0	0	0	0	3
70	181	0	0.411934034	22.2354606	22.2275715	22.2176683	22.2355747	0.00983365275	0	0	0	0	0	3
71	184	0	0.417818806	22.2354716	22.2276827	22.2176683	22.2355747	0.00994492182	0	0	0	0	0	3
72	187	0	0.423703578	22.2354795	22.227791	22.2176683	22.2355747	0.0100532101	0	0	0	0	0	3
73	189	0	0.42958835	22.2354872	22.2278965	22.2176683	22.2355747	0.0101586365	0	0	0	0	0	3
74	192	0	0.435473122	22.2354943	22.2279991	22.2176683	22.2355747	0.0102613101	0	0	0	0	0	3
75	194	0	0.441357893	22.2354993	22.2280991	22.2176683	22.2355747	0.0103613121	0	0	0	0	0	3
76	197	0	0.447242665	22.2355069	22.2281966	22.2176683	22.2355747	0.010458783	0	0	0	0	0	3
77	199	0	0.453127437	22.2355133	22.2282916	22.2176683	22.2355747	0.0105538046	0	0	0	0	0	3
78	202	0	0.459012209	22.23552	22.2283843	22.2176683	22.2355747	0.0106464758	0	0	0	0	0	3
79	204	0	0.464896981	22.2355275	22.2284747	22.2176683	22.2355747	0.0107368967	0	0	0	0	0	3
80	207	0	0.470781753	22.2355335	22.2285629	22.2176683	22.2355747	0.0108251313	0	0	0	0	0	3
81	209	0	0.476666525	22.2355332	22.228649	22.2176683	22.2355747	0.0109111842	0	0	0	0	0	3
82	211	0	0.482551297	22.2355336	22.228733	22.2176683	22.2355747	0.0109951425	0	0	0	0	0	3
83	214	0	0.488436069	22.2355346	22.2288149	22.2176683	22.2355747	0.01107709	0	0	0	0	0	3
84	216	0	0.494320841	22.2355368	22.2288949	22.2176683	22.2355747	0.0111571126	0	0	0	0	0	3
85	219	0	0.500205613	22.2355375	22.2289731	22.2176683	22.2355747	0.0112352609	0	0	0	0	0	3
86	221	0	0.506090384	22.2355333	22.2291809	22.2176683	22.2355747	0.0114430748	0	0	0	0	0	3
87	224	0	0.511975156	22.2355297	22.229391	22.217676	22.2355747	0.0116532086	0	0	0	0	0	3
88	226	0	0.517859928	22.2355256	22.229601	22.2177439	22.2355747	0.0118616813	0	0	0	0	0	3
89	229	0	0.5237447	22.2355209	22.2298102	22.2178066	22.2355747	0.0120573616	0	0	0	0	0	3
90	231	0	0.529629472	22.2355154	22.2300185	22.2179267	22.2355747	0.0122367164	0	0	0	0	0	3
91	234	0	0.535514244	22.235509	22.2302253	22.2180713	22.2355747	0.0124022076	0	0	0	0	0	3
92	236	0	0.541399016	22.2355023	22.2304304	22.2182401	22.2355747	0.0125551562	0	0	0	0	0	3
93	239	0	0.547283788	22.2354946	22.2306334	22.2184076	22.2355747	0.0126990027	0	0	0	0	0	3
94	241	0	0.55316856	22.2354859	22.2308343	22.2185816	22.2355747	0.0128352071	0	0	0	0	0	3
95	244	0	0.559053332	22.2354765	22.2310331	22.2188184	22.2355747	0.0129594895	0	0	0	0	0	3
96	246	0	0.564938104	22.2354701	22.231229	22.2190529	22.2355747	0.01307378	0	0	0	0	0	3
97	249	0	0.570822876	22.2354639	22.2314221	22.219275	22.2355747	0.0131807131	0	0	0	0	0	3
98	251	0	0.576707647	22.2354576	22.2316125	22.2194922	22.2355747	0.0132817522	0	0	0	0	0	3
99	254	0	0.582592419	22.2354497	22.2318002	22.2196972	22.2355747	0.0133783857	0	0	0	0	0	3
100	257	0	0.588477191	22.2354432	22.2319854	22.219993	22.2355747	0.0134654304	0	0	0	0	0	3
101	264	0	0.594361963	22.2354454	22.2321672	22.2202679	22.2355747	0.0135444073	0	0	0	0	0	3
102	266	0	0.600246735	22.2354488	22.2323458	22.2205304	22.2355747	0.0136170309	0	0	0	0	0	3
103	268	0	0.606131507	22.2354505	22.2325214	22.2207742	22.2355747	0.0136849095	0	0	0	0	0	3
104	271	0	0.612016279	22.2354547	22.2326941	22.2210086	22.2355747	0.0137490164	0	0	0	0	0	3
105	273	0	0.617901051	22.2354591	22.2328641	22.2213331	22.2355747	0.0138053071	0	0	0	0	0	3
106	275	0	0.623785823	22.2354637	22.2330303	22.2216405	22.2355747	0.013854197	0	0	0	0	0	3
107	278	0	0.629670595	22.2354698	22.233193	22.2219235	22.2355747	0.0136511811	0	0	0	0	0	3
108	280	0	0.635555367	22.235478	22.2333525	22.2221933	22.2355747	0.0133814254	0	0	0	0	0	3
109	283	0	0.641440138	22.2354868	22.2335089	22.2224464	22.2355747	0.0131283156	0	0	0	0	0	3
110	285	0	0.64732491	22.2354948	22.2336624	22.222807	22.2355747	0.0127677355	0	0	0	0	0	3
111	287	0	0.653209682	22.2355035	22.2338118	22.2231474	22.2355747	0.0124273492	0	0	0	0	0	3
112	290	0	0.659094454	22.2355133	22.2339572	22.2234709	22.2355747	0.0121038074	0	0	0	0	0	3
113	292	0	0.664979226	22.235522	22.234099	22.2237821	22.2355747	0.0117926296	0	0	0	0	0	3
114	295	0	0.670863998	22.2355306	22.2342372	22.2240839	22.2355747	0.0114908153	0	0	0	0	0	3
115	297	0	0.67674877	22.2355383	22.234372	22.2245257	22.2355747	0.0110490243	0	0	0	0	0	3
116	300	0	0.682633542	22.2355367	22.2345015	22.2249603	22.2355747	0.0106144297	0	0	0	0	0	3
117	302	0	0.688518314	22.2355367	22.234626	22.2253933	22.2355747	0.0101813958	0	0	0	0	0	3
118	305	0	0.694403086	22.2355374	22.2347453	22.2258342	22.2355747	0.00974049504	0	0	0	0	0	3
119	307	0	0.700287858	22.2355356	22.2348594	22.2262865	22.2355747	0.00928825891	0	0	0	0	0	3
120	310	0	0.706172629	22.2355332	22.2349682	22.2270188	22.2355747	0.00855595596	0	0	0	0	0	3
121	312	0	0.712057401	22.2355361	22.2350684	22.2277986	22.2355747	0.00777609823	0	0	0	0	0	3
122	315	0	0.717942173	22.2355396	22.2351595	22.2286325	22.2355747	0.00694223292	0	0	0	0	0	3
123	317	0	0.723826945	22.2355404	22.2352408	22.2295075	22.2355747	0.00606718855	0	0	0	0	0	3
124	320	0	0.729711717	22.2355424	22.2353118	22.2304088	22.2355747	0.00516591457	0	0	0	0	0	3
125	322	0	0.735596489	22.235543	22.2353722	22.2316964	22.2355747	0.00387828251	0	0	0	0	0	3
126	325	0	0.741481261	22.2355333	22.2354173	22.2328653	22.2355747	0.00270942996	0	0	0	0	0	3
127	327	0	0.747366033	22.2355241	22.2354486	22.2338378	22.2355747	0.0017369376	0	0	0	0	0	3
128	329	0	0.753250805	22.2355172	22.2354683	22.2345802	22.2355747	0.00099451392	0	0	0	0	0	3
129	332	0	0.759135577	22.2355131	22.2354793	22.2350909	22.2355747	0.000483787446	0	0	0	0	0	3
130	334	0	0.765020349	22.2355075	22.2354842	22.2353253	22.2355747	0.000249423443	0	0	0	0	0	3
131	337	0	0.770905121	22.2355034	22.2354855	22.2353253	22.2355747	0.000249423443	0	0	0	0	0	3
132	339	0	0.776789892	22.2354978	22.235485	22.2353253	22.2355747	0.000249423443	0	0	0	0	0	3
133	341	0	0.782674664	22.2354928	22.2354841	22.2353253	22.235543	0.000217750547	0	0	0	0	0	3
134	343	0	0.788559436	22.2354871	22.2354834	22.2353253	22.235543	0.000217750547	0	0	0	0	0	3
135	346	0	0.794444208	22.2354818	22.2354834	22.2353253	22.235543	0.000217750547	0	0	0	0	0	3
136	348	0	0.80032898	22.2354792	22.2354841	22.2353253	22.235543	0.000217750547	0	0	0	0	0	3
137	350	0	0.806213752	22.2354755	22.2354853	22.2353253	22.235543	0.000217750547	0	0	0	0	0	3
138	352	0	0.812098524	22.2354699	22.2354868	22.2353253	22.235543	0.000217750547	0	0	0	0	0	3
139	355	0	0.817983296	22.2354643	22.2354885	22.2353267	22.235543	0.000216306197	0	0	0	0	0	3
140	357	0	0.823868068	22.2354585	22.23549	22.2353494	22.235543	0.000193635143	0	0	0	0	0	3
141	359	0	0.82975284	22.2354526	22.2354912	22.2353761	22.235543	0.000166940541	0	0	0	0	0	3
142	361	0	0.835637612	22.2354466	22.2354921	22.2354028	22.235543	0.000140244143	0	0	0	0	0	3
143	364	0	0.841522383	22.235441	22.2354925	22.2354237	22.235543	0.000119357891	0	0	0	0	0	3
144	366	0	0.847407155	22.2354356	22.2354927	22.2354356	22.235543	0.000107470296	0	0	0	0	0	3
145	369	0	0.853291927	22.2354305	22.2354925	22.2354305	22.235543	0.000112534715	0	0	0	0	0	3
146	371	0	0.859176699	22.2354249	22.2354923	22.2354249	22.235543	0.000118176799	0	0	0	0	0	3
147	374	0	0.865061471	22.2354193	22.235492	22.2354193	22.235543	0.000123789924	0	0	0	0	0	3
148	377	0	0.870946243	22.2354164	22.2354917	22.2354164	22.235543	0.000126625101	0	0	0	0	0	3
149	379	0	0.876831015	22.2354129	22.2354912	22.2354129	22.235543	0.000130172161	0	0	0	0	0	3
150	382	0	0.882715787	22.2354104	22.2354908	22.2354104	22.235543	0.000132625398	0	0	0	0	0	3
151	384	0	0.888600559	22.2354077	22.2354902	22.2354077	22.235543	0.000135345369	0	0	0	0	0	3
152	387	0	0.894485331	22.2354067	22.2354896	22.2354067	22.235543	0.000136340302	0	0	0	0	0	3
153	389	0	0.900370103	22.2354072	22.235489	22.2354067	22.235543	0.000136340302	0	0	0	0	0	3
154	392	0	0.906254875	22.2354084	22.2354884	22.2354067	22.235543	0.000136340302	0	0	0	0	0	3
155	394	0	0.912139646	22.235411	22.2354878	22.2354067	22.235543	0.000136340302	0	0	0	0	0	3
156	397	0	0.918024418	22.2354195	22.2354872	22.2354067	22.235543	0.000136340302	0	0	0	0	0	3
157	399	0	0.92390919	22.2354295	22.2354866	22.2354067	22.235543	0.000136340302	0	0	0	0	0	3
158	402	0	0.929793962	22.2354394	22.235486	22.2354067	22.235543	0.000136340302	0	0	0	0	0	3
159	405	0	0.935678734	22.2354479	22.2354855	22.2354067	22.235543	0.000136340302	0	0	0	0	0	3
160	407	0	0.941563506	22.2354551	22.235485	22.2354067	22.235543	0.000136340302	0	0	0	0	0	3
161	410	0	0.947448278	22.235458	22.2354844	22.2354067	22.235543	0.000136340302	0	0	0	0	0	3
162	412	0	0.95333305	22.2354622	22.2354838	22.2354067	22.235543	0.000136340302	0	0	0	0	0	3
163	414	0	0.959217822	22.2354677	22.2354832	22.2354067	22.235543	0.000136340302	0	0	0	0	0	3
164	417	0	0.965102594	22.235472	22.2354825	22.2354067	22.235543	0.000136340302	0	0	0	0	0	3
165	419	0	0.970987366	22.2354768	22.2354819	22.2354067	22.235543	0.000136340302	0	0	0	0	0	3
166	421	0	0.976872137	22.2354765	22.2354812	22.2354067	22.235543	0.000136340302	0	0	0	0	0	3
167	424	0	0.982756909	22.2354761	22.2354805	22.2354067	22.235543	0.000136340302	0	0	0	0	0	3
168	426	0	0.988641681	22.2354762	22.2354798	22.2354067	22.235543	0.000136340302	0	0	0	0	0	3
169	428	0	0.994526453	22.2354753	22.2354791	22.2354067	22.235543	0.000136340302	0	0	0	0	0	3
170	431	0	1.00041123	22.2354731	22.2354784	22.2354067	22.235543	0.000136340302	0.000536961134	0	100	0	0	3
171	433	0	1.006296	22.235476	22.2354777	22.2354067	22.235543	0.000136340302	0.000536961134	0	100	0	0	3
172	436	0	1.01218077	22.2354775	22.2354771	22.2354067	22.235543	0.000136340302	0.000536961134	0	100	0	0	3
173	438	0	1.01806554	22.2354807	22.2354765	22.2354067	22.235543	0.000136340302	0.000536961134	0	100	0	0	3
174	440	0	1.02395031	22.2354845	22.2354761	22.2354067	22.235543	0.000136340302	0.000536961134	0	100	0	0	3
175	443	0	1.02983508	22.2354904	22.2354758	22.2354067	22.235543	0.000136340302	0.000536961134	0	100	0	0	3
176	445	0	1.03571986	22.2354947	22.2354757	22.2354067	22.235543	0.000136340302	0.000536961134	0	100	0	0	3
177	448	0	1.04160463	22.2354984	22.2354756	22.2354067	22.235543	0.000136340302	0.000536961134	0	100	0	0	3
178	450	0	1.0474894	22.2354946	22.2354756	22.2354067	22.235543	0.000136340302	0.000536961134	0	100	0	0	3
179	453	0	1.05337417	22.2354875	22.2354756	22.2354067	22.235543	0.000136340302	0.000536961134	0	100	0	0	3
180	455	0	1.05925894	22.2354816	22.2354757	22.2354067	22.235543	0.000136340302	0.000536961134	0	100	0	0	3
181	458	0	1.06514372	22.2354758	22.2354758	22.2354067	22.235543	0.000136340302	0.000536961134	0	100	0	0	3
182	460	0	1.07102849	22.2354722	22.2354758	22.2354067	22.235543	0.000136340302	0.000536961134	0	100	0	0	3
183	463	0	1.07691326	22.2354692	22.235476	22.2354067	22.235543	0.000136340302	0.000536961134	0	100	0	0	3
184	465	0	1.08279803	22.235466	22.2354762	22.2354067	22.235543	0.000136340302	0.000536961134	0	100	0	0	3
185	468	0	1.0886828	22.235463	22.2354764	22.2354067	22.235543	0.000136340302	0.000536961134	0	100	0	0	3
186	471	0	1.09456758	22.2354591	22.2354766	22.2354067	22.235543	0.000136340302	0.000536961134	0	100	0	0	3
187	473	0	1.10045235	22.2354555	22.2354766	22.2354067	22.235543	0.000136340302	0.000536961134	0	100	0	0	3
188	475	0	1.10633712	22.2354518	22.2354767	22.2354067	22.235543	0.000136340302	0.000536961134	0	100	0	0	3
189	478	0	1.11222189	22.2354539	22.2354767	22.2354067	22.235543	0.000136340302	0.000536961134	0	100	0	0	3
190	480	0	1.11810666	22.2354552	22.2354766	22.2354067	22.235543	0.000136340302	0.000536961134	0	100	0	0	3
191	482	0	1.12399144	22.2354562	22.2354765	22.2354067	22.235543	0.000136340302	0.000536961134	0	100	0	0	3
192	484	0	1.12987621	22.2354572	22.2354764	22.2354067	22.235543	0.000136340302	0.000536961134	0	100	0	0	3
193	486	0	1.13576098	22.2354669	22.2354762	22.2354067	22.235543	0.000136340302	0.000536961134	0	100	0	0	3
194	489	0	1.14164575	22.2354754	22.2354761	22.2354067	22.235543	0.000136340302	0.000536961134	0	100	0	0	3
195	491	0	1.14753052	22.2354828	22.235476	22.2354067	22.235543	0.000136340302	0.000536961134	0	100	0	0	3
196	493	0	1.15341529	22.2354905	22.2354758	22.2354067	22.235543	0.000136340302	0.000536961134	0	100	0	0	3
197	495	0	1.15930007	22.2354979	22.2354756	22.2354067	22.235543	0.000136340302	0.000536961134	0	100	0	0	3
198	497	0	1.16518484	22.235507	22.2354755	22.2354067	22.235543	0.000136340302	0.000536961134	0	100	0	0	3
199	500	0	1.17106961	22.235516	22.2354753	22.2354067	22.235543	0.000136340302	0.000536961134	0	100	0	0	3
200	502	0	1.17695438	22.2355246	22.2354751	22.2354067	22.235543	0.000136340302	0.000536961134	0	100	0	0	3
201	509	0	1.18283915	22.235535	22.2354751	22.2354067	22.235543	0.000136340302	0.000536961134	0	100	0	0	3
202	511	0	1.18872393	22.2355421	22.2354752	22.2354067	22.235543	0.000136340302	0.000536961134	0	100	0	0	3
203	513	0	1.1946087	22.2355377	22.2354752	22.2354067	22.235543	0.000136340302	0.000536961134	0	100	0	0	3
204	515	0	1.20049347	22.2355338	22.2354751	22.2354067	22.235543	0.000136340302	0.000536961134	0	100	0	0	3
205	517	0	1.20637824	22.2355302	22.2354751	22.2354067	22.235543	0.000136340302	0.000536961134	0	100	0	0	3
206	520	0	1.21226301	22.2355237	22.235475	22.2354067	22.235543	0.000136340302	0.000536961134	0	100	0	0	3
207	522	0	1.21814779	22.235519	22.2354747	22.2354067	22.235543	0.000136340302	0.000536961134	0	100	0	0	3
208	524	0	1.22403256	22.2355129	22.2354744	22.2354067	22.235543	0.000136340302	0.000536961134	0	100	0	0	3
209	526	0	1.22991733	22.2355093	22.235474	22.2354067	22.235543	0.000120483197	0.000536961134	0	100	0	0	3
210	528	0	1.2358021	22.2355016	22.2354735	22.2354067	22.2355421	7.53442235e-05	0.000536961134	0	100	0	0	3
211	530	0	1.24168687	22.2354948	22.2354731	22.2354067	22.2355421	4.40640389e-05	0.000536961134	0	100	0	0	3
212	533	0	1.24757165	22.2354877	22.2354726	22.2354067	22.2355421	2.43060463e-05	0.000536961134	0	100	0	0	3
213	535	0	1.25345642	22.2354875	22.2354723	22.2354067	22.2355421	2.03593983e-05	0.000536961134	0	100	0	0	3
214	537	0	1.25934119	22.2354861	22.235472	22.2354067	22.2355421	2.0676533e-05	0.000536961134	0	100	0	0	3
215	539	0	1.26522596	22.2354858	22.2354717	22.2354067	22.2355421	2.09316986e-05	0.000536961134	0	100	0	0	3
216	541	0	1.27111073	22.2354854	22.2354715	22.2354067	22.2355421	2.11430632e-05	0.000536961134	0	100	0	0	3
217	544	0	1.2769955	22.2354856	22.2354714	22.2354067	22.2355421	2.12870984e-05	0.000536961134	0	100	0	0	3
218	546	0	1.28288028	22.2354887	22.2354713	22.2354067	22.2355421	2.13347834e-05	0.000536961134	0	100	0	0	3
219	549	0	1.28876505	22.2354924	22.2354714	22.2354067	22.2355421	2.13347834e-05	0.000536961134	0	100	0	0	3
220	551	0	1.29464982	22.2354877	22.2354714	22.2354067	22.2355421	2.13347834e-05	0.000536961134	0	100	0	0	3
221	554	0	1.30053459	22.2354831	22.2354715	22.2354067	22.2355421	2.13347834e-05	0.000536961134	0	100	0	0	3
222	556	0	1.30641936	22.2354767	22.2354715	22.2354067	22.2355421	2.13347834e-05	0.000536961134	0	100	0	0	3
223	559	0	1.31230414	22.2354731	22.2354715	22.2354067	22.2355421	2.13347834e-05	0.000536961134	0	100	0	0	3
224	561	0	1.31818891	22.2354709	22.2354716	22.2354067	22.2355421	2.13347834e-05	0.000536961134	0	100	0	0	3
225	564	0	1.32407368	22.2354713	22.2354718	22.2354067	22.2355421	2.13347834e-05	0.000536961134	0	100	0	0	3
226	566	0	1.32995845	22.2354693	22.235472	22.2354067	22.2355421	2.13347834e-05	0.000536961134	0	100	0	0	3
227	569	0	1.33584322	22.2354651	22.2354722	22.2354067	22.2355421	2.13347834e-05	0.000536961134	0	100	0	0	3
228	571	0	1.341728	22.2354679	22.2354725	22.2354067	22.2355421	2.13347834e-05	0.000536961134	0	100	0	0	3
229	574	0	1.34761277	22.2354702	22.2354729	22.2354067	22.2355421	2.12041314e-05	0.000536961134	0	100	0	0	3
230	576	0	1.35349754	22.2354723	22.2354734	22.2354067	22.2355421	2.09884303e-05	0.000536961134	0	100	0	0	3
231	579	0	1.35938231	22.2354719	22.235474	22.2354067	22.2355421	2.0692523e-05	0.000536961134	0	100	0	0	3
232	581	0	1.36526708	22.2354696	22.2354745	22.2354067	22.2355421	2.03429879e-05	0.000536961134	0	100	0	0	3
233	584	0	1.37115186	22.2354686	22.2354752	22.2354067	22.2355421	1.99193546e-05	0.000536961134	0	100	0	0	3
234	586	0	1.37703663	22.2354661	22.2354758	22.2354067	22.2355421	1.94395246e-05	0.000536961134	0	100	0	0	3
235	588	0	1.3829214	22.2354588	22.2354764	22.2354067	22.2355421	1.88949926e-05	0.000536961134	0	100	0	0	3
236	591	0	1.38880617	22.235452	22.2354769	22.2354067	22.2355421	1.82986821e-05	0.000536961134	0	100	0	0	3
237	593	0	1.39469094	22.2354481	22.2354774	22.2354072	22.2355421	1.76910653e-05	0.000536961134	0	100	0	0	3
238	595	0	1.40057572	22.2354449	22.2354778	22.2354084	22.2355421	1.70764796e-05	0.000536961134	0	100	0	0	3
239	598	0	1.40646049	22.2354411	22.2354782	22.235411	22.2355421	1.64932566e-05	0.000536961134	0	100	0	0	3
240	600	0	1.41234526	22.2354377	22.2354785	22.2354195	22.2355421	1.58810473e-05	0.000536961134	0	100	0	0	3
241	602	0	1.41823003	22.2354348	22.2354787	22.2354295	22.2355421	1.52932434e-05	0.000536961134	0	100	0	0	3
242	604	0	1.4241148	22.2354304	22.2354787	22.2354304	22.2355421	1.47310077e-05	0.000536961134	0	100	0	0	3
243	607	0	1.42999957	22.2354326	22.2354786	22.2354304	22.2355421	1.41846103e-05	0.000536961134	0	100	0	0	3
244	609	0	1.43588435	22.2354346	22.2354785	22.2354304	22.2355421	1.36655362e-05	0.000536961134	0	100	0	0	3
245	611	0	1.44176912	22.2354398	22.2354783	22.2354304	22.2355421	1.30898486e-05	0.000536961134	0	100	0	0	3
246	614	0	1.44765389	22.2354439	22.2354781	22.2354304	22.2355421	1.24891155e-05	0.000536961134	0	100	0	0	3
247	616	0	1.45353866	22.2354518	22.235478	22.2354304	22.2355421	1.18739742e-05	0.000536961134	0	100	0	0	3
248	619	0	1.45942343	22.2354594	22.2354779	22.2354304	22.2355421	1.12202167e-05	0.000536961134	0	100	0	0	3
249	621	0	1.46530821	22.2354681	22.2354779	22.2354304	22.2355421	1.05538252e-05	0.000536961134	0	100	0	0	3
250	624	0	1.47119298	22.2354754	22.2354778	22.2354304	22.2355421	9.88638024e-06	0.000536961134	0	100	0	0	3
251	626	0	1.47707775	22.2354822	22.2354779	22.2354304	22.2355421	9.20955947e-06	0.000536961134	0	100	0	0	3
252	629	0	1.48296252	22.2354835	22.235478	22.2354304	22.2355421	8.52285081e-06	0.000536961134	0	100	0	0	3
253	631	0	1.48884729	22.2354845	22.2354781	22.2354304	22.2355421	7.79959268e-06	0.000536961134	0	100	0	0	3
254	633	0	1.49473207	22.235487	22.2354782	22.2354304	22.2355421	7.38114423e-06	0.000536961134	0	100	0	0	3
255	636	0	1.50061684	22.2354903	22.2354784	22.2354304	22.2355421	7.38114423e-06	0.000536961134	0	100	0	0	3
256	638	0	1.50650161	22.2354898	22.2354786	22.2354304	22.2355421	7.38114423e-06	0.000536961134	0	100	0	0	3
257	641	0	1.51238638	22.2354895	22.2354787	22.2354304	22.2355421	7.41255638e-06	0.000536961134	0	100	0	0	3
258	643	0	1.51827115	22.2354876	22.2354788	22.2354304	22.2355421	7.49380035e-06	0.000536961134	0	100	0	0	3
259	645	0	1.52415593	22.2354929	22.2354789	22.2354304	22.2355421	7.59229146e-06	0.000536961134	0	100	0	0	3
260	648	0	1.5300407	22.2354966	22.235479	22.2354304	22.2355421	7.6652091e-06	0.000536961134	0	100	0	0	3
261	650	0	1.53592547	22.2354984	22.235479	22.2354304	22.2355421	7.70836746e-06	0.000536961134	0	100	0	0	3
262	653	0	1.54181024	22.2354978	22.235479	22.2354304	22.2355421	7.70836746e-06	0.000536961134	0	100	0	0	3
263	655	0	1.54769501	22.2354989	22.2354791	22.2354304	22.2355421	7.7510896e-06	0.000536961134	0	100	0	0	3
264	657	0	1.55357978	22.2355051	22.2354793	22.2354304	22.2355421	7.9575915e-06	0.000536961134	0	100	0	0	3
265	660	0	1.55946456	22.2355087	22.2354796	22.2354304	22.2355421	8.27630993e-06	0.000536961134	0	100	0	0	3
266	4264	0	1.56534933	22.2355089	22.23548	22.2354304	22.2355421	8.66658931e-06	0.000536961134	0	100	0	0	3
267	4266	0	1.5712341	22.2355136	22.2354805	22.2354304	22.2355421	9.15319635e-06	0.000536961134	0	100	0	0	3
268	4268	0	1.57711887	22.2355163	22.235481	22.2354304	22.2355421	9.70796289e-06	0.000536961134	0	100	0	0	3
269	4271	0	1.58300364	22.2355187	22.2354816	22.2354304	22.2355421	1.03285675e-05	0.000536961134	0	100	0	0	3
270	4274	0	1.58888842	22.235522	22.2354823	22.2354304	22.2355421	1.10222144e-05	0.000536961134	0	100	0	0	3
271	4277	0	1.59477319	22.2355256	22.2354831	22.2354304	22.2355421	1.18049331e-05	0.000536961134	0	100	0	0	3
272	58057	0	1.60065796	22.2355318	22.235484	22.2354304	22.2355421	1.27017722e-05	0.000536961134	0	100	0	0	3
273	58061	0	1.60654273	22.2355369	22.235485	22.2354304	22.2355421	1.3702959e-05	0.000536961134	0	100	0	0	3
274	58065	0	1.6124275	22.235538	22.235486	22.2354304	22.2355421	1.46923637e-05	0.000536961134	0	100	0	0	3
275	58069	0	1.61831228	22.2355405	22.235487	22.2354304	22.2355421	1.56957452e-05	0.000536961134	0	100	0	0	3
276	58072	0	1.62419705	22.2355441	22.235488	22.2354304	22.2355441	1.67303347e-05	0.000536961134	0	100	0	0	3
277	58076	0	1.63008182	22.235544	22.2354891	22.2354304	22.2355441	1.775136e-05	0.000536961134	0	100	0	0	3
278	58080	0	1.63596659	22.2355432	22.23549	22.2354304	22.2355441	1.86489729e-05	0.000536961134	0	100	0	0	3
279	58083	0	1.64185136	22.2355478	22.2354908	22.2354304	22.2355478	1.95010692e-05	0.000536961134	0	100	0	0	3
280	58086	0	1.64773614	22.2355509	22.2354916	22.2354304	22.2355509	2.03019393e-05	0.000536961134	0	100	0	0	3
281	58089	0	1.65362091	22.2355533	22.2354924	22.2354304	22.2355533	2.10412011e-05	0.000536961134	0	100	0	0	3
282	58092	0	1.65950568	22.2355524	22.235493	22.2354304	22.2355533	2.16829937e-05	0.000536961134	0	100	0	0	3
283	58095	0	1.66539045	22.2355459	22.2354935	22.2354304	22.2355533	2.21414268e-05	0.000536961134	0	100	0	0	3
284	58098	0	1.67127522	22.2355386	22.2354937	22.2354304	22.2355533	2.24073065e-05	0.000536961134	0	100	0	0	3
285	58101	0	1.67716	22.2355294	22.2354938	22.2354304	22.2355533	2.24646239e-05	0.000536961134	0	100	0	0	3
286	58104	0	1.68304477	22.2355213	22.2354936	22.2354304	22.2355533	2.24646239e-05	0.000536961134	0	100	0	0	3
287	58107	0	1.68892954	22.2355152	22.2354933	22.2354304	22.2355533	2.24646239e-05	0.000536961134	0	100	0	0	3
288	58110	0	1.69481431	22.2355088	22.235493	22.2354304	22.2355533	2.24646239e-05	0.000536961134	0	100	0	0	3
289	58113	0	1.70069908	22.2355026	22.2354926	22.2354304	22.2355533	2.24646239e-05	0.000536961134	0	100	0	0	3
290	58116	0	1.70658385	22.2355021	22.2354923	22.2354304	22.2355533	2.24646239e-05	0.000536961134	0	100	0	0	3
291	58118	0	1.71246863	22.235503	22.235492	22.2354304	22.2355533	2.24646239e-05	0.000536961134	0	100	0	0	3
292	58121	0	1.7183534	22.2355037	22.2354918	22.2354304	22.2355533	2.24646239e-05	0.000536961134	0	100	0	0	3
293	58123	0	1.72423817	22.2355054	22.2354918	22.2354304	22.2355533	2.24646239e-05	0.000536961134	0	100	0	0	3
294	58126	0	1.73012294	22.2355051	22.2354917	22.2354304	22.2355533	2.24646239e-05	0.000536961134	0	100	0	0	3
295	58129	0	1.73600771	22.2355082	22.2354918	22.2354304	22.2355533	2.24646239e-05	0.000536961134	0	100	0	0	3
296	58132	0	1.74189249	22.2355113	22.235492	22.2354304	22.2355533	2.24646239e-05	0.000536961134	0	100	0	0	3
297	58134	0	1.74777726	22.2355038	22.2354922	22.2354304	22.2355533	2.24646239e-05	0.000536961134	0	100	0	0	3
298	58137	0	1.75366203	22.2354968	22.2354923	22.2354304	22.2355533	2.24646239e-05	0.000536961134	0	100	0	0	3
299	58140	0	1.7595468	22.2354859	22.2354923	22.2354304	22.2355533	2.24646239e-05	0.000536961134	0	100	0	0	3
300	58142	0	1.76543157	22.2354787	22.2354922	22.2354304	22.2355533	2.24646239e-05	0.000536961134	0	100	0	0	3
301	58149	0	1.77131635	22.2354725	22.235492	22.2354304	22.2355533	2.24646239e-05	0.000536961134	0	100	0	0	3
302	58151	0	1.77720112	22.2354669	22.2354918	22.2354304	22.2355533	2.24646239e-05	0.000536961134	0	100	0	0	3
303	58154	0	1.78308589	22.2354626	22.2354915	22.2354304	22.2355533	2.24026265e-05	0.000536961134	0	100	0	0	3
304	58157	0	1.78897066	22.23546	22.2354911	22.2354304	22.2355533	2.23334291e-05	0.000536961134	0	100	0	0	3
305	58159	0	1.79485543	22.2354551	22.2354907	22.2354304	22.2355533	2.22877734e-05	0.000536961134	0	100	0	0	3
306	58162	0	1.80074021	22.2354514	22.2354904	22.2354304	22.2355533	2.22738588e-05	0.000536961134	0	100	0	0	3
307	58164	0	1.80662498	22.2354506	22.2354901	22.2354304	22.2355533	2.22362923e-05	0.000536961134	0	100	0	0	3
308	58167	0	1.81250975	22.2354527	22.2354898	22.2354304	22.2355533	2.2158843e-05	0.000536961134	0	100	0	0	3
309	58169	0	1.81839452	22.2354547	22.2354896	22.2354304	22.2355533	2.20088213e-05	0.000536961134	0	100	0	0	3
310	58172	0	1.82427929	22.2354564	22.2354895	22.2354304	22.2355533	2.18123849e-05	0.000536961134	0	100	0	0	3
311	58174	0	1.83016406	22.2354586	22.2354893	22.2354304	22.2355533	2.15942357e-05	0.000536961134	0	100	0	0	3
312	58177	0	1.83604884	22.2354635	22.2354893	22.2354304	22.2355533	2.12782248e-05	0.000536961134	0	100	0	0	3
313	58179	0	1.84193361	22.2354714	22.2354894	22.2354304	22.2355533	2.087125e-05	0.000536961134	0	100	0	0	3
314	58182	0	1.84781838	22.2354762	22.2354894	22.2354304	22.2355533	2.03799812e-05	0.000536961134	0	100	0	0	3
315	58184	0	1.85370315	22.2354795	22.2354895	22.2354304	22.2355533	1.98268361e-05	0.000536961134	0	100	0	0	3
316	58187	0	1.85958792	22.2354851	22.2354897	22.2354304	22.2355533	1.92342849e-05	0.000536961134	0	100	0	0	3
317	58189	0	1.8654727	22.2354908	22.2354899	22.2354304	22.2355533	1.8620278e-05	0.000536961134	0	100	0	0	3
318	58192	0	1.87135747	22.2354968	22.2354902	22.2354304	22.2355533	1.79936193e-05	0.000536961134	0	100	0	0	3
319	58195	0	1.87724224	22.2355051	22.2354907	22.2354304	22.2355533	1.74243145e-05	0.000536961134	0	100	0	0	3
320	58198	0	1.88312701	22.2355043	22.2354912	22.2354304	22.2355533	1.6903693e-05	0.000536961134	0	100	0	0	3
321	58200	0	1.88901178	22.2355033	22.2354918	22.2354304	22.2355533	1.64168546e-05	0.000536961134	0	100	0	0	3
322	58203	0	1.89489656	22.2355026	22.2354925	22.2354304	22.2355533	1.59730138e-05	0.000536961134	0	100	0	0	3
323	58206	0	1.90078133	22.2355013	22.2354931	22.2354304	22.2355533	1.5947865e-05	0.000536961134	0	100	0	0	3
324	58208	0	1.9066661	22.2354973	22.2354938	22.2354304	22.2355533	1.59759773e-05	0.000536961134	0	100	0	0	3
325	58211	0	1.91255087	22.2354933	22.2354945	22.2354304	22.2355533	1.66297799e-05	0.000536961134	0	100	0	0	3
326	58214	0	1.91843564	22.2354925	22.2354951	22.2354304	22.2355533	1.73080066e-05	0.000536961134	0	100	0	0	3
327	58216	0	1.92432042	22.2354894	22.2354958	22.2354326	22.2355533	1.80022698e-05	0.000536961134	0	100	0	0	3
328	58219	0	1.93020519	22.2354836	22.2354964	22.2354346	22.2355533	1.86029737e-05	0.000536961134	0	100	0	0	3
329	58221	0	1.93608996	22.2354777	22.2354969	22.2354398	22.2355533	1.91094599e-05	0.000536961134	0	100	0	0	3
330	58224	0	1.94197473	22.2354775	22.2354974	22.2354439	22.2355533	1.95537462e-05	0.000536961134	0	100	0	0	3
331	58226	0	1.9478595	22.2354764	22.2354978	22.2354506	22.2355533	1.99358268e-05	0.000536961134	0	100	0	0	3
332	58229	0	1.95374427	22.2354719	22.235498	22.2354506	22.2355533	2.01720573e-05	0.000536961134	0	100	0	0	3
333	58231	0	1.95962905	22.2354701	22.2354981	22.2354506	22.2355533	2.02981112e-05	0.000536961134	0	100	0	0	3
334	58233	0	1.96551382	22.2354692	22.2354981	22.2354506	22.2355533	2.03114119e-05	0.000536961134	0	100	0	0	3
335	58236	0	1.97139859	22.2354672	22.235498	22.2354506	22.2355533	2.02438906e-05	0.000536961134	0	100	0	0	3
336	58238	0	1.97728336	22.2354695	22.2354979	22.2354506	22.2355533	2.0156261e-05	0.000536961134	0	100	0	0	3
337	58241	0	1.98316813	22.2354729	22.2354978	22.2354506	22.2355533	2.00585596e-05	0.000536961134	0	100	0	0	3
338	58243	0	1.98905291	22.23548	22.2354977	22.2354506	22.2355533	1.99211069e-05	0.000536961134	0	100	0	0	3
339	58246	0	1.99493768	22.2354869	22.2354977	22.2354506	22.2355533	1.97193434e-05	0.000536961134	0	100	0	0	3
340	58248	0	2.00082245	22.2354917	22.2354977	22.2354506	22.2355533	1.95569124e-05	0.000536961134	0	100	0	0	3
341	58251	0	2.00670722	22.2354989	22.2354978	22.2354506	22.2355533	1.94156144e-05	0.000536961134	0	100	0	0	3
342	58253	0	2.01259199	22.2355063	22.235498	22.2354506	22.2355533	1.93343704e-05	0.000536961134	0	100	0	0	3
343	58256	0	2.01847677	22.2355132	22.2354983	22.2354506	22.2355533	1.94323116e-05	0.000536961134	0	100	0	0	3
344	58259	0	2.02436154	22.2355189	22.2354986	22.2354506	22.2355533	1.9665482e-05	0.000536961134	0	100	0	0	3
345	58262	0	2.03024631	22.2355288	22.235499	22.2354506	22.2355533	2.00090745e-05	0.000536961134	0	100	0	0	3
346	58264	0	2.03613108	22.2355381	22.2354995	22.2354506	22.2355533	2.04767048e-05	0.000536961134	0	100	0	0	3
347	58267	0	2.04201585	22.2355465	22.2355001	22.2354506	22.2355533	2.09996442e-05	0.000536961134	0	100	0	0	3
348	58270	0	2.04790063	22.2355464	22.2355006	22.2354506	22.2355533	2.13525897e-05	0.000536961134	0	100	0	0	3
349	58273	0	2.0537854	22.2355478	22.2355011	22.2354506	22.2355533	2.15365852e-05	0.000536961134	0	100	0	0	3
350	58275	0	2.05967017	22.2355387	22.2355015	22.2354506	22.2355533	2.15002317e-05	0.000536961134	0	100	0	0	3
351	58278	0	2.06555494	22.2355421	22.2355019	22.2354506	22.2355533	2.14032643e-05	0.000536961134	0	100	0	0	3
352	58280	0	2.07143971	22.2355395	22.2355022	22.2354506	22.2355533	2.11530389e-05	0.000536961134	0	100	0	0	3
353	58283	0	2.07732449	22.2355393	22.2355024	22.2354506	22.2355533	2.08022831e-05	0.000536961134	0	100	0	0	3
354	58285	0	2.08320926	22.2355401	22.2355027	22.2354506	22.2355533	2.03596611e-05	0.000536961134	0	100	0	0	3
355	58288	0	2.08909403	22.2355423	22.2355029	22.2354506	22.2355533	1.98155907e-05	0.000536961134	0	100	0	0	3
356	58290	0	2.0949788	22.2355439	22.2355032	22.2354506	22.2355533	1.91339005e-05	0.000536961134	0	100	0	0	3
357	58293	0	2.10086357	22.2355387	22.2355032	22.2354506	22.2355533	1.82136188e-05	0.000536961134	0	100	0	0	3
358	58295	0	2.10674834	22.23554	22.2355033	22.2354506	22.2355533	1.72607775e-05	0.000536961134	0	100	0	0	3
359	58298	0	2.11263312	22.2355329	22.2355032	22.2354506	22.2355533	1.62573959e-05	0.000536961134	0	100	0	0	3
360	58300	0	2.11851789	22.235524	22.235503	22.2354506	22.2355533	1.52228064e-05	0.000536961134	0	100	0	0	3
361	58303	0	2.12440266	22.2355131	22.2355027	22.2354506	22.2355533	1.42017811e-05	0.000536961134	0	100	0	0	3
362	58306	0	2.13028743	22.235505	22.2355022	22.2354506	22.2355533	1.39577274e-05	0.000536961134	0	100	0	0	3
363	58308	0	2.1361722	22.2354971	22.2355016	22.2354506	22.2355533	1.39577274e-05	0.000536961134	0	100	0	0	3
364	58311	0	2.14205698	22.2354911	22.235501	22.2354506	22.2355533	1.39577274e-05	0.000536961134	0	100	0	0	3
365	58314	0	2.14794175	22.2354823	22.2355002	22.2354506	22.2355533	1.39577274e-05	0.000536961134	0	100	0	0	3
366	58316	0	2.15382652	22.2354734	22.2354992	22.2354506	22.2355524	1.39577274e-05	0.000536961134	0	100	0	0	3
367	58319	0	2.15971129	22.2354655	22.2354982	22.2354506	22.2355478	1.39577274e-05	0.000536961134	0	100	0	0	3
368	58321	0	2.16559606	22.235458	22.2354972	22.2354506	22.2355478	1.39577274e-05	0.000536961134	0	100	0	0	3
369	58324	0	2.17148084	22.2354517	22.2354962	22.2354506	22.2355478	1.39577274e-05	0.000536961134	0	100	0	0	3
370	58327	0	2.17736561	22.2354455	22.2354952	22.2354455	22.2355478	1.39577274e-05	0.000536961134	0	100	0	0	3
371	58329	0	2.18325038	22.2354393	22.2354942	22.2354393	22.2355478	1.39577274e-05	0.000536961134	0	100	0	0	3
372	58332	0	2.18913515	22.235435	22.2354933	22.235435	22.2355478	1.39577274e-05	0.000536961134	0	100	0	0	3
373	58335	0	2.19501992	22.235431	22.2354923	22.235431	22.2355478	1.39577274e-05	0.000536961134	0	100	0	0	3
374	58337	0	2.2009047	22.2354267	22.2354915	22.2354267	22.2355478	1.39577274e-05	0.000536961134	0	100	0	0	3
375	58340	0	2.20678947	22.2354244	22.2354905	22.2354244	22.2355478	1.39577274e-05	0.000536961134	0	100	0	0	3
376	58342	0	2.21267424	22.2354291	22.2354897	22.2354244	22.2355478	1.39577274e-05	0.000536961134	0	100	0	0	3
377	58344	0	2.21855901	22.2354327	22.2354888	22.2354244	22.2355478	1.44385464e-05	0.000536961134	0	100	0	0	3
378	58347	0	2.22444378	22.2354341	22.235488	22.2354244	22.2355478	1.52770929e-05	0.000536961134	0	100	0	0	3
379	58349	0	2.23032855	22.2354393	22.2354872	22.2354244	22.2355478	1.60518711e-05	0.000536961134	0	100	0	0	3
380	58352	0	2.23621333	22.2354468	22.2354865	22.2354244	22.2355478	1.67740967e-05	0.000536961134	0	100	0	0	3
381	58354	0	2.2420981	22.2354533	22.2354858	22.2354244	22.2355478	1.74559608e-05	0.000536961134	0	100	0	0	3
382	58357	0	2.24798287	22.2354591	22.2354853	22.2354244	22.2355478	1.79812836e-05	0.000536961134	0	100	0	0	3
383	58359	0	2.25386764	22.2354688	22.235485	22.2354244	22.2355478	1.83106982e-05	0.000536961134	0	100	0	0	3
384	58362	0	2.25975241	22.2354784	22.2354849	22.2354244	22.2355478	1.83981081e-05	0.000536961134	0	100	0	0	3
385	58365	0	2.26563719	22.2354887	22.235485	22.2354244	22.2355478	1.83981081e-05	0.000536961134	0	100	0	0	3
386	58368	0	2.27152196	22.2354962	22.2354853	22.2354244	22.2355478	1.83981081e-05	0.000536961134	0	100	0	0	3
387	58371	0	2.27740673	22.2355051	22.2354857	22.2354244	22.2355478	1.83981081e-05	0.000536961134	0	100	0	0	3
388	58373	0	2.2832915	22.235516	22.2354863	22.2354244	22.2355478	1.83981081e-05	0.000536961134	0	100	0	0	3
389	58376	0	2.28917627	22.2355233	22.2354871	22.2354244	22.2355478	1.83981081e-05	0.000536961134	0	100	0	0	3
390	58379	0	2.29506105	22.2355273	22.2354879	22.2354244	22.2355478	1.83981081e-05	0.000536961134	0	100	0	0	3
391	58381	0	2.30094582	22.235537	22.235489	22.2354244	22.2355478	1.83981081e-05	0.000536961134	0	100	0	0	3
392	58384	0	2.30683059	22.2355446	22.2354901	22.2354244	22.2355478	1.83981081e-05	0.000536961134	0	100	0	0	3
393	58387	0	2.31271536	22.2355367	22.235491	22.2354244	22.2355478	1.83981081e-05	0.000536961134	0	100	0	0	3
394	58390	0	2.31860013	22.2355329	22.235492	22.2354244	22.2355478	1.83981081e-05	0.000536961134	0	100	0	0	3
395	58392	0	2.32448491	22.2355263	22.2354928	22.2354244	22.2355478	1.83981081e-05	0.000536961134	0	100	0	0	3
396	58395	0	2.33036968	22.2355208	22.2354935	22.2354244	22.2355478	1.83981081e-05	0.000536961134	0	100	0	0	3
397	58397	0	2.33625445	22.2355221	22.2354942	22.2354244	22.2355478	1.83981081e-05	0.000536961134	0	100	0	0	3
398	58400	0	2.34213922	22.2355226	22.2354948	22.2354244	22.2355478	1.83981081e-05	0.000536961134	0	100	0	0	3
399	58402	0	2.34802399	22.2355238	22.2354954	22.2354244	22.2355478	1.83981081e-05	0.000536961134	0	100	0	0	3
400	58405	0	2.35390876	22.2355249	22.2354959	22.2354244	22.2355478	1.83981081e-05	0.000536961134	0	100	0	0	3
401	58412	0	2.35979354	22.2355284	22.2354964	22.2354244	22.2355478	1.83981081e-05	0.000536961134	0	100	0	0	3
402	58415	0	2.36567831	22.2355278	22.2354968	22.2354244	22.2355478	1.83981081e-05	0.000536961134	0	100	0	0	3
403	58418	0	2.37156308	22.2355278	22.2354972	22.2354244	22.2355478	1.83981081e-05	0.000536961134	0	100	0	0	3
404	58420	0	2.37744785	22.2355276	22.2354975	22.2354244	22.2355478	1.83981081e-05	0.000536961134	0	100	0	0	3
405	58423	0	2.38333262	22.2355197	22.2354977	22.2354244	22.2355478	1.83981081e-05	0.000536961134	0	100	0	0	3
406	58426	0	2.3892174	22.2355145	22.2354978	22.2354244	22.2355478	1.83981081e-05	0.000536961134	0	100	0	0	3
407	58428	0	2.39510217	22.2355073	22.2354978	22.2354244	22.2355478	1.83981081e-05	0.000536961134	0	100	0	0	3
408	58431	0	2.40098694	22.2355022	22.2354979	22.2354244	22.2355478	1.83981081e-05	0.000536961134	0	100	0	0	3
409	58433	0	2.40687171	22.2354975	22.2354979	22.2354244	22.2355478	1.83981081e-05	0.000536961134	0	100	0	0	3
410	58436	0	2.41275648	22.235493	22.2354979	22.2354244	22.2355478	1.83981081e-05	0.000536961134	0	100	0	0	3
411	58438	0	2.41864126	22.2354948	22.2354979	22.2354244	22.2355478	1.83981081e-05	0.000536961134	0	100	0	0	3
412	58441	0	2.42452603	22.2354956	22.235498	22.2354244	22.2355478	1.83981081e-05	0.000536961134	0	100	0	0	3
413	58443	0	2.4304108	22.2354896	22.235498	22.2354244	22.2355478	1.83981081e-05	0.000536961134	0	100	0	0	3
414	58446	0	2.43629557	22.2354826	22.2354981	22.2354244	22.2355478	1.83981081e-05	0.000536961134	0	100	0	0	3
415	58448	0	2.44218034	22.2354788	22.2354981	22.2354244	22.2355478	1.83981081e-05	0.000536961134	0	100	0	0	3
416	58450	0	2.44806512	22.2354724	22.235498	22.2354244	22.2355478	1.83981081e-05	0.000536961134	0	100	0	0	3
417	58453	0	2.45394989	22.2354657	22.235498	22.2354244	22.2355478	1.83981081e-05	0.000536961134	0	100	0	0	3
418	58455	0	2.45983466	22.23546	22.2354979	22.2354244	22.2355478	1.83981081e-05	0.000536961134	0	100	0	0	3
419	58457	0	2.46571943	22.2354546	22.2354977	22.2354244	22.2355478	1.83981081e-05	0.000536961134	0	100	0	0	3
420	58460	0	2.4716042	22.2354504	22.2354975	22.2354244	22.2355478	1.83981081e-05	0.000536961134	0	100	0	0	3
421	58463	0	2.47748898	22.2354456	22.2354972	22.2354244	22.2355478	1.83981081e-05	0.000536961134	0	100	0	0	3
422	58465	0	2.48337375	22.2354401	22.2354968	22.2354244	22.2355478	1.83981081e-05	0.000536961134	0	100	0	0	3
423	58467	0	2.48925852	22.2354349	22.2354963	22.2354244	22.2355478	1.83981081e-05	0.000536961134	0	100	0	0	3
424	58470	0	2.49514329	22.2354307	22.2354956	22.2354244	22.2355478	1.83981081e-05	0.000536961134	0	100	0	0	3
425	58473	0	2.50102806	22.235426	22.2354949	22.2354244	22.2355478	1.83981081e-05	0.000536961134	0	100	0	0	3
426	58475	0	2.50691283	22.2354213	22.2354939	22.2354213	22.2355478	1.83981081e-05	0.000536961134	0	100	0	0	3
427	58478	0	2.51279761	22.2354184	22.2354929	22.2354184	22.2355478	1.83981081e-05	0.000536961134	0	100	0	0	3
428	58480	0	2.51868238	22.2354155	22.2354918	22.2354155	22.2355478	1.83981081e-05	0.000536961134	0	100	0	0	3
429	58483	0	2.52456715	22.2354131	22.2354905	22.2354131	22.2355478	1.83981081e-05	0.000536961134	0	100	0	0	3
430	58485	0	2.53045192	22.2354116	22.2354891	22.2354116	22.2355478	1.83981081e-05	0.000536961134	0	100	0	0	3
431	58488	0	2.53633669	22.235418	22.2354877	22.2354116	22.2355478	1.83981081e-05	0.000536961134	0	100	0	0	3
432	58490	0	2.54222147	22.2354232	22.2354863	22.2354116	22.2355478	1.83981081e-05	0.000536961134	0	100	0	0	3
433	58493	0	2.54810624	22.2354282	22.2354849	22.2354116	22.2355478	1.83981081e-05	0.000536961134	0	100	0	0	3
434	58495	0	2.55399101	22.2354312	22.2354835	22.2354116	22.2355446	1.97595219e-05	0.000536961134	0	100	0	0	3
435	58498	0	2.55987578	22.2354287	22.2354822	22.2354116	22.2355446	2.10543076e-05	0.000536961134	0	100	0	0	3
436	58500	0	2.56576055	22.2354272	22.2354809	22.2354116	22.2355446	2.24057828e-05	0.000536961134	0	100	0	0	3
437	58503	0	2.57164533	22.2354274	22.2354795	22.2354116	22.2355446	2.37247328e-05	0.000536961134	0	100	0	0	3
438	58505	0	2.5775301	22.235428	22.2354782	22.2354116	22.2355446	2.50332887e-05	0.000536961134	0	100	0	0	3
439	58508	0	2.58341487	22.2354284	22.2354769	22.2354116	22.2355446	2.63472022e-05	0.000536961134	0	100	0	0	3
440	58510	0	2.58929964	22.2354275	22.2354756	22.2354116	22.2355446	2.76971734e-05	0.000536961134	0	100	0	0	3
441	58513	0	2.59518441	22.235435	22.2354743	22.2354116	22.2355446	2.89787529e-05	0.000536961134	0	100	0	0	3
442	58516	0	2.60106919	22.2354416	22.2354732	22.2354116	22.2355446	3.01202519e-05	0.000536961134	0	100	0	0	3
443	58518	0	2.60695396	22.2354458	22.235472	22.2354116	22.2355446	3.11683023e-05	0.000536961134	0	100	0	0	3
444	58521	0	2.61283873	22.2354537	22.2354711	22.2354116	22.2355446	3.19062949e-05	0.000536961134	0	100	0	0	3
445	58523	0	2.6187235	22.2354609	22.2354704	22.2354116	22.2355446	3.22833016e-05	0.000536961134	0	100	0	0	3
446	58526	0	2.62460827	22.2354653	22.2354698	22.2354116	22.2355446	3.23857722e-05	0.000536961134	0	100	0	0	3
447	58529	0	2.63049304	22.235465	22.2354693	22.2354116	22.2355446	3.23127012e-05	0.000536961134	0	100	0	0	3
448	58531	0	2.63637782	22.235464	22.2354689	22.2354116	22.2355446	3.20357029e-05	0.000536961134	0	100	0	0	3
449	58534	0	2.64226259	22.2354639	22.2354686	22.2354116	22.2355446	3.15494381e-05	0.000536961134	0	100	0	0	3
450	58536	0	2.64814736	22.2354621	22.2354684	22.2354116	22.2355446	3.0846689e-05	0.000536961134	0	100	0	0	3
451	58539	0	2.65403213	22.2354657	22.2354683	22.2354116	22.2355446	2.99136254e-05	0.000536961134	0	100	0	0	3
452	58542	0	2.6599169	22.2354698	22.2354683	22.2354116	22.2355446	2.97978188e-05	0.000536961134	0	100	0	0	3
453	58544	0	2.66580168	22.2354755	22.2354686	22.2354116	22.2355446	2.97978188e-05	0.000536961134	0	100	0	0	3
454	58547	0	2.67168645	22.2354793	22.2354689	22.2354116	22.2355446	2.97978188e-05	0.000536961134	0	100	0	0	3
455	58549	0	2.67757122	22.2354847	22.2354693	22.2354116	22.2355446	2.97978188e-05	0.000536961134	0	100	0	0	3
456	58552	0	2.68345599	22.2354827	22.2354699	22.2354116	22.2355446	2.97978188e-05	0.000536961134	0	100	0	0	3
457	58554	0	2.68934076	22.2354832	22.2354704	22.2354116	22.2355446	2.97978188e-05	0.000536961134	0	100	0	0	3
458	58557	0	2.69522554	22.2354773	22.235471	22.2354116	22.2355446	2.97978188e-05	0.000536961134	0	100	0	0	3
459	58559	0	2.70111031	22.235476	22.2354715	22.2354116	22.2355446	2.97978188e-05	0.000536961134	0	100	0	0	3
460	58562	0	2.70699508	22.2354699	22.2354721	22.2354116	22.2355446	2.97978188e-05	0.000536961134	0	100	0	0	3
461	58564	0	2.71287985	22.2354668	22.2354725	22.2354116	22.2355446	2.97978188e-05	0.000536961134	0	100	0	0	3
462	58566	0	2.71876462	22.235464	22.2354729	22.2354116	22.2355446	2.97978188e-05	0.000536961134	0	100	0	0	3
463	58569	0	2.7246494	22.2354676	22.2354733	22.2354116	22.2355446	2.97978188e-05	0.000536961134	0	100	0	0	3
464	58571	0	2.73053417	22.2354722	22.2354737	22.2354116	22.2355446	2.97978188e-05	0.000536961134	0	100	0	0	3
465	58574	0	2.73641894	22.2354735	22.235474	22.2354116	22.2355446	2.97978188e-05	0.000536961134	0	100	0	0	3
466	58576	0	2.74230371	22.2354755	22.2354742	22.2354116	22.2355446	2.97978188e-05	0.000536961134	0	100	0	0	3
467	58579	0	2.74818848	22.2354721	22.2354744	22.2354116	22.2355446	2.97978188e-05	0.000536961134	0	100	0	0	3
468	58581	0	2.75407326	22.2354703	22.2354744	22.2354116	22.2355446	2.97978188e-05	0.000536961134	0	100	0	0	3
469	58584	0	2.75995803	22.2354717	22.2354743	22.2354116	22.2355446	2.97978188e-05	0.000536961134	0	100	0	0	3
470	58587	0	2.7658428	22.2354651	22.2354741	22.2354116	22.2355446	2.97978188e-05	0.000536961134	0	100	0	0	3
471	58589	0	2.77172757	22.2354586	22.2354736	22.2354116	22.2355446	2.97978188e-05	0.000536961134	0	100	0	0	3
472	58592	0	2.77761234	22.2354541	22.235473	22.2354116	22.2355446	2.97978188e-05	0.000536961134	0	100	0	0	3
473	58594	0	2.78349711	22.2354506	22.2354722	22.2354116	22.2355446	2.97978188e-05	0.000536961134	0	100	0	0	3
474	58596	0	2.78938189	22.2354467	22.2354713	22.2354116	22.2355446	2.97978188e-05	0.000536961134	0	100	0	0	3
475	58599	0	2.79526666	22.2354424	22.2354703	22.2354116	22.2355446	2.97978188e-05	0.000536961134	0	100	0	0	3
476	58601	0	2.80115143	22.2354384	22.2354692	22.2354116	22.2355446	2.97978188e-05	0.000536961134	0	100	0	0	3
477	58603	0	2.8070362	22.2354359	22.2354679	22.2354116	22.2355367	3.01870039e-05	0.000536961134	0	100	0	0	3
478	58606	0	2.81292097	22.2354319	22.2354667	22.2354116	22.2355329	3.14197614e-05	0.000536961134	0	100	0	0	3
479	58608	0	2.81880575	22.2354252	22.2354654	22.2354116	22.2355284	3.26864582e-05	0.000536961134	0	100	0	0	3
480	58611	0	2.82469052	22.2354216	22.2354642	22.2354116	22.2355284	3.3918105e-05	0.000536961134	0	100	0	0	3
481	58613	0	2.83057529	22.2354204	22.235463	22.2354116	22.2355284	3.50998581e-05	0.000536961134	0	100	0	0	3
482	58616	0	2.83646006	22.2354181	22.2354618	22.2354116	22.2355284	3.63229116e-05	0.000536961134	0	100	0	0	3
483	58618	0	2.84234483	22.235415	22.2354605	22.2354116	22.2355284	3.7588624e-05	0.000536961134	0	100	0	0	3
484	58620	0	2.84822961	22.2354123	22.2354592	22.2354116	22.2355284	3.89007517e-05	0.000536961134	0	100	0	0	3
485	58623	0	2.85411438	22.2354112	22.2354579	22.2354112	22.2355284	4.02385069e-05	0.000536961134	0	100	0	0	3
486	58625	0	2.85999915	22.2354124	22.2354565	22.2354112	22.2355278	4.16033598e-05	0.000536961134	0	100	0	0	3
487	58628	0	2.86588392	22.2354176	22.2354552	22.2354112	22.2355278	4.29004018e-05	0.000536961134	0	100	0	0	3
488	58631	0	2.87176869	22.2354286	22.235454	22.2354112	22.2355276	4.40672917e-05	0.000536961134	0	100	0	0	3
489	58633	0	2.87765347	22.2354385	22.235453	22.2354112	22.2355197	4.51151183e-05	0.000536961134	0	100	0	0	3
490	58636	0	2.88353824	22.2354426	22.2354521	22.2354112	22.2355145	4.60218502e-05	0.000536961134	0	100	0	0	3
491	58638	0	2.88942301	22.2354405	22.2354512	22.2354112	22.2355073	4.68928761e-05	0.000536961134	0	100	0	0	3
492	58641	0	2.89530778	22.2354438	22.2354505	22.2354112	22.2355022	4.76402666e-05	0.000536961134	0	100	0	0	3
493	58643	0	2.90119255	22.2354528	22.2354499	22.2354112	22.2354975	4.82214365e-05	0.000536961134	0	100	0	0	3
494	58646	0	2.90707732	22.2354625	22.2354495	22.2354112	22.2354956	4.86331309e-05	0.000536961134	0	100	0	0	3
495	58649	0	2.9129621	22.2354707	22.2354492	22.2354112	22.2354956	4.88954341e-05	0.000536961134	0	100	0	0	3
496	58651	0	2.91884687	22.2354811	22.235449	22.2354112	22.2354956	4.90557095e-05	0.000536961134	0	100	0	0	3
497	58654	0	2.92473164	22.2354846	22.2354489	22.2354112	22.2354896	4.91845231e-05	0.000536961134	0	100	0	0	3
498	58656	0	2.93061641	22.2354869	22.2354489	22.2354112	22.2354869	4.92158353e-05	0.000536961134	0	100	0	0	3
499	58659	0	2.93650118	22.2354855	22.2354489	22.2354112	22.2354869	4.92158353e-05	0.000536961134	0	100	0	0	3
500	58661	0	2.94238596	22.2354866	22.235449	22.2354112	22.2354869	4.91687451e-05	0.000536961134	0	100	0	0	3
501	58668	0	2.94827073	22.235487	22.2354492	22.2354112	22.235487	4.90959185e-05	0.000536961134	0	100	0	0	3
502	58671	0	2.9541555	22.2354876	22.2354494	22.2354112	22.2354876	4.89763131e-05	0.000536961134	0	100	0	0	3
503	58673	0	2.96004027	22.2354872	22.2354498	22.2354112	22.2354876	4.8804531e-05	0.000536961134	0	100	0	0	3
504	58676	0	2.96592504	22.2354871	22.2354501	22.2354112	22.2354876	4.8606336e-05	0.000536961134	0	100	0	0	3
505	58678	0	2.97180982	22.2354814	22.2354505	22.2354112	22.2354876	4.83250483e-05	0.000536961134	0	100	0	0	3
506	58680	0	2.97769459	22.2354756	22.2354509	22.2354112	22.2354876	4.79391888e-05	0.000536961134	0	100	0	0	3
507	58683	0	2.98357936	22.2354685	22.2354512	22.2354112	22.2354876	4.74080264e-05	0.000536961134	0	100	0	0	3
508	58685	0	2.98946413	22.23546	22.2354515	22.2354112	22.2354876	4.67475427e-05	0.000536961134	0	100	0	0	3
509	58688	0	2.9953489	22.235455	22.2354518	22.2354112	22.2354876	4.59740381e-05	0.000536961134	0	100	0	0	3
510	58690	0	3.00123368	22.235449	22.235452	22.2354112	22.2354876	4.50621139e-05	0.000536961134	0	100	0	0	3
511	58693	0	3.00711845	22.2354477	22.2354524	22.2354112	22.2354876	4.40285133e-05	0.000536961134	0	100	0	0	3
512	58695	0	3.01300322	22.2354455	22.2354527	22.2354112	22.2354876	4.28792114e-05	0.000536961134	0	100	0	0	3
513	58698	0	3.01888799	22.235443	22.235453	22.2354112	22.2354876	4.16351664e-05	0.000536961134	0	100	0	0	3
514	58700	0	3.02477276	22.2354466	22.2354534	22.2354112	22.2354876	4.02560664e-05	0.000536961134	0	100	0	0	3
515	58703	0	3.03065753	22.2354465	22.2354538	22.2354112	22.2354876	3.88432351e-05	0.000536961134	0	100	0	0	3
516	58705	0	3.03654231	22.235447	22.2354541	22.2354112	22.2354876	3.73931127e-05	0.000536961134	0	100	0	0	3
517	58708	0	3.04242708	22.235445	22.2354544	22.2354112	22.2354876	3.60023695e-05	0.000536961134	0	100	0	0	3
518	58711	0	3.04831185	22.2354438	22.2354546	22.2354112	22.2354876	3.46307899e-05	0.000536961134	0	100	0	0	3
519	58713	0	3.05419662	22.2354469	22.2354548	22.2354112	22.2354876	3.33360041e-05	0.000536961134	0	100	0	0	3
520	58716	0	3.06008139	22.2354549	22.2354551	22.2354112	22.2354876	3.1984529e-05	0.000536961134	0	100	0	0	3
521	58718	0	3.06596617	22.235458	22.2354554	22.2354112	22.2354876	3.0665579e-05	0.000536961134	0	100	0	0	3
522	58721	0	3.07185094	22.2354618	22.2354558	22.2354112	22.2354876	2.93570231e-05	0.000536961134	0	100	0	0	3
523	58723	0	3.07773571	22.2354666	22.2354563	22.2354112	22.2354876	2.80431096e-05	0.000536961134	0	100	0	0	3
524	58726	0	3.08362048	22.2354683	22.2354568	22.2354112	22.2354876	2.66931384e-05	0.000536961134	0	100	0	0	3
525	58729	0	3.08950525	22.2354698	22.2354573	22.2354112	22.2354876	2.55354288e-05	0.000536961134	0	100	0	0	3
526	58731	0	3.09539003	22.2354733	22.2354577	22.2354112	22.2354876	2.55354288e-05	0.000536961134	0	100	0	0	3
527	58734	0	3.1012748	22.2354748	22.2354581	22.2354112	22.2354876	2.55354288e-05	0.000536961134	0	100	0	0	3
528	58736	0	3.10715957	22.2354765	22.2354585	22.2354112	22.2354876	2.55354288e-05	0.000536961134	0	100	0	0	3
529	58739	0	3.11304434	22.2354738	22.2354587	22.2354112	22.2354876	2.55354288e-05	0.000536961134	0	100	0	0	3
530	58742	0	3.11892911	22.235478	22.2354589	22.2354112	22.2354876	2.55354288e-05	0.000536961134	0	100	0	0	3
531	58744	0	3.12481389	22.2354793	22.2354591	22.2354112	22.2354876	2.55354288e-05	0.000536961134	0	100	0	0	3
532	58747	0	3.13069866	22.2354821	22.2354593	22.2354112	22.2354876	2.55354288e-05	0.000536961134	0	100	0	0	3
533	58750	0	3.13658343	22.2354708	22.2354593	22.2354112	22.2354876	2.55354288e-05	0.000536961134	0	100	0	0	3
534	58752	0	3.1424682	22.2354619	22.2354593	22.2354112	22.2354876	2.55354288e-05	0.000536961134	0	100	0	0	3
535	58755	0	3.14835297	22.2354547	22.2354592	22.2354112	22.2354876	2.55354288e-05	0.000536961134	0	100	0	0	3
536	58757	0	3.15423775	22.2354481	22.235459	22.2354112	22.2354876	2.55354288e-05	0.000536961134	0	100	0	0	3
537	58760	0	3.16012252	22.2354417	22.2354587	22.2354112	22.2354876	2.55354288e-05	0.000536961134	0	100	0	0	3
538	58762	0	3.16600729	22.2354363	22.2354582	22.2354112	22.2354876	2.55354288e-05	0.000536961134	0	100	0	0	3
539	58765	0	3.17189206	22.2354397	22.2354578	22.2354112	22.2354876	2.55354288e-05	0.000536961134	0	100	0	0	3
540	58768	0	3.17777683	22.2354449	22.2354573	22.2354112	22.2354876	2.55354288e-05	0.000536961134	0	100	0	0	3
541	58770	0	3.1836616	22.2354487	22.2354569	22.2354112	22.2354876	2.55354288e-05	0.000536961134	0	100	0	0	3
542	58772	0	3.18954638	22.235446	22.2354565	22.2354112	22.2354876	2.55354288e-05	0.000536961134	0	100	0	0	3
543	58775	0	3.19543115	22.2354461	22.2354561	22.2354112	22.2354876	2.55354288e-05	0.000536961134	0	100	0	0	3
544	58777	0	3.20131592	22.2354466	22.2354558	22.2354112	22.2354876	2.55354288e-05	0.000536961134	0	100	0	0	3
545	58780	0	3.20720069	22.2354419	22.2354554	22.2354112	22.2354876	2.55354288e-05	0.000536961134	0	100	0	0	3
546	58782	0	3.21308546	22.2354406	22.2354551	22.2354112	22.2354876	2.55354288e-05	0.000536961134	0	100	0	0	3
547	58785	0	3.21897024	22.2354396	22.2354548	22.2354112	22.2354876	2.55354288e-05	0.000536961134	0	100	0	0	3
548	58788	0	3.22485501	22.2354384	22.2354545	22.2354112	22.2354876	2.55354288e-05	0.000536961134	0	100	0	0	3
549	58790	0	3.23073978	22.2354338	22.235454	22.2354112	22.2354876	2.55354288e-05	0.000536961134	0	100	0	0	3
550	58792	0	3.23662455	22.235434	22.2354536	22.2354112	22.2354876	2.55354288e-05	0.000536961134	0	100	0	0	3
551	58795	0	3.24250932	22.2354334	22.2354531	22.2354112	22.2354876	2.55354288e-05	0.000536961134	0	100	0	0	3
552	58797	0	3.2483941	22.2354343	22.2354526	22.2354112	22.2354876	2.55354288e-05	0.000536961134	0	100	0	0	3
553	58800	0	3.25427887	22.2354328	22.2354522	22.2354112	22.2354876	2.54565761e-05	0.000536961134	0	100	0	0	3
554	58802	0	3.26016364	22.2354373	22.2354518	22.2354112	22.2354876	2.5178665e-05	0.000536961134	0	100	0	0	3
555	58805	0	3.26604841	22.2354392	22.2354515	22.2354112	22.2354876	2.4736845e-05	0.000536961134	0	100	0	0	3
556	58807	0	3.27193318	22.2354445	22.2354513	22.2354112	22.2354876	2.41367378e-05	0.000536961134	0	100	0	0	3
557	58810	0	3.27781796	22.2354499	22.2354513	22.2354112	22.2354876	2.3368144e-05	0.000536961134	0	100	0	0	3
558	58812	0	3.28370273	22.2354579	22.2354514	22.2354112	22.2354876	2.24670151e-05	0.000536961134	0	100	0	0	3
559	58815	0	3.2895875	22.2354648	22.2354516	22.2354112	22.2354876	2.14675778e-05	0.000536961134	0	100	0	0	3
560	58817	0	3.29547227	22.2354627	22.2354518	22.2354112	22.2354876	2.03076781e-05	0.000536961134	0	100	0	0	3
561	58820	0	3.30135704	22.2354618	22.2354521	22.2354112	22.2354876	1.90288314e-05	0.000536961134	0	100	0	0	3
562	58822	0	3.30724181	22.2354662	22.2354524	22.2354112	22.2354876	1.77960739e-05	0.000536961134	0	100	0	0	3
563	58825	0	3.31312659	22.2354677	22.2354529	22.2354112	22.2354876	1.65293771e-05	0.000536961134	0	100	0	0	3
564	58828	0	3.31901136	22.235465	22.2354533	22.2354112	22.2354876	1.52977303e-05	0.000536961134	0	100	0	0	3
565	58830	0	3.32489613	22.2354605	22.2354538	22.2354112	22.2354876	1.41159771e-05	0.000536961134	0	100	0	0	3
566	58833	0	3.3307809	22.2354584	22.2354542	22.2354112	22.2354876	1.28929237e-05	0.000536961134	0	100	0	0	3
567	58835	0	3.33666567	22.2354567	22.2354547	22.2354112	22.2354876	1.16272113e-05	0.000536961134	0	100	0	0	3
568	58838	0	3.34255045	22.2354523	22.2354551	22.2354112	22.2354876	1.04689366e-05	0.000536961134	0	100	0	0	3
569	58840	0	3.34843522	22.2354496	22.2354556	22.2354112	22.2354876	1.04689366e-05	0.000536961134	0	100	0	0	3
570	58843	0	3.35431999	22.2354465	22.235456	22.2354124	22.2354876	1.04689366e-05	0.000536961134	0	100	0	0	3
571	58846	0	3.36020476	22.235442	22.2354563	22.2354176	22.2354876	1.04689366e-05	0.000536961134	0	100	0	0	3
572	58848	0	3.36608953	22.2354445	22.2354566	22.2354286	22.2354876	1.04689366e-05	0.000536961134	0	100	0	0	3
573	58851	0	3.37197431	22.2354463	22.2354568	22.2354328	22.2354876	1.04689366e-05	0.000536961134	0	100	0	0	3
574	58853	0	3.37785908	22.2354479	22.235457	22.2354328	22.2354876	1.04689366e-05	0.000536961134	0	100	0	0	3
575	58856	0	3.38374385	22.2354495	22.235457	22.2354328	22.2354876	1.04689366e-05	0.000536961134	0	100	0	0	3
576	58858	0	3.38962862	22.2354547	22.2354572	22.2354328	22.2354876	1.04689366e-05	0.000536961134	0	100	0	0	3
577	58861	0	3.39551339	22.2354611	22.2354574	22.2354328	22.2354876	1.04689366e-05	0.000536961134	0	100	0	0	3
578	58864	0	3.40139817	22.2354703	22.2354576	22.2354328	22.2354876	1.04689366e-05	0.000536961134	0	100	0	0	3
579	58866	0	3.40728294	22.2354783	22.2354578	22.2354328	22.2354876	1.04689366e-05	0.000536961134	0	100	0	0	3
580	58869	0	3.41316771	22.2354875	22.235458	22.2354328	22.2354876	1.04689366e-05	0.000536961134	0	100	0	0	3
581	58871	0	3.41905248	22.2354953	22.2354582	22.2354328	22.2354953	1.04689366e-05	0.000536961134	0	100	0	0	3
582	58874	0	3.42493725	22.2355082	22.2354584	22.2354328	22.2355082	1.04689366e-05	0.000536961134	0	100	0	0	3
583	58877	0	3.43082202	22.235518	22.2354588	22.2354328	22.235518	1.04356888e-05	0.000536961134	0	100	0	0	3
584	58879	0	3.4367068	22.235524	22.2354593	22.2354328	22.235524	1.03432879e-05	0.000536961134	0	100	0	0	3
585	58881	0	3.44259157	22.2355323	22.2354598	22.2354328	22.2355323	1.06197033e-05	0.000536961134	0	100	0	0	3
586	58884	0	3.44847634	22.2355414	22.2354604	22.2354328	22.2355414	1.10018431e-05	0.000536961134	0	100	0	0	3
587	58886	0	3.45436111	22.2355412	22.2354611	22.2354328	22.2355414	1.13114484e-05	0.000536961134	0	100	0	0	3
588	58889	0	3.46024588	22.2355321	22.2354616	22.2354328	22.2355414	1.14579504e-05	0.000536961134	0	100	0	0	3
589	58891	0	3.46613066	22.2355258	22.2354621	22.2354328	22.2355414	1.15481403e-05	0.000536961134	0	100	0	0	3
590	58893	0	3.47201543	22.2355224	22.2354625	22.2354328	22.2355414	1.16771879e-05	0.000536961134	0	100	0	0	3
591	58896	0	3.4779002	22.2355162	22.235463	22.2354328	22.2355414	1.1820068e-05	0.000536961134	0	100	0	0	3
592	58898	0	3.48378497	22.2355091	22.2354635	22.2354328	22.2355414	1.22236729e-05	0.000536961134	0	100	0	0	3
593	58901	0	3.48966974	22.2355036	22.235464	22.2354328	22.2355414	1.2736694e-05	0.000536961134	0	100	0	0	3
594	58904	0	3.49555452	22.2354974	22.2354645	22.2354328	22.2355414	1.32359622e-05	0.000536961134	0	100	0	0	3
595	58906	0	3.50143929	22.2354978	22.2354651	22.2354328	22.2355414	1.38092293e-05	0.000536961134	0	100	0	0	3
596	58909	0	3.50732406	22.2354955	22.2354656	22.2354328	22.2355414	1.43721256e-05	0.000536961134	0	100	0	0	3
597	58911	0	3.51320883	22.235486	22.2354661	22.2354328	22.2355414	1.48484833e-05	0.000536961134	0	100	0	0	3
598	58914	0	3.5190936	22.2354765	22.2354665	22.2354328	22.2355414	1.52431358e-05	0.000536961134	0	100	0	0	3
599	58916	0	3.52497838	22.2354671	22.2354667	22.2354328	22.2355414	1.54838476e-05	0.000536961134	0	100	0	0	3
600	58919	0	3.53086315	22.2354589	22.2354669	22.2354328	22.2355414	1.5630088e-05	0.000536961134	0	100	0	0	3
601	58926	0	3.53674792	22.2354523	22.235467	22.2354328	22.2355414	1.56923085e-05	0.000536961134	0	100	0	0	3
602	58928	0	3.54263269	22.2354464	22.235467	22.2354328	22.2355414	1.57088606e-05	0.000536961134	0	100	0	0	3
603	58931	0	3.54851746	22.2354402	22.2354669	22.2354328	22.2355414	1.57088606e-05	0.000536961134	0	100	0	0	3
604	58933	0	3.55440224	22.2354363	22.2354668	22.2354328	22.2355414	1.57088606e-05	0.000536961134	0	100	0	0	3
605	58936	0	3.56028701	22.235432	22.2354665	22.235432	22.2355414	1.57088606e-05	0.000536961134	0	100	0	0	3
606	58938	0	3.56617178	22.2354284	22.2354662	22.2354284	22.2355414	1.57088606e-05	0.000536961134	0	100	0	0	3
607	58941	0	3.57205655	22.2354259	22.2354658	22.2354259	22.2355414	1.57088606e-05	0.000536961134	0	100	0	0	3
608	58943	0	3.57794132	22.2354227	22.2354653	22.2354227	22.2355414	1.57088606e-05	0.000536961134	0	100	0	0	3
609	58946	0	3.58382609	22.2354231	22.2354647	22.2354227	22.2355414	1.57088606e-05	0.000536961134	0	100	0	0	3
610	58949	0	3.58971087	22.2354212	22.2354641	22.2354212	22.2355414	1.57088606e-05	0.000536961134	0	100	0	0	3
611	58951	0	3.59559564	22.2354192	22.2354635	22.2354192	22.2355414	1.57088606e-05	0.000536961134	0	100	0	0	3
612	58954	0	3.60148041	22.2354156	22.2354628	22.2354156	22.2355414	1.57088606e-05	0.000536961134	0	100	0	0	3
613	58956	0	3.60736518	22.2354129	22.2354621	22.2354129	22.2355414	1.57088606e-05	0.000536961134	0	100	0	0	3
614	58959	0	3.61324995	22.2354099	22.2354613	22.2354099	22.2355414	1.57088606e-05	0.000536961134	0	100	0	0	3
615	58961	0	3.61913473	22.2354096	22.2354605	22.2354096	22.2355414	1.57088606e-05	0.000536961134	0	100	0	0	3
616	58964	0	3.6250195	22.235409	22.2354597	22.235409	22.2355414	1.57088606e-05	0.000536961134	0	100	0	0	3
617	58966	0	3.63090427	22.2354077	22.2354588	22.2354077	22.2355414	1.57088606e-05	0.000536961134	0	100	0	0	3
618	58969	0	3.63678904	22.2354066	22.2354581	22.2354066	22.2355414	1.57088606e-05	0.000536961134	0	100	0	0	3
619	58971	0	3.64267381	22.2354054	22.2354574	22.2354054	22.2355414	1.57088606e-05	0.000536961134	0	100	0	0	3
620	58974	0	3.64855859	22.2354052	22.2354568	22.2354052	22.2355414	1.57088606e-05	0.000536961134	0	100	0	0	3
621	58976	0	3.65444336	22.2354058	22.2354563	22.2354052	22.2355414	1.57088606e-05	0.000536961134	0	100	0	0	3
622	58979	0	3.66032813	22.2354045	22.2354559	22.2354045	22.2355414	1.57088606e-05	0.000536961134	0	100	0	0	3
623	58981	0	3.6662129	22.2354086	22.2354555	22.2354045	22.2355414	1.57088606e-05	0.000536961134	0	100	0	0	3
624	58984	0	3.67209767	22.2354196	22.2354553	22.2354045	22.2355414	1.57088606e-05	0.000536961134	0	100	0	0	3
625	58986	0	3.67798245	22.2354265	22.2354551	22.2354045	22.2355414	1.57088606e-05	0.000536961134	0	100	0	0	3
626	58988	0	3.68386722	22.2354252	22.2354548	22.2354045	22.2355414	1.57088606e-05	0.000536961134	0	100	0	0	3
627	58991	0	3.68975199	22.2354247	22.2354546	22.2354045	22.2355414	1.57088606e-05	0.000536961134	0	100	0	0	3
628	58993	0	3.69563676	22.2354252	22.2354543	22.2354045	22.2355414	1.57088606e-05	0.000536961134	0	100	0	0	3
629	58995	0	3.70152153	22.2354205	22.235454	22.2354045	22.2355414	1.57088606e-05	0.000536961134	0	100	0	0	3
630	58998	0	3.7074063	22.2354207	22.2354538	22.2354045	22.2355414	1.57088606e-05	0.000536961134	0	100	0	0	3
631	59000	0	3.71329108	22.2354242	22.2354536	22.2354045	22.2355414	1.57088606e-05	0.000536961134	0	100	0	0	3
632	59003	0	3.71917585	22.2354293	22.2354534	22.2354045	22.2355414	1.57088606e-05	0.000536961134	0	100	0	0	3
633	59005	0	3.72506062	22.2354365	22.2354534	22.2354045	22.2355414	1.57088606e-05	0.000536961134	0	100	0	0	3
634	59008	0	3.73094539	22.2354446	22.2354536	22.2354045	22.2355414	1.57088606e-05	0.000536961134	0	100	0	0	3
635	59011	0	3.73683016	22.2354551	22.2354538	22.2354045	22.2355414	1.57088606e-05	0.000536961134	0	100	0	0	3
636	59013	0	3.74271494	22.2354665	22.2354542	22.2354045	22.2355414	1.57088606e-05	0.000536961134	0	100	0	0	3
637	59016	0	3.74859971	22.2354788	22.2354547	22.2354045	22.2355414	1.57088606e-05	0.000536961134	0	100	0	0	3
638	59018	0	3.75448448	22.2354887	22.2354554	22.2354045	22.2355414	1.57088606e-05	0.000536961134	0	100	0	0	3
639	59021	0	3.76036925	22.2354917	22.235456	22.2354045	22.2355414	1.57088606e-05	0.000536961134	0	100	0	0	3
640	59023	0	3.76625402	22.2354951	22.2354567	22.2354045	22.2355414	1.57088606e-05	0.000536961134	0	100	0	0	3
641	59026	0	3.7721388	22.2355008	22.2354573	22.2354045	22.2355414	1.57088606e-05	0.000536961134	0	100	0	0	3
642	59028	0	3.77802357	22.2354966	22.2354579	22.2354045	22.2355414	1.56229275e-05	0.000536961134	0	100	0	0	3
643	59031	0	3.78390834	22.2354944	22.2354583	22.2354045	22.2355414	1.54108438e-05	0.000536961134	0	100	0	0	3
644	59034	0	3.78979311	22.2354946	22.2354587	22.2354045	22.2355414	1.51716603e-05	0.000536961134	0	100	0	0	3
645	59036	0	3.79567788	22.2354921	22.235459	22.2354045	22.2355414	1.4896709e-05	0.000536961134	0	100	0	0	3
646	59039	0	3.80156266	22.2354854	22.2354593	22.2354045	22.2355414	1.45406368e-05	0.000536961134	0	100	0	0	3
647	59041	0	3.80744743	22.2354802	22.2354594	22.2354045	22.2355414	1.41186049e-05	0.000536961134	0	100	0	0	3
648	59044	0	3.8133322	22.235475	22.2354595	22.2354045	22.2355414	1.36507842e-05	0.000536961134	0	100	0	0	3
649	59046	0	3.81921697	22.2354686	22.2354596	22.2354045	22.2355414	1.3549359e-05	0.000536961134	0	100	0	0	3
650	59049	0	3.82510174	22.2354599	22.2354596	22.2354045	22.2355414	1.3549359e-05	0.000536961134	0	100	0	0	3
651	59052	0	3.83098651	22.2354521	22.2354595	22.2354045	22.2355414	1.3549359e-05	0.000536961134	0	100	0	0	3
652	59054	0	3.83687129	22.2354467	22.2354594	22.2354045	22.2355414	1.3549359e-05	0.000536961134	0	100	0	0	3
653	59057	0	3.84275606	22.2354419	22.2354593	22.2354045	22.2355414	1.3549359e-05	0.000536961134	0	100	0	0	3
654	59059	0	3.84864083	22.2354356	22.2354591	22.2354045	22.2355414	1.3549359e-05	0.000536961134	0	100	0	0	3
655	59062	0	3.8545256	22.235431	22.2354589	22.2354045	22.2355414	1.3549359e-05	0.000536961134	0	100	0	0	3
656	59064	0	3.86041037	22.2354262	22.2354587	22.2354045	22.2355414	1.3549359e-05	0.000536961134	0	100	0	0	3
657	59067	0	3.86629515	22.2354206	22.2354584	22.2354045	22.2355414	1.3549359e-05	0.000536961134	0	100	0	0	3
658	59069	0	3.87217992	22.2354204	22.2354581	22.2354045	22.2355414	1.3549359e-05	0.000536961134	0	100	0	0	3
659	59072	0	3.87806469	22.2354205	22.2354578	22.2354045	22.2355414	1.3549359e-05	0.000536961134	0	100	0	0	3
660	59075	0	3.88394946	22.2354179	22.2354574	22.2354045	22.2355414	1.3549359e-05	0.000536961134	0	100	0	0	3
661	59077	0	3.88983423	22.2354136	22.235457	22.2354045	22.2355414	1.3549359e-05	0.000536961134	0	100	0	0	3
662	59080	0	3.89571901	22.2354075	22.2354563	22.2354045	22.2355414	1.3549359e-05	0.000536961134	0	100	0	0	3
663	59082	0	3.90160378	22.2354032	22.2354555	22.2354032	22.2355414	1.3549359e-05	0.000536961134	0	100	0	0	3
664	59085	0	3.90748855	22.2353993	22.2354546	22.2353993	22.2355414	1.3549359e-05	0.000536961134	0	100	0	0	3
665	59088	0	3.91337332	22.2353968	22.2354535	22.2353968	22.2355414	1.3549359e-05	0.000536961134	0	100	0	0	3
666	59090	0	3.91925809	22.2353947	22.2354524	22.2353947	22.2355414	1.46114587e-05	0.000536961134	0	100	0	0	3
667	59093	0	3.92514287	22.2353926	22.235451	22.2353926	22.2355414	1.59719861e-05	0.000536961134	0	100	0	0	3
668	59095	0	3.93102764	22.2353903	22.2354495	22.2353903	22.2355414	1.74740156e-05	0.000536961134	0	100	0	0	3
669	59098	0	3.93691241	22.2353964	22.235448	22.2353903	22.2355414	1.89743342e-05	0.000536961134	0	100	0	0	3
670	59100	0	3.94279718	22.2354019	22.2354465	22.2353903	22.2355414	2.05083908e-05	0.000536961134	0	100	0	0	3
671	59103	0	3.94868195	22.2354092	22.2354449	22.2353903	22.2355412	2.20637141e-05	0.000536961134	0	100	0	0	3
672	59105	0	3.95456673	22.2354195	22.2354435	22.2353903	22.2355321	2.34962393e-05	0.000536961134	0	100	0	0	3
673	59108	0	3.9604515	22.235432	22.2354423	22.2353903	22.2355258	2.46742328e-05	0.000536961134	0	100	0	0	3
674	59111	0	3.96633627	22.235442	22.2354413	22.2353903	22.2355224	2.56594968e-05	0.000536961134	0	100	0	0	3
675	59113	0	3.97222104	22.2354539	22.2354405	22.2353903	22.2355162	2.64660874e-05	0.000536961134	0	100	0	0	3
676	59116	0	3.97810581	22.2354644	22.2354399	22.2353903	22.2355091	2.7074679e-05	0.000536961134	0	100	0	0	3
677	59118	0	3.98399058	22.2354729	22.2354395	22.2353903	22.2355036	2.75007925e-05	0.000536961134	0	100	0	0	3
678	59121	0	3.98987536	22.2354765	22.2354392	22.2353903	22.2355008	2.7819118e-05	0.000536961134	0	100	0	0	3
679	59124	0	3.99576013	22.2354793	22.2354389	22.2353903	22.2355008	2.80322267e-05	0.000536961134	0	100	0	0	3
680	59127	0	4.0016449	22.2354828	22.2354388	22.2353903	22.2355008	2.82081859e-05	0.000536961134	0	100	0	0	3
