Iteration	CPUTime	PhysTime	Travels	Value	AvValue	MinValue	MaxValue	Delta	Criteria	Progress	CriteriaType	CriteriaVarType	CriteriaPercentage
1	14	0	0.00588477191	1.25656549	1.25656549	1.25656549	1.25656549	0	0	0	0	0	0	3
2	18	0	0.0117695438	1.03658666	1.14657607	1.03658666	1.25656549	0.109989413	0	0	0	0	0	3
3	20	0	0.0176543157	1.06322887	1.11879367	1.03658666	1.25656549	0.137771813	0	0	0	0	0	3
4	23	0	0.0235390876	1.01940226	1.09394582	1.01940226	1.25656549	0.162619666	0	0	0	0	0	3
5	26	0	0.0294238596	1.0124241	1.07764148	1.0124241	1.25656549	0.178924011	0	0	0	0	0	3
6	28	0	0.0353086315	1.01566224	1.0673116	1.0124241	1.25656549	0.189253884	0	0	0	0	0	3
7	30	0	0.0411934034	1.01441432	1.05975485	1.0124241	1.25656549	0.196810638	0	0	0	0	0	3
8	33	0	0.0470781753	1.01358958	1.05398419	1.0124241	1.25656549	0.202581296	0	0	0	0	0	3
9	35	0	0.0529629472	1.0123914	1.04936277	1.0123914	1.25656549	0.207202717	0	0	0	0	0	3
10	37	0	0.0588477191	1.0115981	1.0455863	1.0115981	1.25656549	0.210979184	0	0	0	0	0	3
11	39	0	0.064732491	1.00352892	1.0417629	1.00352892	1.25656549	0.214802582	0	0	0	0	0	3
12	41	0	0.0706172629	1.00215336	1.03846211	1.00215336	1.25656549	0.218103378	0	0	0	0	0	3
13	44	0	0.0765020349	1.0006449	1.03555309	1.0006449	1.25656549	0.221012394	0	0	0	0	0	3
14	46	0	0.0823868068	0.999329324	1.03296568	0.999329324	1.25656549	0.223599806	0	0	0	0	0	3
15	48	0	0.0882715787	0.997879751	1.03062662	0.997879751	1.25656549	0.225938868	0	0	0	0	0	3
16	50	0	0.0941563506	0.9852421	1.02779009	0.9852421	1.25656549	0.228775401	0	0	0	0	0	3
17	52	0	0.100041123	0.983288613	1.02517235	0.983288613	1.25656549	0.231393134	0	0	0	0	0	3
18	55	0	0.105925894	0.981444074	1.022743	0.981444074	1.25656549	0.233822483	0	0	0	0	0	3
19	57	0	0.111810666	0.979459667	1.02046493	0.979459667	1.25656549	0.236100554	0	0	0	0	0	3
20	59	0	0.117695438	0.977676038	1.01832549	0.977676038	1.25656549	0.238239998	0	0	0	0	0	3
21	62	0	0.12358021	0.956497623	1.0153813	0.956497623	1.25656549	0.241184182	0	0	0	0	0	3
22	64	0	0.129464982	0.95416371	1.01259869	0.95416371	1.25656549	0.2439668	0	0	0	0	0	3
23	66	0	0.135349754	0.951585994	1.00994596	0.951585994	1.25656549	0.246619526	0	0	0	0	0	3
24	69	0	0.141234526	0.949451371	1.00742535	0.949451371	1.25656549	0.249140134	0	0	0	0	0	3
25	71	0	0.147119298	0.947209011	1.0050167	0.947209011	1.25656549	0.251548788	0	0	0	0	0	3
26	73	0	0.15300407	0.91687404	1.0016266	0.91687404	1.25656549	0.25493889	0	0	0	0	0	3
27	76	0	0.158888842	0.914327771	0.998393307	0.914327771	1.25656549	0.25817218	0	0	0	0	0	3
28	78	0	0.164773614	0.912153906	0.995313328	0.912153906	1.25656549	0.261252158	0	0	0	0	0	3
29	80	0	0.170658385	0.910250174	0.992380116	0.910250174	1.25656549	0.264185371	0	0	0	0	0	3
30	82	0	0.176543157	0.908621158	0.989588151	0.908621158	1.25656549	0.266977336	0	0	0	0	0	3
31	85	0	0.182427929	0.860474146	0.985423183	0.860474146	1.25656549	0.271142304	0	0	0	0	0	3
32	87	0	0.188312701	0.858951279	0.981470936	0.858951279	1.25656549	0.275094551	0	0	0	0	0	3
33	89	0	0.194197473	0.857708525	0.97772056	0.857708525	1.25656549	0.278844927	0	0	0	0	0	3
34	92	0	0.200082245	0.856761776	0.974162949	0.856761776	1.25656549	0.282402538	0	0	0	0	0	3
35	94	0	0.205967017	0.855961373	0.970785761	0.855961373	1.25656549	0.285779726	0	0	0	0	0	3
36	96	0	0.211851789	0.814113344	0.966433749	0.814113344	1.25656549	0.290131738	0	0	0	0	0	3
37	99	0	0.217736561	0.81365579	0.962304615	0.81365579	1.25656549	0.294260872	0	0	0	0	0	3
38	101	0	0.223621333	0.813357668	0.958384959	0.813357668	1.25656549	0.298180528	0	0	0	0	0	3
39	104	0	0.229506105	0.81314336	0.954660815	0.81314336	1.25656549	0.301904672	0	0	0	0	0	3
40	106	0	0.235390876	0.812998871	0.951119267	0.812998871	1.25656549	0.30544622	0	0	0	0	0	3
41	109	0	0.241275648	0.780376826	0.946954817	0.780376826	1.25656549	0.30961067	0	0	0	0	0	3
42	111	0	0.24716042	0.780702576	0.94299643	0.780376826	1.25656549	0.313569057	0	0	0	0	0	3
43	114	0	0.253045192	0.781009207	0.939229285	0.780376826	1.25656549	0.317336202	0	0	0	0	0	3
44	116	0	0.258929964	0.781245443	0.935638743	0.780376826	1.25656549	0.320926743	0	0	0	0	0	3
45	119	0	0.264814736	0.781455527	0.93221245	0.780376826	1.25656549	0.324353037	0	0	0	0	0	3
46	121	0	0.270699508	0.759748175	0.928463226	0.759748175	1.25656549	0.328102261	0	0	0	0	0	3
47	124	0	0.27658428	0.7600327	0.924879598	0.759748175	1.25656549	0.331685889	0	0	0	0	0	3
48	127	0	0.282469052	0.760262326	0.921450072	0.759748175	1.25656549	0.335115415	0	0	0	0	0	3
49	129	0	0.288353824	0.760403342	0.918163404	0.759748175	1.25656549	0.338402083	0	0	0	0	0	3
50	132	0	0.294238596	0.760499582	0.915010127	0.759748175	1.25656549	0.34155536	0	0	0	0	0	3
51	134	0	0.300123368	0.749745334	0.911769641	0.749745334	1.25656549	0.344795846	0	0	0	0	0	3
52	136	0	0.306008139	0.749891834	0.908656606	0.749745334	1.25656549	0.34790888	0	0	0	0	0	3
53	139	0	0.311892911	0.75004478	0.90566393	0.749745334	1.25656549	0.350901556	0	0	0	0	0	3
54	141	0	0.317777683	0.750188222	0.902784751	0.749745334	1.25656549	0.353780736	0	0	0	0	0	3
55	144	0	0.323662455	0.750307093	0.90001243	0.749745334	1.25656549	0.356553057	0	0	0	0	0	3
56	146	0	0.329547227	0.743100746	0.897210435	0.743100746	1.25656549	0.359355052	0	0	0	0	0	3
57	148	0	0.335431999	0.743382348	0.894511697	0.743100746	1.25656549	0.36205379	0	0	0	0	0	3
58	151	0	0.341316771	0.743635328	0.89191038	0.743100746	1.25656549	0.364655107	0	0	0	0	0	3
59	153	0	0.347201543	0.7438692	0.889401208	0.743100746	1.25656549	0.367164279	0	0	0	0	0	3
60	156	0	0.353086315	0.744079342	0.886979177	0.743100746	1.25656549	0.36958631	0	0	0	0	0	3
61	159	0	0.358971087	0.736945187	0.884519603	0.736945187	1.25656549	0.372045884	0	0	0	0	0	3
62	161	0	0.364855859	0.737064254	0.882141291	0.736945187	1.25656549	0.374424196	0	0	0	0	0	3
63	164	0	0.37074063	0.737100609	0.879839058	0.736945187	1.25656549	0.376726429	0	0	0	0	0	3
64	166	0	0.376625402	0.73706968	0.877608286	0.736945187	1.25656549	0.378957201	0	0	0	0	0	3
65	169	0	0.382510174	0.736993482	0.875444982	0.736945187	1.25656549	0.381120505	0	0	0	0	0	3
66	172	0	0.388394946	0.73355778	0.873295176	0.73355778	1.25656549	0.383270311	0	0	0	0	0	3
67	174	0	0.394279718	0.733481084	0.871208398	0.733481084	1.25656549	0.385357089	0	0	0	0	0	3
68	177	0	0.40016449	0.733380758	0.869181521	0.733380758	1.25656549	0.387383966	0	0	0	0	0	3
69	179	0	0.406049262	0.733306812	0.867212322	0.733306812	1.25656549	0.389353165	0	0	0	0	0	3
70	181	0	0.411934034	0.73321067	0.865298013	0.73321067	1.25656549	0.391267474	0	0	0	0	0	3
71	184	0	0.417818806	0.733062124	0.863435536	0.733062124	1.25656549	0.393129951	0	0	0	0	0	3
72	187	0	0.423703578	0.733069605	0.861624898	0.733062124	1.25656549	0.394940589	0	0	0	0	0	3
73	189	0	0.42958835	0.733082222	0.859864039	0.733062124	1.25656549	0.396701448	0	0	0	0	0	3
74	192	0	0.435473122	0.733076957	0.8581507	0.733062124	1.25656549	0.398414787	0	0	0	0	0	3
75	194	0	0.441357893	0.733053547	0.856482738	0.733053547	1.25656549	0.400082749	0	0	0	0	0	3
76	197	0	0.447242665	0.731271215	0.854835218	0.731271215	1.25656549	0.401730269	0	0	0	0	0	3
77	199	0	0.453127437	0.731310816	0.853231005	0.731271215	1.25656549	0.403334482	0	0	0	0	0	3
78	202	0	0.459012209	0.731327761	0.851668143	0.731271215	1.25656549	0.404897344	0	0	0	0	0	3
79	204	0	0.464896981	0.731365249	0.850145322	0.731271215	1.25656549	0.406420165	0	0	0	0	0	3
80	207	0	0.470781753	0.731322865	0.848660041	0.731271215	1.25656549	0.407905446	0	0	0	0	0	3
81	209	0	0.476666525	0.732964039	0.847231695	0.731271215	1.25656549	0.409333792	0	0	0	0	0	3
82	211	0	0.482551297	0.732931914	0.845837795	0.731271215	1.25656549	0.410727691	0	0	0	0	0	3
83	214	0	0.488436069	0.732941291	0.844477597	0.731271215	1.25656549	0.41208789	0	0	0	0	0	3
84	216	0	0.494320841	0.732962309	0.843150034	0.731271215	1.25656549	0.413415453	0	0	0	0	0	3
85	219	0	0.500205613	0.73297043	0.841853803	0.731271215	1.25656549	0.414711684	0	0	0	0	0	3
86	221	0	0.506090384	0.734134581	0.835707557	0.731271215	1.06322887	0.310868517	0	0	0	0	0	3
87	224	0	0.511975156	0.734003581	0.832147756	0.731271215	1.06322887	0.286645917	0	0	0	0	0	3
88	226	0	0.517859928	0.733857583	0.8282728	0.731271215	1.01940226	0.265673021	0	0	0	0	0	3
89	229	0	0.5237447	0.733712481	0.824911743	0.731271215	1.01566224	0.252729733	0	0	0	0	0	3
90	231	0	0.529629472	0.73357037	0.821631111	0.731271215	1.01566224	0.245680492	0	0	0	0	0	3
91	234	0	0.535514244	0.732612357	0.818301113	0.731271215	1.01441432	0.241453736	0	0	0	0	0	3
92	236	0	0.541399016	0.732573288	0.814985336	0.731271215	1.01358958	0.238998855	0	0	0	0	0	3
93	239	0	0.547283788	0.732520469	0.81167864	0.731271215	1.0123914	0.237684129	0	0	0	0	0	3
94	241	0	0.55316856	0.732462499	0.808385359	0.731271215	1.0115981	0.237200943	0	0	0	0	0	3
95	244	0	0.559053332	0.732470454	0.805101505	0.731271215	1.00352892	0.2366614	0	0	0	0	0	3
96	246	0	0.564938104	0.731575652	0.801902054	0.731271215	1.00215336	0.236560055	0	0	0	0	0	3
97	249	0	0.570822876	0.731664663	0.798719834	0.731271215	1.0006449	0.236833258	0	0	0	0	0	3
98	251	0	0.576707647	0.731744296	0.795556298	0.731271215	0.999329324	0.237409383	0	0	0	0	0	3
99	254	0	0.582592419	0.731823552	0.792409171	0.731271215	0.997879751	0.238217448	0	0	0	0	0	3
100	257	0	0.588477191	0.731886627	0.78927984	0.731271215	0.9852421	0.238510246	0	0	0	0	0	3
101	264	0	0.594361963	0.730269396	0.786280161	0.730269396	0.983288613	0.238892191	0	0	0	0	0	3
102	266	0	0.600246735	0.730378185	0.783304745	0.730269396	0.981444074	0.239438259	0	0	0	0	0	3
103	268	0	0.606131507	0.730432327	0.780351665	0.730269396	0.979459667	0.240113268	0	0	0	0	0	3
104	271	0	0.612016279	0.730463474	0.777422298	0.730269396	0.977676038	0.24090319	0	0	0	0	0	3
105	273	0	0.617901051	0.730498441	0.774514327	0.730269396	0.956497623	0.226228227	0	0	0	0	0	3
106	275	0	0.623785823	0.733717842	0.771893388	0.730269396	0.95416371	0.223894314	0	0	0	0	0	3
107	278	0	0.629670595	0.733799024	0.769300862	0.730269396	0.951585994	0.221316598	0	0	0	0	0	3
108	280	0	0.635555367	0.733870085	0.766739499	0.730269396	0.949451371	0.219181975	0	0	0	0	0	3
109	283	0	0.641440138	0.733941497	0.764204088	0.730269396	0.947209011	0.216939615	0	0	0	0	0	3
110	285	0	0.64732491	0.733949226	0.76169515	0.730269396	0.91687404	0.186604643	0	0	0	0	0	3
111	287	0	0.653209682	0.733058061	0.759532609	0.730269396	0.914327771	0.184058374	0	0	0	0	0	3
112	290	0	0.659094454	0.733067461	0.757400135	0.730269396	0.912153906	0.181884509	0	0	0	0	0	3
113	292	0	0.664979226	0.733083723	0.755293427	0.730269396	0.910250174	0.179980778	0	0	0	0	0	3
114	295	0	0.670863998	0.7331033	0.753209346	0.730269396	0.908621158	0.178351761	0	0	0	0	0	3
115	297	0	0.67674877	0.733118148	0.751144604	0.730269396	0.860474146	0.13020475	0	0	0	0	0	3
116	300	0	0.682633542	0.733323893	0.749648719	0.730269396	0.858951279	0.128681882	0	0	0	0	0	3
117	302	0	0.688518314	0.733242716	0.748169795	0.730269396	0.857708525	0.127439129	0	0	0	0	0	3
118	305	0	0.694403086	0.733127184	0.746704132	0.730269396	0.856761776	0.126492379	0	0	0	0	0	3
119	307	0	0.700287858	0.733014698	0.745248284	0.730269396	0.855961373	0.125691977	0	0	0	0	0	3
120	310	0	0.706172629	0.732912973	0.743800656	0.730269396	0.814113344	0.0838439475	0	0	0	0	0	3
121	312	0	0.712057401	0.733050796	0.742846979	0.730269396	0.81365579	0.0833863936	0	0	0	0	0	3
122	315	0	0.717942173	0.732955921	0.741897568	0.730269396	0.813357668	0.0830882718	0	0	0	0	0	3
123	317	0	0.723826945	0.732852921	0.740950454	0.730269396	0.81314336	0.0828739641	0	0	0	0	0	3
124	320	0	0.729711717	0.732809351	0.740005348	0.730269396	0.812998871	0.0827294751	0	0	0	0	0	3
125	322	0	0.735596489	0.732842723	0.739062334	0.730269396	0.781455527	0.051186131	0	0	0	0	0	3
126	325	0	0.741481261	0.732579062	0.738500008	0.730269396	0.781455527	0.051186131	0	0	0	0	0	3
127	327	0	0.747366033	0.732562471	0.737933653	0.730269396	0.781455527	0.051186131	0	0	0	0	0	3
128	329	0	0.753250805	0.732524901	0.73736325	0.730269396	0.781455527	0.051186131	0	0	0	0	0	3
129	332	0	0.759135577	0.732498097	0.736789752	0.730269396	0.781455527	0.051186131	0	0	0	0	0	3
130	334	0	0.765020349	0.7323865	0.736212469	0.730269396	0.760499582	0.0302301857	0	0	0	0	0	3
131	337	0	0.770905121	0.734144041	0.735911244	0.730269396	0.760499582	0.0302301857	0	0	0	0	0	3
132	339	0	0.776789892	0.734058179	0.735605661	0.730269396	0.760499582	0.0302301857	0	0	0	0	0	3
133	341	0	0.782674664	0.734056739	0.73529736	0.730269396	0.760499582	0.0302301857	0	0	0	0	0	3
134	343	0	0.788559436	0.734091466	0.734987809	0.730269396	0.760499582	0.0302301857	0	0	0	0	0	3
135	346	0	0.794444208	0.734150557	0.73467782	0.730269396	0.750307093	0.0200376967	0	0	0	0	0	3
136	348	0	0.80032898	0.73285529	0.734479114	0.730269396	0.750307093	0.0200376967	0	0	0	0	0	3
137	350	0	0.806213752	0.733011027	0.734280516	0.730269396	0.750307093	0.0200376967	0	0	0	0	0	3
138	352	0	0.812098524	0.733230454	0.734082701	0.730269396	0.750307093	0.0200376967	0	0	0	0	0	3
139	355	0	0.817983296	0.73348727	0.733886219	0.730269396	0.750307093	0.0200376967	0	0	0	0	0	3
140	357	0	0.823868068	0.733775963	0.733691735	0.730269396	0.744079342	0.0138099462	0	0	0	0	0	3
141	359	0	0.82975284	0.733626694	0.733580275	0.730269396	0.744079342	0.0138099462	0	0	0	0	0	3
142	361	0	0.835637612	0.733824784	0.733467834	0.730269396	0.744079342	0.0138099462	0	0	0	0	0	3
143	364	0	0.841522383	0.733951555	0.733353907	0.730269396	0.744079342	0.0138099462	0	0	0	0	0	3
144	366	0	0.847407155	0.734071009	0.733238634	0.730269396	0.744079342	0.0138099462	0	0	0	0	0	3
145	369	0	0.853291927	0.734196116	0.733122361	0.730269396	0.737100609	0.00683121326	0	0	0	0	0	3
146	371	0	0.859176699	0.733295312	0.733079421	0.730269396	0.737100609	0.00683121326	0	0	0	0	0	3
147	374	0	0.865061471	0.733424736	0.733036603	0.730269396	0.737100609	0.00683121326	0	0	0	0	0	3
148	377	0	0.870946243	0.733578979	0.732995172	0.730269396	0.73706968	0.00680028335	0	0	0	0	0	3
149	379	0	0.876831015	0.733664787	0.732955115	0.730269396	0.736993482	0.0067240862	0	0	0	0	0	3
150	382	0	0.882715787	0.733763192	0.732917111	0.730269396	0.734196116	0.00392671998	0	0	0	0	0	3
151	384	0	0.888600559	0.730328344	0.732879118	0.730269396	0.734196116	0.00392671998	0	0	0	0	0	3
152	387	0	0.894485331	0.730351546	0.7328423	0.730269396	0.734196116	0.00392671998	0	0	0	0	0	3
153	389	0	0.900370103	0.730310621	0.73280618	0.730269396	0.734196116	0.00392671998	0	0	0	0	0	3
154	392	0	0.906254875	0.730267967	0.732770429	0.730267967	0.734196116	0.00392814968	0	0	0	0	0	3
155	394	0	0.912139646	0.730208689	0.732735112	0.730208689	0.734196116	0.00398742752	0	0	0	0	0	3
156	397	0	0.918024418	0.732500552	0.732728505	0.730208689	0.734196116	0.00398742752	0	0	0	0	0	3
157	399	0	0.92390919	0.732418242	0.732720842	0.730208689	0.734196116	0.00398742752	0	0	0	0	0	3
158	402	0	0.929793962	0.73234951	0.732712222	0.730208689	0.734196116	0.00398742752	0	0	0	0	0	3
159	405	0	0.935678734	0.732279597	0.732702841	0.730208689	0.734196116	0.00398742752	0	0	0	0	0	3
160	407	0	0.941563506	0.732187015	0.732692647	0.730208689	0.734196116	0.00398742752	0	0	0	0	0	3
161	410	0	0.947448278	0.73192789	0.732700372	0.730208689	0.734196116	0.00398742752	0	0	0	0	0	3
162	412	0	0.95333305	0.731850319	0.732706719	0.730208689	0.734196116	0.00398742752	0	0	0	0	0	3
163	414	0	0.959217822	0.731773999	0.732711969	0.730208689	0.734196116	0.00398742752	0	0	0	0	0	3
164	417	0	0.965102594	0.731729589	0.732716256	0.730208689	0.734196116	0.00398742752	0	0	0	0	0	3
165	419	0	0.970987366	0.731684601	0.732720511	0.730208689	0.734196116	0.00398742752	0	0	0	0	0	3
166	421	0	0.976872137	0.732080842	0.732710121	0.730208689	0.734196116	0.00398742752	0	0	0	0	0	3
167	424	0	0.982756909	0.731970108	0.732698805	0.730208689	0.734196116	0.00398742752	0	0	0	0	0	3
168	426	0	0.988641681	0.731870782	0.732686211	0.730208689	0.734196116	0.00398742752	0	0	0	0	0	3
169	428	0	0.994526453	0.731751851	0.73267197	0.730208689	0.734196116	0.00398742752	0	0	0	0	0	3
170	431	0	1.00041123	0.731640168	0.73265632	0.730208689	0.734196116	0.00398742752	0.0099906055	0	100	0	0	3
171	433	0	1.006296	0.732450269	0.732636505	0.730208689	0.734196116	0.00398742752	0.0099906055	0	100	0	0	3
172	436	0	1.01218077	0.733128209	0.732626206	0.730208689	0.734196116	0.00398742752	0.0099906055	0	100	0	0	3
173	438	0	1.01806554	0.733029595	0.732616465	0.730208689	0.734196116	0.00398742752	0.0099906055	0	100	0	0	3
174	440	0	1.02395031	0.733503755	0.73261401	0.730208689	0.734196116	0.00398742752	0.0099906055	0	100	0	0	3
175	443	0	1.02983508	0.732920048	0.732606359	0.730208689	0.734196116	0.00398742752	0.0099906055	0	100	0	0	3
176	445	0	1.03571986	0.732641151	0.732606698	0.730208689	0.734196116	0.00398742752	0.0099906055	0	100	0	0	3
177	448	0	1.04160463	0.733931652	0.732622678	0.730208689	0.734196116	0.00398742752	0.0099906055	0	100	0	0	3
178	450	0	1.0474894	0.732941945	0.732627637	0.730208689	0.734196116	0.00398742752	0.0099906055	0	100	0	0	3
179	453	0	1.05337417	0.734097394	0.732646871	0.730208689	0.734196116	0.00398742752	0.0099906055	0	100	0	0	3
180	455	0	1.05925894	0.732558023	0.732647901	0.730208689	0.734196116	0.00398742752	0.0099906055	0	100	0	0	3
181	458	0	1.06514372	0.733157084	0.732666506	0.730208689	0.734196116	0.00398742752	0.0099906055	0	100	0	0	3
182	460	0	1.07102849	0.732140801	0.732672108	0.730208689	0.734196116	0.00398742752	0.0099906055	0	100	0	0	3
183	463	0	1.07691326	0.732703739	0.732683396	0.730208689	0.734196116	0.00398742752	0.0099906055	0	100	0	0	3
184	465	0	1.08279803	0.731683151	0.732681744	0.730208689	0.734196116	0.00398742752	0.0099906055	0	100	0	0	3
185	468	0	1.0886828	0.733455151	0.732700197	0.730208689	0.734196116	0.00398742752	0.0099906055	0	100	0	0	3
186	471	0	1.09456758	0.732037047	0.732720993	0.730208689	0.734196116	0.00398742752	0.0099906055	0	100	0	0	3
187	473	0	1.10045235	0.733181856	0.732753977	0.730208689	0.734196116	0.00398742752	0.0099906055	0	100	0	0	3
188	475	0	1.10633712	0.731889753	0.732771123	0.730208689	0.734196116	0.00398742752	0.0099906055	0	100	0	0	3
189	478	0	1.11222189	0.733158163	0.732802826	0.730208689	0.734196116	0.00398742752	0.0099906055	0	100	0	0	3
190	480	0	1.11810666	0.732062441	0.732821226	0.730208689	0.734196116	0.00398742752	0.0099906055	0	100	0	0	3
191	482	0	1.12399144	0.732216693	0.732803565	0.730208689	0.734196116	0.00398742752	0.0099906055	0	100	0	0	3
192	484	0	1.12987621	0.732389425	0.732786982	0.730208689	0.734196116	0.00398742752	0.0099906055	0	100	0	0	3
193	486	0	1.13576098	0.733211358	0.732779232	0.730208689	0.734196116	0.00398742752	0.0099906055	0	100	0	0	3
194	489	0	1.14164575	0.732936131	0.732767404	0.730208689	0.734196116	0.00398742752	0.0099906055	0	100	0	0	3
195	491	0	1.14753052	0.732662275	0.732752263	0.730208689	0.734196116	0.00398742752	0.0099906055	0	100	0	0	3
196	493	0	1.15341529	0.732189497	0.732742045	0.730208689	0.734196116	0.00398742752	0.0099906055	0	100	0	0	3
197	495	0	1.15930007	0.73115884	0.732719591	0.730208689	0.734196116	0.00398742752	0.0099906055	0	100	0	0	3
198	497	0	1.16518484	0.731436026	0.732700206	0.730208689	0.734196116	0.00398742752	0.0099906055	0	100	0	0	3
199	500	0	1.17106961	0.731617041	0.732682721	0.730208689	0.734196116	0.00398742752	0.0099906055	0	100	0	0	3
200	502	0	1.17695438	0.732079729	0.732670504	0.730208689	0.734196116	0.00398742752	0.0099906055	0	100	0	0	3
201	509	0	1.18283915	0.733762627	0.732675665	0.730208689	0.734196116	0.00398742752	0.0099906055	0	100	0	0	3
202	511	0	1.18872393	0.733955925	0.732684056	0.730208689	0.734196116	0.00398742752	0.0099906055	0	100	0	0	3
203	513	0	1.1946087	0.734217843	0.732696887	0.730208689	0.734217843	0.00400915472	0.0099906055	0	100	0	0	3
204	515	0	1.20049347	0.733615291	0.732703953	0.730208689	0.734217843	0.00400915472	0.0099906055	0	100	0	0	3
205	517	0	1.20637824	0.733445851	0.732710222	0.730208689	0.734217843	0.00400915472	0.0099906055	0	100	0	0	3
206	520	0	1.21226301	0.731464008	0.732691554	0.730208689	0.734217843	0.00400915472	0.0099906055	0	100	0	0	3
207	522	0	1.21814779	0.732710118	0.732688663	0.730208689	0.734217843	0.00400915472	0.0099906055	0	100	0	0	3
208	524	0	1.22403256	0.732456741	0.732684002	0.730208689	0.734217843	0.00400915472	0.0099906055	0	100	0	0	3
209	526	0	1.22991733	0.732775671	0.732683605	0.730208689	0.734217843	0.00400915472	0.0099906055	0	100	0	0	3
210	528	0	1.2358021	0.732342372	0.732677719	0.730208689	0.734217843	0.00400915472	0.0099906055	0	100	0	0	3
211	530	0	1.24168687	0.731880216	0.732669497	0.730208689	0.734217843	0.00400915472	0.0099906055	0	100	0	0	3
212	533	0	1.24757165	0.732649426	0.73267052	0.730208689	0.734217843	0.00400915472	0.0099906055	0	100	0	0	3
213	535	0	1.25345642	0.732140806	0.732666001	0.730208689	0.734217843	0.00400915472	0.0099906055	0	100	0	0	3
214	537	0	1.25934119	0.73336695	0.732676223	0.730208689	0.734217843	0.00360611007	0.0099906055	0	100	0	0	3
215	539	0	1.26522596	0.732805141	0.732681148	0.730208689	0.734217843	0.00330488497	0.0099906055	0	100	0	0	3
216	541	0	1.27111073	0.733335627	0.732671638	0.730208689	0.734217843	0.00299930236	0.0099906055	0	100	0	0	3
217	544	0	1.2769955	0.733458931	0.732664588	0.730208689	0.734217843	0.00269100133	0.0099906055	0	100	0	0	3
218	546	0	1.28288028	0.73371895	0.732660614	0.730208689	0.734217843	0.00238144986	0.0099906055	0	100	0	0	3
219	549	0	1.28876505	0.731607373	0.732631389	0.730208689	0.734217843	0.00207146133	0.0099906055	0	100	0	0	3
220	551	0	1.29464982	0.733038827	0.73261831	0.730208689	0.734217843	0.00187275492	0.0099906055	0	100	0	0	3
221	554	0	1.30053459	0.732837462	0.7326181	0.730208689	0.734217843	0.00167415719	0.0099906055	0	100	0	0	3
222	556	0	1.30641936	0.732478836	0.732611839	0.730208689	0.734217843	0.00147634159	0.0099906055	0	100	0	0	3
223	559	0	1.31230414	0.732528359	0.732603579	0.730208689	0.734217843	0.00128263969	0.0099906055	0	100	0	0	3
224	561	0	1.31818891	0.732841172	0.732595978	0.730208689	0.734217843	0.00109575696	0.0099906055	0	100	0	0	3
225	564	0	1.32407368	0.732201577	0.732577456	0.730208689	0.734217843	0.00100281971	0.0099906055	0	100	0	0	3
226	566	0	1.32995845	0.732226417	0.732560982	0.730208689	0.734217843	0.000906851626	0.0099906055	0	100	0	0	3
227	569	0	1.33584322	0.732310101	0.732543162	0.730208689	0.734217843	0.000810744684	0.0099906055	0	100	0	0	3
228	571	0	1.341728	0.732389346	0.732524783	0.730208689	0.734217843	0.000713850783	0.0099906055	0	100	0	0	3
229	574	0	1.34761277	0.732495871	0.732506252	0.730208689	0.734217843	0.000616108564	0.0099906055	0	100	0	0	3
230	576	0	1.35349754	0.73274478	0.732489178	0.730208689	0.734217843	0.000590243392	0.0099906055	0	100	0	0	3
231	579	0	1.35938231	0.733981616	0.732497252	0.730208689	0.734217843	0.000547425532	0.0099906055	0	100	0	0	3
232	581	0	1.36526708	0.733824905	0.73250196	0.730208689	0.734217843	0.000505994581	0.0099906055	0	100	0	0	3
233	584	0	1.37115186	0.733797328	0.732504528	0.730208689	0.734217843	0.000465937024	0.0099906055	0	100	0	0	3
234	586	0	1.37703663	0.733730211	0.732505298	0.730208689	0.734217843	0.000427933603	0.0099906055	0	100	0	0	3
235	588	0	1.3829214	0.733914286	0.732507076	0.730208689	0.734217843	0.000389940242	0.0099906055	0	100	0	0	3
236	591	0	1.38880617	0.73308011	0.732539449	0.730208689	0.734217843	0.000353122154	0.0099906055	0	100	0	0	3
237	593	0	1.39469094	0.733985569	0.732582203	0.730208689	0.734217843	0.000332048071	0.0099906055	0	100	0	0	3
238	595	0	1.40057572	0.732286688	0.73260545	0.730208689	0.734217843	0.000332048071	0.0099906055	0	100	0	0	3
239	598	0	1.40646049	0.733392983	0.732642215	0.730208689	0.734217843	0.000332048071	0.0099906055	0	100	0	0	3
240	600	0	1.41234526	0.733424991	0.732680054	0.73115884	0.734217843	0.000332048071	0.0099906055	0	100	0	0	3
241	602	0	1.41823003	0.732467395	0.732679664	0.73115884	0.734217843	0.000332048071	0.0099906055	0	100	0	0	3
242	604	0	1.4241148	0.732102591	0.732675951	0.73115884	0.734217843	0.000332048071	0.0099906055	0	100	0	0	3
243	607	0	1.42999957	0.732763947	0.732680826	0.73115884	0.734217843	0.000332048071	0.0099906055	0	100	0	0	3
244	609	0	1.43588435	0.731884977	0.732676184	0.73115884	0.734217843	0.000332048071	0.0099906055	0	100	0	0	3
245	611	0	1.44176912	0.732885871	0.732684406	0.73115884	0.734217843	0.000332048071	0.0099906055	0	100	0	0	3
246	614	0	1.44765389	0.73293585	0.732696264	0.73115884	0.734217843	0.000332048071	0.0099906055	0	100	0	0	3
247	616	0	1.45353866	0.733785026	0.732719025	0.73115884	0.734217843	0.000332048071	0.0099906055	0	100	0	0	3
248	619	0	1.45942343	0.733523303	0.732739605	0.73115884	0.734217843	0.000332048071	0.0099906055	0	100	0	0	3
249	621	0	1.46530821	0.734942636	0.732777406	0.73115884	0.734942636	0.000332048071	0.0099906055	0	100	0	0	3
250	624	0	1.47119298	0.73497315	0.732816095	0.73115884	0.73497315	0.000332048071	0.0099906055	0	100	0	0	3
251	626	0	1.47707775	0.733830856	0.732836683	0.73115884	0.73497315	0.000347505432	0.0099906055	0	100	0	0	3
252	629	0	1.48296252	0.733046942	0.732849352	0.73115884	0.73497315	0.000360174068	0.0099906055	0	100	0	0	3
253	631	0	1.48884729	0.733621553	0.732869949	0.73115884	0.73497315	0.00038077138	0.0099906055	0	100	0	0	3
254	633	0	1.49473207	0.733463485	0.732890086	0.73115884	0.73497315	0.000400908248	0.0099906055	0	100	0	0	3
255	636	0	1.50061684	0.732241347	0.732897159	0.73115884	0.73497315	0.000407980941	0.0099906055	0	100	0	0	3
256	638	0	1.50650161	0.732755935	0.732900755	0.73115884	0.73497315	0.000411577017	0.0099906055	0	100	0	0	3
257	641	0	1.51238638	0.732580495	0.732894311	0.73115884	0.73497315	0.000411577017	0.0099906055	0	100	0	0	3
258	643	0	1.51827115	0.732508309	0.732888178	0.73115884	0.73497315	0.000411577017	0.0099906055	0	100	0	0	3
259	645	0	1.52415593	0.731920974	0.732869557	0.73115884	0.73497315	0.000411577017	0.0099906055	0	100	0	0	3
260	648	0	1.5300407	0.732796286	0.732868101	0.73115884	0.73497315	0.000411577017	0.0099906055	0	100	0	0	3
261	650	0	1.53592547	0.731977132	0.732860289	0.73115884	0.73497315	0.000411577017	0.0099906055	0	100	0	0	3
262	653	0	1.54181024	0.732788257	0.732846837	0.73115884	0.73497315	0.000411577017	0.0099906055	0	100	0	0	3
263	655	0	1.54769501	0.732310951	0.732839414	0.73115884	0.73497315	0.000411577017	0.0099906055	0	100	0	0	3
264	657	0	1.55357978	0.732989986	0.732826386	0.73115884	0.73497315	0.000411577017	0.0099906055	0	100	0	0	3
265	660	0	1.55946456	0.731227568	0.732810733	0.73115884	0.73497315	0.000411577017	0.0099906055	0	100	0	0	3
266	4264	0	1.56534933	0.732838017	0.73280698	0.73115884	0.73497315	0.000411577017	0.0099906055	0	100	0	0	3
267	4266	0	1.5712341	0.731522994	0.732799711	0.73115884	0.73497315	0.000411577017	0.0099906055	0	100	0	0	3
268	4268	0	1.57711887	0.732567727	0.732798111	0.73115884	0.73497315	0.000411577017	0.0099906055	0	100	0	0	3
269	4271	0	1.58300364	0.732284464	0.732805185	0.73115884	0.73497315	0.000411577017	0.0099906055	0	100	0	0	3
270	4274	0	1.58888842	0.732632454	0.732795507	0.73115884	0.73497315	0.000411577017	0.0099906055	0	100	0	0	3
271	4277	0	1.59477319	0.73238809	0.732799636	0.73115884	0.73497315	0.000411577017	0.0099906055	0	100	0	0	3
272	58057	0	1.60065796	0.733697363	0.732805701	0.73115884	0.73497315	0.000411577017	0.0099906055	0	100	0	0	3
273	58061	0	1.60654273	0.733338143	0.732822741	0.73115884	0.73497315	0.000411577017	0.0099906055	0	100	0	0	3
274	58065	0	1.6124275	0.734184141	0.732834811	0.73115884	0.73497315	0.000411577017	0.0099906055	0	100	0	0	3
275	58069	0	1.61831228	0.733522049	0.732851983	0.73115884	0.73497315	0.000411577017	0.0099906055	0	100	0	0	3
276	58072	0	1.62419705	0.733977476	0.732872698	0.73115884	0.73497315	0.000411577017	0.0099906055	0	100	0	0	3
277	58076	0	1.63008182	0.733318387	0.732883627	0.73115884	0.73497315	0.000411577017	0.0099906055	0	100	0	0	3
278	58080	0	1.63596659	0.73412634	0.732894392	0.73115884	0.73497315	0.000411577017	0.0099906055	0	100	0	0	3
279	58083	0	1.64185136	0.73202735	0.7328837	0.73115884	0.73497315	0.000411577017	0.0099906055	0	100	0	0	3
280	58086	0	1.64773614	0.734437001	0.732904579	0.73115884	0.73497315	0.000415401871	0.0099906055	0	100	0	0	3
281	58089	0	1.65362091	0.731622408	0.732897908	0.73115884	0.73497315	0.000415401871	0.0099906055	0	100	0	0	3
282	58092	0	1.65950568	0.734127321	0.732932831	0.731227568	0.73497315	0.000443653531	0.0099906055	0	100	0	0	3
283	58095	0	1.66539045	0.733344913	0.732955289	0.731227568	0.73497315	0.000466111031	0.0099906055	0	100	0	0	3
284	58098	0	1.67127522	0.733153285	0.732973362	0.731227568	0.73497315	0.000484184481	0.0099906055	0	100	0	0	3
285	58101	0	1.67716	0.732878201	0.732982756	0.731227568	0.73497315	0.000493578268	0.0099906055	0	100	0	0	3
286	58104	0	1.68304477	0.732835297	0.732971846	0.731227568	0.73497315	0.000493578268	0.0099906055	0	100	0	0	3
287	58107	0	1.68892954	0.732013862	0.732948998	0.731227568	0.73497315	0.000493578268	0.0099906055	0	100	0	0	3
288	58110	0	1.69481431	0.732194085	0.732925189	0.731227568	0.73497315	0.000493578268	0.0099906055	0	100	0	0	3
289	58113	0	1.70069908	0.732020493	0.732906427	0.731227568	0.73497315	0.000493578268	0.0099906055	0	100	0	0	3
290	58116	0	1.70658385	0.73272044	0.732897893	0.731227568	0.73497315	0.000493578268	0.0099906055	0	100	0	0	3
291	58118	0	1.71246863	0.733054644	0.732916606	0.731227568	0.73497315	0.000493578268	0.0099906055	0	100	0	0	3
292	58121	0	1.7183534	0.734122308	0.73293322	0.731227568	0.73497315	0.000493578268	0.0099906055	0	100	0	0	3
293	58123	0	1.72423817	0.733845428	0.732949558	0.731227568	0.73497315	0.000493578268	0.0099906055	0	100	0	0	3
294	58126	0	1.73012294	0.733532642	0.732958463	0.731227568	0.73497315	0.000493578268	0.0099906055	0	100	0	0	3
295	58129	0	1.73600771	0.733126922	0.732967693	0.731227568	0.73497315	0.000493578268	0.0099906055	0	100	0	0	3
296	58132	0	1.74189249	0.733230146	0.732983575	0.731227568	0.73497315	0.000494397133	0.0099906055	0	100	0	0	3
297	58134	0	1.74777726	0.7327508	0.732984767	0.731227568	0.73497315	0.000495589766	0.0099906055	0	100	0	0	3
298	58137	0	1.75366203	0.732216752	0.732985661	0.731227568	0.73497315	0.000496483252	0.0099906055	0	100	0	0	3
299	58140	0	1.7595468	0.732921872	0.732980425	0.731227568	0.73497315	0.000496483252	0.0099906055	0	100	0	0	3
300	58142	0	1.76543157	0.731536905	0.732965504	0.731227568	0.73497315	0.000496483252	0.0099906055	0	100	0	0	3
301	58149	0	1.77131635	0.734085643	0.732974328	0.731227568	0.73497315	0.000496483252	0.0099906055	0	100	0	0	3
302	58151	0	1.77720112	0.731901597	0.732956006	0.731227568	0.73497315	0.000496483252	0.0099906055	0	100	0	0	3
303	58154	0	1.78308589	0.733591298	0.732954505	0.731227568	0.73497315	0.000496483252	0.0099906055	0	100	0	0	3
304	58157	0	1.78897066	0.731803941	0.732956817	0.731227568	0.73497315	0.000496483252	0.0099906055	0	100	0	0	3
305	58159	0	1.79485543	0.73314946	0.732958119	0.731227568	0.73497315	0.000496483252	0.0099906055	0	100	0	0	3
306	58162	0	1.80074021	0.731919896	0.732947324	0.731227568	0.73497315	0.000496483252	0.0099906055	0	100	0	0	3
307	58164	0	1.80662498	0.733018487	0.732953673	0.731227568	0.73497315	0.000496483252	0.0099906055	0	100	0	0	3
308	58167	0	1.81250975	0.732822285	0.732957131	0.731227568	0.73497315	0.000496483252	0.0099906055	0	100	0	0	3
309	58169	0	1.81839452	0.733773741	0.732968102	0.731227568	0.73497315	0.000496483252	0.0099906055	0	100	0	0	3
310	58172	0	1.82427929	0.73298299	0.732977295	0.731227568	0.73497315	0.000496483252	0.0099906055	0	100	0	0	3
311	58174	0	1.83016406	0.734074539	0.732999038	0.731227568	0.73497315	0.000509860101	0.0099906055	0	100	0	0	3
312	58177	0	1.83604884	0.733652585	0.733014832	0.731227568	0.73497315	0.000525654024	0.0099906055	0	100	0	0	3
313	58179	0	1.84193361	0.733925545	0.733032905	0.731227568	0.73497315	0.000543726955	0.0099906055	0	100	0	0	3
314	58182	0	1.84781838	0.733336126	0.73304279	0.731227568	0.73497315	0.000553612302	0.0099906055	0	100	0	0	3
315	58184	0	1.85370315	0.733804918	0.733055262	0.731227568	0.73497315	0.000558010348	0.0099906055	0	100	0	0	3
316	58187	0	1.85958792	0.734324703	0.733059298	0.731227568	0.73497315	0.000557338794	0.0099906055	0	100	0	0	3
317	58189	0	1.8654727	0.733911386	0.733060316	0.731227568	0.73497315	0.0005557874	0.0099906055	0	100	0	0	3
318	58192	0	1.87135747	0.734375826	0.733067122	0.731227568	0.73497315	0.000561823573	0.0099906055	0	100	0	0	3
319	58195	0	1.87724224	0.733752613	0.733067385	0.731227568	0.73497315	0.000560309551	0.0099906055	0	100	0	0	3
320	58198	0	1.88312701	0.734681381	0.73307641	0.731227568	0.73497315	0.000536960486	0.0099906055	0	100	0	0	3
321	58200	0	1.88901178	0.732362513	0.733067968	0.731227568	0.73497315	0.000494207282	0.0099906055	0	100	0	0	3
322	58203	0	1.89489656	0.733334138	0.733060304	0.731227568	0.73497315	0.000470959442	0.0099906055	0	100	0	0	3
323	58206	0	1.90078133	0.732597851	0.733063964	0.731227568	0.73497315	0.000434194544	0.0099906055	0	100	0	0	3
324	58208	0	1.9066661	0.73296707	0.733058954	0.731227568	0.73497315	0.000400459305	0.0099906055	0	100	0	0	3
325	58211	0	1.91255087	0.732172895	0.733044223	0.731227568	0.73497315	0.000400459305	0.0099906055	0	100	0	0	3
326	58214	0	1.91843564	0.731191603	0.733029214	0.731191603	0.73497315	0.000400459305	0.0099906055	0	100	0	0	3
327	58216	0	1.92432042	0.731478469	0.733021871	0.731191603	0.73497315	0.000400226159	0.0099906055	0	100	0	0	3
328	58219	0	1.93020519	0.730742682	0.732998092	0.730742682	0.73497315	0.000400226159	0.0099906055	0	100	0	0	3
329	58221	0	1.93608996	0.730962747	0.732987242	0.730742682	0.73497315	0.000392004326	0.0099906055	0	100	0	0	3
330	58224	0	1.94197473	0.731861905	0.732975195	0.730742682	0.73497315	0.000380145975	0.0099906055	0	100	0	0	3
331	58226	0	1.9478595	0.731417095	0.732957328	0.730742682	0.73497315	0.000357384716	0.0099906055	0	100	0	0	3
332	58229	0	1.95374427	0.733274568	0.732951322	0.730742682	0.73497315	0.000336804665	0.0099906055	0	100	0	0	3
333	58231	0	1.95962905	0.731267358	0.732924782	0.730742682	0.73497315	0.000299004115	0.0099906055	0	100	0	0	3
334	58233	0	1.96551382	0.732342291	0.732894189	0.730742682	0.73497315	0.000280903352	0.0099906055	0	100	0	0	3
335	58236	0	1.97139859	0.731628157	0.732854836	0.730742682	0.734681381	0.000280903352	0.0099906055	0	100	0	0	3
336	58238	0	1.97728336	0.732221705	0.732835905	0.730742682	0.734681381	0.000280903352	0.0099906055	0	100	0	0	3
337	58241	0	1.98316813	0.730685093	0.732808119	0.730685093	0.734681381	0.000280903352	0.0099906055	0	100	0	0	3
338	58243	0	1.98905291	0.731705253	0.732785574	0.730685093	0.734681381	0.000290835805	0.0099906055	0	100	0	0	3
339	58246	0	1.99493768	0.731580435	0.732763421	0.730685093	0.734681381	0.000312989333	0.0099906055	0	100	0	0	3
340	58248	0	2.00082245	0.732695066	0.732768758	0.730685093	0.734681381	0.000312989333	0.0099906055	0	100	0	0	3
341	58251	0	2.00670722	0.73187286	0.732758369	0.730685093	0.734681381	0.000318040585	0.0099906055	0	100	0	0	3
342	58253	0	2.01259199	0.733011539	0.73276344	0.730685093	0.734681381	0.000318040585	0.0099906055	0	100	0	0	3
343	58256	0	2.01847677	0.732634393	0.732764924	0.730685093	0.734681381	0.000318040585	0.0099906055	0	100	0	0	3
344	58259	0	2.02436154	0.733046191	0.732778162	0.730685093	0.734681381	0.000318040585	0.0099906055	0	100	0	0	3
345	58262	0	2.03024631	0.731943759	0.732768132	0.730685093	0.734681381	0.000318040585	0.0099906055	0	100	0	0	3
346	58264	0	2.03613108	0.733077141	0.732781073	0.730685093	0.734681381	0.000318040585	0.0099906055	0	100	0	0	3
347	58267	0	2.04201585	0.733226534	0.732786229	0.730685093	0.734681381	0.000318040585	0.0099906055	0	100	0	0	3
348	58270	0	2.04790063	0.733423955	0.732799324	0.730685093	0.734681381	0.000318040585	0.0099906055	0	100	0	0	3
349	58273	0	2.0537854	0.733168916	0.732801429	0.730685093	0.734681381	0.000318040585	0.0099906055	0	100	0	0	3
350	58275	0	2.05967017	0.734135601	0.732835641	0.730685093	0.734681381	0.000318040585	0.0099906055	0	100	0	0	3
351	58278	0	2.06555494	0.734279413	0.732852598	0.730685093	0.734681381	0.000318040585	0.0099906055	0	100	0	0	3
352	58280	0	2.07143971	0.734648511	0.732889369	0.730685093	0.734681381	0.000318040585	0.0099906055	0	100	0	0	3
353	58283	0	2.07732449	0.734311613	0.732909885	0.730685093	0.734681381	0.000318040585	0.0099906055	0	100	0	0	3
354	58285	0	2.08320926	0.733810104	0.732927834	0.730685093	0.734681381	0.000318040585	0.0099906055	0	100	0	0	3
355	58288	0	2.08909403	0.73349573	0.73293799	0.730685093	0.734681381	0.000318040585	0.0099906055	0	100	0	0	3
356	58290	0	2.0949788	0.733821692	0.732954856	0.730685093	0.734681381	0.000318040585	0.0099906055	0	100	0	0	3
357	58293	0	2.10086357	0.733366205	0.73295096	0.730685093	0.734681381	0.000318040585	0.0099906055	0	100	0	0	3
358	58295	0	2.10674834	0.734066588	0.73295953	0.730685093	0.734681381	0.000318040585	0.0099906055	0	100	0	0	3
359	58298	0	2.11263312	0.733696394	0.732953792	0.730685093	0.734681381	0.000318040585	0.0099906055	0	100	0	0	3
360	58300	0	2.11851789	0.733567806	0.73295433	0.730685093	0.734681381	0.000318040585	0.0099906055	0	100	0	0	3
361	58303	0	2.12440266	0.732993491	0.732942754	0.730685093	0.734681381	0.000318040585	0.0099906055	0	100	0	0	3
362	58306	0	2.13028743	0.733117984	0.732940396	0.730685093	0.734681381	0.000318040585	0.0099906055	0	100	0	0	3
363	58308	0	2.1361722	0.733830402	0.732936915	0.730685093	0.734681381	0.000318040585	0.0099906055	0	100	0	0	3
364	58311	0	2.14205698	0.732689549	0.732944705	0.730685093	0.734681381	0.000318040585	0.0099906055	0	100	0	0	3
365	58314	0	2.14794175	0.732726336	0.73292458	0.730685093	0.734681381	0.000318040585	0.0099906055	0	100	0	0	3
366	58316	0	2.15382652	0.731929766	0.732928196	0.730685093	0.734681381	0.000318040585	0.0099906055	0	100	0	0	3
367	58319	0	2.15971129	0.731573952	0.732898156	0.730685093	0.734681381	0.000318040585	0.0099906055	0	100	0	0	3
368	58321	0	2.16559606	0.731076313	0.732871467	0.730685093	0.734681381	0.000318040585	0.0099906055	0	100	0	0	3
369	58324	0	2.17148084	0.732248139	0.732860818	0.730685093	0.734681381	0.000318040585	0.0099906055	0	100	0	0	3
370	58327	0	2.17736561	0.731965921	0.732850085	0.730685093	0.734681381	0.000318040585	0.0099906055	0	100	0	0	3
371	58329	0	2.18325038	0.732797515	0.732849641	0.730685093	0.734681381	0.000318040585	0.0099906055	0	100	0	0	3
372	58332	0	2.18913515	0.731197279	0.732840034	0.730685093	0.734681381	0.000318040585	0.0099906055	0	100	0	0	3
373	58335	0	2.19501992	0.733217009	0.732852068	0.730685093	0.734681381	0.000318040585	0.0099906055	0	100	0	0	3
374	58337	0	2.2009047	0.731861008	0.732850192	0.730685093	0.734681381	0.000318040585	0.0099906055	0	100	0	0	3
375	58340	0	2.20678947	0.731882876	0.732840338	0.730685093	0.734681381	0.000318040585	0.0099906055	0	100	0	0	3
376	58342	0	2.21267424	0.732347568	0.73283202	0.730685093	0.734681381	0.000318040585	0.0099906055	0	100	0	0	3
377	58344	0	2.21855901	0.732702922	0.732815321	0.730685093	0.734681381	0.000318040585	0.0099906055	0	100	0	0	3
378	58347	0	2.22444378	0.732670519	0.732801499	0.730685093	0.734681381	0.000318040585	0.0099906055	0	100	0	0	3
379	58349	0	2.23032855	0.73381833	0.73280486	0.730685093	0.734681381	0.000318040585	0.0099906055	0	100	0	0	3
380	58352	0	2.23621333	0.733951748	0.732814564	0.730685093	0.734681381	0.000318040585	0.0099906055	0	100	0	0	3
381	58354	0	2.2420981	0.734003983	0.732823667	0.730685093	0.734681381	0.000318040585	0.0099906055	0	100	0	0	3
382	58357	0	2.24798287	0.733479295	0.732832238	0.730685093	0.734681381	0.000318040585	0.0099906055	0	100	0	0	3
383	58359	0	2.25386764	0.733025634	0.732841754	0.730685093	0.734681381	0.000318040585	0.0099906055	0	100	0	0	3
384	58362	0	2.25975241	0.734033424	0.732854831	0.730685093	0.734681381	0.000318040585	0.0099906055	0	100	0	0	3
385	58365	0	2.26563719	0.732321472	0.732864062	0.730685093	0.734681381	0.000318040585	0.0099906055	0	100	0	0	3
386	58368	0	2.27152196	0.734141292	0.732864716	0.730685093	0.734681381	0.000318040585	0.0099906055	0	100	0	0	3
387	58371	0	2.27740673	0.733344036	0.732881686	0.730685093	0.734681381	0.000318040585	0.0099906055	0	100	0	0	3
388	58373	0	2.2832915	0.733047684	0.732875291	0.730685093	0.734681381	0.000318040585	0.0099906055	0	100	0	0	3
389	58376	0	2.28917627	0.734629964	0.732908538	0.730685093	0.734681381	0.000318040585	0.0099906055	0	100	0	0	3
390	58379	0	2.29506105	0.734261763	0.732921624	0.730685093	0.734681381	0.000318040585	0.0099906055	0	100	0	0	3
391	58381	0	2.30094582	0.732562812	0.732929188	0.730685093	0.734681381	0.000318040585	0.0099906055	0	100	0	0	3
392	58384	0	2.30683059	0.733203661	0.732931366	0.730685093	0.734681381	0.000318040585	0.0099906055	0	100	0	0	3
393	58387	0	2.31271536	0.732906501	0.732932357	0.730685093	0.734681381	0.000318040585	0.0099906055	0	100	0	0	3
394	58390	0	2.31860013	0.732664751	0.73291931	0.730685093	0.734681381	0.000318040585	0.0099906055	0	100	0	0	3
395	58392	0	2.32448491	0.732018153	0.732907959	0.730685093	0.734681381	0.000318040585	0.0099906055	0	100	0	0	3
396	58395	0	2.33036968	0.731562203	0.732878402	0.730685093	0.734681381	0.000318040585	0.0099906055	0	100	0	0	3
397	58397	0	2.33625445	0.732105731	0.732860204	0.730685093	0.734681381	0.000318040585	0.0099906055	0	100	0	0	3
398	58400	0	2.34213922	0.733093253	0.732850412	0.730685093	0.734681381	0.000318040585	0.0099906055	0	100	0	0	3
399	58402	0	2.34802399	0.732411628	0.732839536	0.730685093	0.734681381	0.000318040585	0.0099906055	0	100	0	0	3
400	58405	0	2.35390876	0.733233089	0.732832808	0.730685093	0.734681381	0.000318040585	0.0099906055	0	100	0	0	3
401	58412	0	2.35979354	0.733743191	0.732825967	0.730685093	0.734681381	0.000318040585	0.0099906055	0	100	0	0	3
402	58415	0	2.36567831	0.733673521	0.732823169	0.730685093	0.734681381	0.000318040585	0.0099906055	0	100	0	0	3
403	58418	0	2.37156308	0.734062533	0.732819483	0.730685093	0.734681381	0.000318040585	0.0099906055	0	100	0	0	3
404	58420	0	2.37744785	0.731773115	0.732796195	0.730685093	0.734681381	0.000318040585	0.0099906055	0	100	0	0	3
405	58423	0	2.38333262	0.732736545	0.732773314	0.730685093	0.734648511	0.00030959827	0.0099906055	0	100	0	0	3
406	58426	0	2.3892174	0.731944997	0.732768402	0.730685093	0.734648511	0.000305595127	0.0099906055	0	100	0	0	3
407	58428	0	2.39510217	0.731577352	0.732747734	0.730685093	0.734648511	0.000316230305	0.0099906055	0	100	0	0	3
408	58431	0	2.40098694	0.73236309	0.732744972	0.730685093	0.734648511	0.00031398146	0.0099906055	0	100	0	0	3
409	58433	0	2.40687171	0.732540184	0.73273995	0.730685093	0.734648511	0.000304273098	0.0099906055	0	100	0	0	3
410	58436	0	2.41275648	0.732559807	0.732744502	0.730685093	0.734648511	0.000289263784	0.0099906055	0	100	0	0	3
411	58438	0	2.41864126	0.73299548	0.732765724	0.730685093	0.734648511	0.000281921166	0.0099906055	0	100	0	0	3
412	58441	0	2.42452603	0.733170681	0.732785632	0.730685093	0.734648511	0.000258141584	0.0099906055	0	100	0	0	3
413	58443	0	2.4304108	0.733014057	0.732812354	0.730685093	0.734648511	0.000247291814	0.0099906055	0	100	0	0	3
414	58446	0	2.43629557	0.733627368	0.732843703	0.730685093	0.734648511	0.000235245164	0.0099906055	0	100	0	0	3
415	58448	0	2.44218034	0.73343434	0.732862202	0.730685093	0.734648511	0.000219580122	0.0099906055	0	100	0	0	3
416	58450	0	2.44806512	0.733007307	0.732880911	0.730685093	0.734648511	0.000219580122	0.0099906055	0	100	0	0	3
417	58453	0	2.45394989	0.732323494	0.732869721	0.730685093	0.734648511	0.000219580122	0.0099906055	0	100	0	0	3
418	58455	0	2.45983466	0.732040971	0.732878823	0.730685093	0.734648511	0.000219580122	0.0099906055	0	100	0	0	3
419	58457	0	2.46571943	0.731768637	0.732872074	0.730685093	0.734648511	0.000219580122	0.0099906055	0	100	0	0	3
420	58460	0	2.4716042	0.731879612	0.732875032	0.730685093	0.734648511	0.000219580122	0.0099906055	0	100	0	0	3
421	58463	0	2.47748898	0.73243204	0.732877507	0.730685093	0.734648511	0.000219580122	0.0099906055	0	100	0	0	3
422	58465	0	2.48337375	0.731818729	0.732890844	0.731076313	0.734648511	0.000219580122	0.0099906055	0	100	0	0	3
423	58467	0	2.48925852	0.73182273	0.732892226	0.731076313	0.734648511	0.000219580122	0.0099906055	0	100	0	0	3
424	58470	0	2.49514329	0.73223998	0.732899985	0.731076313	0.734648511	0.000219580122	0.0099906055	0	100	0	0	3
425	58473	0	2.50102806	0.732091411	0.732892883	0.731076313	0.734648511	0.000219580122	0.0099906055	0	100	0	0	3
426	58475	0	2.50691283	0.731548254	0.732889064	0.731076313	0.734648511	0.000219580122	0.0099906055	0	100	0	0	3
427	58478	0	2.51279761	0.732096821	0.732878303	0.731076313	0.734648511	0.000219580122	0.0099906055	0	100	0	0	3
428	58480	0	2.51868238	0.732151305	0.73287262	0.731076313	0.734648511	0.000219580122	0.0099906055	0	100	0	0	3
429	58483	0	2.52456715	0.732032396	0.732860693	0.731076313	0.734648511	0.000219580122	0.0099906055	0	100	0	0	3
430	58485	0	2.53045192	0.732237579	0.732864149	0.731076313	0.734648511	0.000219580122	0.0099906055	0	100	0	0	3
431	58488	0	2.53633669	0.732869355	0.732861705	0.731076313	0.734648511	0.000219580122	0.0099906055	0	100	0	0	3
432	58490	0	2.54222147	0.732282182	0.732850595	0.731076313	0.734648511	0.000219580122	0.0099906055	0	100	0	0	3
433	58493	0	2.54810624	0.731979104	0.732833596	0.731076313	0.734648511	0.000219580122	0.0099906055	0	100	0	0	3
434	58495	0	2.55399101	0.731982178	0.732819635	0.731076313	0.734648511	0.000219580122	0.0099906055	0	100	0	0	3
435	58498	0	2.55987578	0.72965225	0.73276689	0.72965225	0.734648511	0.000219580122	0.0099906055	0	100	0	0	3
436	58500	0	2.56576055	0.730680679	0.732724552	0.72965225	0.734648511	0.000234978677	0.0099906055	0	100	0	0	3
437	58503	0	2.57164533	0.73159318	0.732688606	0.72965225	0.734629964	0.000270923748	0.0099906055	0	100	0	0	3
438	58505	0	2.5775301	0.731713799	0.732658044	0.72965225	0.734629964	0.000301486261	0.0099906055	0	100	0	0	3
439	58508	0	2.58341487	0.732653307	0.732644435	0.72965225	0.734629964	0.000315095637	0.0099906055	0	100	0	0	3
440	58510	0	2.58929964	0.732158352	0.732628701	0.72965225	0.734629964	0.000330829493	0.0099906055	0	100	0	0	3
441	58513	0	2.59518441	0.733944686	0.732630148	0.72965225	0.734629964	0.000330829493	0.0099906055	0	100	0	0	3
442	58516	0	2.60106919	0.732465638	0.732619553	0.72965225	0.734629964	0.000339977411	0.0099906055	0	100	0	0	3
443	58518	0	2.60695396	0.734284582	0.732622117	0.72965225	0.734629964	0.000334777534	0.0099906055	0	100	0	0	3
444	58521	0	2.61283873	0.73422685	0.732628358	0.72965225	0.734629964	0.000334777534	0.0099906055	0	100	0	0	3
445	58523	0	2.6187235	0.733866552	0.732631873	0.72965225	0.734629964	0.000325152506	0.0099906055	0	100	0	0	3
446	58526	0	2.62460827	0.733794871	0.732641301	0.72965225	0.734629964	0.000325152506	0.0099906055	0	100	0	0	3
447	58529	0	2.63049304	0.732629986	0.73263556	0.72965225	0.734629964	0.000325152506	0.0099906055	0	100	0	0	3
448	58531	0	2.63637782	0.732197214	0.732616346	0.72965225	0.734629964	0.000328359681	0.0099906055	0	100	0	0	3
449	58534	0	2.64226259	0.733306578	0.732623605	0.72965225	0.734629964	0.000316011365	0.0099906055	0	100	0	0	3
450	58536	0	2.64814736	0.732647972	0.732622683	0.72965225	0.734629964	0.000316011365	0.0099906055	0	100	0	0	3
451	58539	0	2.65403213	0.732973354	0.73263496	0.72965225	0.734629964	0.000316011365	0.0099906055	0	100	0	0	3
452	58542	0	2.6599169	0.734216434	0.732666048	0.72965225	0.734629964	0.000316011365	0.0099906055	0	100	0	0	3
453	58544	0	2.66580168	0.73272479	0.732685442	0.72965225	0.734629964	0.000316011365	0.0099906055	0	100	0	0	3
454	58547	0	2.67168645	0.733801457	0.732703717	0.72965225	0.734629964	0.000316011365	0.0099906055	0	100	0	0	3
455	58549	0	2.67757122	0.732085879	0.732705128	0.72965225	0.734629964	0.000316011365	0.0099906055	0	100	0	0	3
456	58552	0	2.68345599	0.733533231	0.732713783	0.72965225	0.734629964	0.000316011365	0.0099906055	0	100	0	0	3
457	58554	0	2.68934076	0.73219543	0.732725526	0.72965225	0.734629964	0.000316011365	0.0099906055	0	100	0	0	3
458	58557	0	2.69522554	0.733906387	0.732733637	0.72965225	0.734629964	0.000316011365	0.0099906055	0	100	0	0	3
459	58559	0	2.70111031	0.732142776	0.732736951	0.72965225	0.734629964	0.000316011365	0.0099906055	0	100	0	0	3
460	58562	0	2.70699508	0.732030721	0.732738691	0.72965225	0.734629964	0.000316011365	0.0099906055	0	100	0	0	3
461	58564	0	2.71287985	0.731386424	0.732727383	0.72965225	0.734629964	0.000316011365	0.0099906055	0	100	0	0	3
462	58566	0	2.71876462	0.731778886	0.732716512	0.72965225	0.734629964	0.000316011365	0.0099906055	0	100	0	0	3
463	58569	0	2.7246494	0.731758403	0.732705781	0.72965225	0.734629964	0.000316011365	0.0099906055	0	100	0	0	3
464	58571	0	2.73053417	0.732351673	0.732688527	0.72965225	0.734629964	0.000316011365	0.0099906055	0	100	0	0	3
465	58574	0	2.73641894	0.732317421	0.732669299	0.72965225	0.734629964	0.000316011365	0.0099906055	0	100	0	0	3
466	58576	0	2.74230371	0.734100903	0.73267044	0.72965225	0.734629964	0.000316011365	0.0099906055	0	100	0	0	3
467	58579	0	2.74818848	0.732820753	0.732662692	0.72965225	0.734629964	0.000316011365	0.0099906055	0	100	0	0	3
468	58581	0	2.75407326	0.733865347	0.732672571	0.72965225	0.734629964	0.000316011365	0.0099906055	0	100	0	0	3
469	58584	0	2.75995803	0.733696464	0.732668607	0.72965225	0.734629964	0.000316011365	0.0099906055	0	100	0	0	3
470	58587	0	2.7658428	0.733449438	0.732681877	0.72965225	0.734629964	0.000316011365	0.0099906055	0	100	0	0	3
471	58589	0	2.77172757	0.732433053	0.73266178	0.72965225	0.734629964	0.000316011365	0.0099906055	0	100	0	0	3
472	58592	0	2.77761234	0.731940523	0.732645268	0.72965225	0.734629964	0.000316011365	0.0099906055	0	100	0	0	3
473	58594	0	2.78349711	0.732596104	0.732639955	0.72965225	0.734629964	0.000316011365	0.0099906055	0	100	0	0	3
474	58596	0	2.78938189	0.731707848	0.732605578	0.72965225	0.734284582	0.000326779436	0.0099906055	0	100	0	0	3
475	58599	0	2.79526666	0.732095695	0.732580094	0.72965225	0.734284582	0.000352262596	0.0099906055	0	100	0	0	3
476	58601	0	2.80115143	0.731972961	0.732573155	0.72965225	0.734284582	0.000359202026	0.0099906055	0	100	0	0	3
477	58603	0	2.8070362	0.733006937	0.732570841	0.72965225	0.734284582	0.000361516426	0.0099906055	0	100	0	0	3
478	58606	0	2.81292097	0.733434103	0.732577048	0.72965225	0.734284582	0.00034846949	0.0099906055	0	100	0	0	3
479	58608	0	2.81880575	0.73286338	0.732579384	0.72965225	0.734284582	0.000337118463	0.0099906055	0	100	0	0	3
480	58611	0	2.82469052	0.731874018	0.732577689	0.72965225	0.734284582	0.00032914454	0.0099906055	0	100	0	0	3
481	58613	0	2.83057529	0.731185245	0.732573254	0.72965225	0.734284582	0.00032914454	0.0099906055	0	100	0	0	3
482	58616	0	2.83646006	0.731268901	0.732563409	0.72965225	0.734284582	0.000336576217	0.0099906055	0	100	0	0	3
483	58618	0	2.84234483	0.731054557	0.732539424	0.72965225	0.734284582	0.000360560881	0.0099906055	0	100	0	0	3
484	58620	0	2.84822961	0.731262815	0.732525909	0.72965225	0.734284582	0.000374076335	0.0099906055	0	100	0	0	3
485	58623	0	2.85411438	0.731102946	0.732500848	0.72965225	0.734284582	0.000399136834	0.0099906055	0	100	0	0	3
486	58625	0	2.85999915	0.732421941	0.732485304	0.72965225	0.734284582	0.000414680955	0.0099906055	0	100	0	0	3
487	58628	0	2.86588392	0.732195591	0.732467917	0.72965225	0.734284582	0.000432068376	0.0099906055	0	100	0	0	3
488	58631	0	2.87176869	0.732772241	0.732452737	0.72965225	0.734284582	0.000447248288	0.0099906055	0	100	0	0	3
489	58633	0	2.87765347	0.732824802	0.73246511	0.72965225	0.734284582	0.000447248288	0.0099906055	0	100	0	0	3
490	58636	0	2.88353824	0.732879657	0.732466793	0.72965225	0.734284582	0.000447248288	0.0099906055	0	100	0	0	3
491	58638	0	2.88942301	0.732951054	0.732478629	0.72965225	0.734284582	0.000447248288	0.0099906055	0	100	0	0	3
492	58641	0	2.89530778	0.732463217	0.732489051	0.72965225	0.734284582	0.000447248288	0.0099906055	0	100	0	0	3
493	58643	0	2.90119255	0.733202505	0.732498927	0.72965225	0.734284582	0.000447248288	0.0099906055	0	100	0	0	3
494	58646	0	2.90707732	0.732293325	0.732496022	0.72965225	0.734284582	0.000447248288	0.0099906055	0	100	0	0	3
495	58649	0	2.9129621	0.732423298	0.732494416	0.72965225	0.734284582	0.000447248288	0.0099906055	0	100	0	0	3
496	58651	0	2.91884687	0.73233276	0.73248662	0.72965225	0.734284582	0.000447248288	0.0099906055	0	100	0	0	3
497	58654	0	2.92473164	0.732889959	0.732483317	0.72965225	0.734284582	0.000447248288	0.0099906055	0	100	0	0	3
498	58656	0	2.93061641	0.732425279	0.73247639	0.72965225	0.734284582	0.000447248288	0.0099906055	0	100	0	0	3
499	58659	0	2.93650118	0.733210429	0.732471485	0.72965225	0.734284582	0.000447248288	0.0099906055	0	100	0	0	3
500	58661	0	2.94238596	0.732705964	0.732462916	0.72965225	0.734284582	0.000447248288	0.0099906055	0	100	0	0	3
501	58668	0	2.94827073	0.732022771	0.732451333	0.72965225	0.734284582	0.000448651866	0.0099906055	0	100	0	0	3
502	58671	0	2.9541555	0.731792169	0.732445082	0.72965225	0.734284582	0.000454902743	0.0099906055	0	100	0	0	3
503	58673	0	2.96004027	0.731790814	0.732442139	0.72965225	0.734284582	0.000457845765	0.0099906055	0	100	0	0	3
504	58676	0	2.96592504	0.732060027	0.732445567	0.72965225	0.734284582	0.000457845765	0.0099906055	0	100	0	0	3
505	58678	0	2.97180982	0.732205075	0.732449396	0.72965225	0.734284582	0.000457845765	0.0099906055	0	100	0	0	3
506	58680	0	2.97769459	0.730938875	0.73243183	0.72965225	0.734284582	0.000468155316	0.0099906055	0	100	0	0	3
507	58683	0	2.98357936	0.73113754	0.732423816	0.72965225	0.734284582	0.000476169301	0.0099906055	0	100	0	0	3
508	58685	0	2.98946413	0.731028425	0.732414471	0.72965225	0.734284582	0.000485514065	0.0099906055	0	100	0	0	3
509	58688	0	2.9953489	0.73072711	0.732396673	0.72965225	0.734284582	0.000496210717	0.0099906055	0	100	0	0	3
510	58690	0	3.00123368	0.73068293	0.732380102	0.72965225	0.734284582	0.000508962188	0.0099906055	0	100	0	0	3
511	58693	0	3.00711845	0.73222351	0.732388046	0.72965225	0.734284582	0.000498200804	0.0099906055	0	100	0	0	3
512	58695	0	3.01300322	0.731610945	0.73238233	0.72965225	0.734284582	0.000492517408	0.0099906055	0	100	0	0	3
513	58698	0	3.01888799	0.732505118	0.732386493	0.72965225	0.734284582	0.000484047121	0.0099906055	0	100	0	0	3
514	58700	0	3.02477276	0.731773075	0.732383442	0.72965225	0.734284582	0.000484047121	0.0099906055	0	100	0	0	3
515	58703	0	3.03065753	0.732747305	0.732389439	0.72965225	0.734284582	0.000481602583	0.0099906055	0	100	0	0	3
516	58705	0	3.03654231	0.731978282	0.732378955	0.72965225	0.734284582	0.000471639338	0.0099906055	0	100	0	0	3
517	58708	0	3.04242708	0.733755959	0.732396294	0.72965225	0.734284582	0.000454641091	0.0099906055	0	100	0	0	3
518	58711	0	3.04831185	0.73276453	0.732405534	0.72965225	0.734284582	0.000440679474	0.0099906055	0	100	0	0	3
519	58713	0	3.05419662	0.733484544	0.732423209	0.72965225	0.734284582	0.000387934161	0.0099906055	0	100	0	0	3
520	58716	0	3.06008139	0.734146005	0.732476077	0.730680679	0.734284582	0.00035973545	0.0099906055	0	100	0	0	3
521	58718	0	3.06596617	0.732624024	0.73249894	0.73068293	0.734284582	0.00035973545	0.0099906055	0	100	0	0	3
522	58721	0	3.07185094	0.733840344	0.732525377	0.73068293	0.734284582	0.00035973545	0.0099906055	0	100	0	0	3
523	58723	0	3.07773571	0.732481224	0.732534405	0.73068293	0.734284582	0.00035973545	0.0099906055	0	100	0	0	3
524	58726	0	3.08362048	0.733943647	0.732549586	0.73068293	0.734284582	0.00035973545	0.0099906055	0	100	0	0	3
525	58729	0	3.08950525	0.732474095	0.732553301	0.73068293	0.734284582	0.00035973545	0.0099906055	0	100	0	0	3
526	58731	0	3.09539003	0.733755379	0.732551073	0.73068293	0.734284582	0.00035973545	0.0099906055	0	100	0	0	3
527	58734	0	3.1012748	0.73220502	0.732548007	0.73068293	0.734284582	0.00035973545	0.0099906055	0	100	0	0	3
528	58736	0	3.10715957	0.731724024	0.732517883	0.73068293	0.73422685	0.00035973545	0.0099906055	0	100	0	0	3
529	58739	0	3.11304434	0.731612983	0.732487132	0.73068293	0.734216434	0.00035973545	0.0099906055	0	100	0	0	3
530	58742	0	3.11892911	0.73306661	0.732477721	0.73068293	0.734216434	0.00035973545	0.0099906055	0	100	0	0	3
531	58744	0	3.12481389	0.733215244	0.732470902	0.73068293	0.734216434	0.00035973545	0.0099906055	0	100	0	0	3
532	58747	0	3.13069866	0.733584314	0.732482129	0.73068293	0.734216434	0.00035973545	0.0099906055	0	100	0	0	3
533	58750	0	3.13658343	0.733470497	0.732497109	0.73068293	0.734216434	0.00035973545	0.0099906055	0	100	0	0	3
534	58752	0	3.1424682	0.733363572	0.732497779	0.73068293	0.734216434	0.00035973545	0.0099906055	0	100	0	0	3
535	58755	0	3.14835297	0.733007713	0.732502011	0.73068293	0.734216434	0.00035973545	0.0099906055	0	100	0	0	3
536	58757	0	3.15423775	0.7337531	0.732511185	0.73068293	0.734216434	0.00035973545	0.0099906055	0	100	0	0	3
537	58760	0	3.16012252	0.732519441	0.73249122	0.73068293	0.734146005	0.00035973545	0.0099906055	0	100	0	0	3
538	58762	0	3.16600729	0.732122905	0.732484139	0.73068293	0.734146005	0.00035973545	0.0099906055	0	100	0	0	3
539	58765	0	3.17189206	0.732321033	0.732466723	0.73068293	0.734146005	0.00035973545	0.0099906055	0	100	0	0	3
540	58768	0	3.17777683	0.732934598	0.732476708	0.73068293	0.734146005	0.00035973545	0.0099906055	0	100	0	0	3
541	58770	0	3.1836616	0.73353744	0.732476757	0.73068293	0.734146005	0.00035973545	0.0099906055	0	100	0	0	3
542	58772	0	3.18954638	0.733561465	0.732492828	0.73068293	0.734146005	0.00035973545	0.0099906055	0	100	0	0	3
543	58775	0	3.19543115	0.733325842	0.732485998	0.73068293	0.734146005	0.00035973545	0.0099906055	0	100	0	0	3
544	58777	0	3.20131592	0.732126688	0.732485809	0.73068293	0.734146005	0.00035973545	0.0099906055	0	100	0	0	3
545	58780	0	3.20720069	0.733470842	0.732502751	0.73068293	0.734146005	0.000348427875	0.0099906055	0	100	0	0	3
546	58782	0	3.21308546	0.731566172	0.732504866	0.73068293	0.734146005	0.000337556865	0.0099906055	0	100	0	0	3
547	58785	0	3.21897024	0.731730176	0.732504293	0.73068293	0.734146005	0.00032682609	0.0099906055	0	100	0	0	3
548	58788	0	3.22485501	0.731762371	0.73250434	0.73068293	0.734146005	0.000309571303	0.0099906055	0	100	0	0	3
549	58790	0	3.23073978	0.73209919	0.732501369	0.73068293	0.734146005	0.000302921529	0.0099906055	0	100	0	0	3
550	58792	0	3.23662455	0.731555171	0.732492402	0.73068293	0.734146005	0.000302921529	0.0099906055	0	100	0	0	3
551	58795	0	3.24250932	0.732083732	0.73246867	0.73068293	0.734146005	0.000302921529	0.0099906055	0	100	0	0	3
552	58797	0	3.2483941	0.73180569	0.732456728	0.73068293	0.734146005	0.000302921529	0.0099906055	0	100	0	0	3
553	58800	0	3.25427887	0.73272496	0.732443312	0.73068293	0.734146005	0.000302921529	0.0099906055	0	100	0	0	3
554	58802	0	3.26016364	0.7331684	0.7324371	0.73068293	0.734146005	0.000302921529	0.0099906055	0	100	0	0	3
555	58805	0	3.26604841	0.732942079	0.732431131	0.73068293	0.734146005	0.000282824601	0.0099906055	0	100	0	0	3
556	58807	0	3.27193318	0.733324192	0.732441615	0.73068293	0.734146005	0.000266312678	0.0099906055	0	100	0	0	3
557	58810	0	3.27781796	0.732453219	0.732447646	0.73068293	0.734146005	0.000260999977	0.0099906055	0	100	0	0	3
558	58812	0	3.28370273	0.732656507	0.732448357	0.73068293	0.734146005	0.000226622135	0.0099906055	0	100	0	0	3
559	58815	0	3.2895875	0.731686169	0.732448102	0.73068293	0.734146005	0.000201138974	0.0099906055	0	100	0	0	3
560	58817	0	3.29547227	0.731995275	0.73244692	0.73068293	0.734146005	0.000200429033	0.0099906055	0	100	0	0	3
561	58820	0	3.30135704	0.732383936	0.732451755	0.73068293	0.734146005	0.000200429033	0.0099906055	0	100	0	0	3
562	58822	0	3.30724181	0.732162438	0.73244182	0.73068293	0.734146005	0.000200429033	0.0099906055	0	100	0	0	3
563	58825	0	3.31312659	0.73232103	0.732428725	0.73068293	0.734146005	0.000200429033	0.0099906055	0	100	0	0	3
564	58828	0	3.31901136	0.732275438	0.732421808	0.73068293	0.734146005	0.000198733322	0.0099906055	0	100	0	0	3
565	58830	0	3.32489613	0.732390824	0.732427888	0.73068293	0.734146005	0.000194298524	0.0099906055	0	100	0	0	3
566	58833	0	3.3307809	0.732082273	0.732438442	0.73068293	0.734146005	0.000184453467	0.0099906055	0	100	0	0	3
567	58835	0	3.33666567	0.731843534	0.732445202	0.73068293	0.734146005	0.000174345186	0.0099906055	0	100	0	0	3
568	58838	0	3.34255045	0.731884732	0.732454969	0.73068293	0.734146005	0.000174345186	0.0099906055	0	100	0	0	3
569	58840	0	3.34843522	0.73168754	0.732459966	0.73068293	0.734146005	0.000174345186	0.0099906055	0	100	0	0	3
570	58843	0	3.35431999	0.731805994	0.732468237	0.73068293	0.734146005	0.000174345186	0.0099906055	0	100	0	0	3
571	58846	0	3.36020476	0.731187236	0.732453711	0.73068293	0.734146005	0.000174345186	0.0099906055	0	100	0	0	3
572	58848	0	3.36608953	0.731892394	0.732450144	0.73068293	0.734146005	0.000174345186	0.0099906055	0	100	0	0	3
573	58851	0	3.37197431	0.731196512	0.732431606	0.73068293	0.734146005	0.000174345186	0.0099906055	0	100	0	0	3
574	58853	0	3.37785908	0.73173446	0.732418778	0.73068293	0.734146005	0.000174345186	0.0099906055	0	100	0	0	3
575	58856	0	3.38374385	0.731878929	0.732407005	0.73068293	0.734146005	0.000174345186	0.0099906055	0	100	0	0	3
576	58858	0	3.38962862	0.732335209	0.73239976	0.73068293	0.734146005	0.000174345186	0.0099906055	0	100	0	0	3
577	58861	0	3.39551339	0.732227788	0.73239699	0.73068293	0.734146005	0.000174345186	0.0099906055	0	100	0	0	3
578	58864	0	3.40139817	0.732326619	0.732386685	0.73068293	0.734146005	0.000174345186	0.0099906055	0	100	0	0	3
579	58866	0	3.40728294	0.73212792	0.732384739	0.73068293	0.734146005	0.000174345186	0.0099906055	0	100	0	0	3
580	58869	0	3.41316771	0.733004166	0.732391573	0.73068293	0.734146005	0.000174345186	0.0099906055	0	100	0	0	3
581	58871	0	3.41905248	0.732241925	0.732390505	0.73068293	0.734146005	0.000174345186	0.0099906055	0	100	0	0	3
582	58874	0	3.42493725	0.73134937	0.73237238	0.73068293	0.734146005	0.00018092062	0.0099906055	0	100	0	0	3
583	58877	0	3.43082202	0.733883124	0.732389531	0.73068293	0.734146005	0.00018092062	0.0099906055	0	100	0	0	3
584	58879	0	3.4367068	0.733564513	0.732393697	0.73068293	0.734146005	0.00018092062	0.0099906055	0	100	0	0	3
585	58881	0	3.44259157	0.734030696	0.732409282	0.73068293	0.734146005	0.00018092062	0.0099906055	0	100	0	0	3
586	58884	0	3.44847634	0.733050117	0.732421368	0.73068293	0.734146005	0.00018092062	0.0099906055	0	100	0	0	3
587	58886	0	3.45436111	0.733418513	0.732440502	0.73068293	0.734146005	0.00018092062	0.0099906055	0	100	0	0	3
588	58889	0	3.46024588	0.734088839	0.732467537	0.73068293	0.734146005	0.00018092062	0.0099906055	0	100	0	0	3
589	58891	0	3.46613066	0.73211413	0.732468174	0.73068293	0.734146005	0.00018092062	0.0099906055	0	100	0	0	3
590	58893	0	3.47201543	0.732670844	0.732473653	0.73068293	0.734146005	0.00018092062	0.0099906055	0	100	0	0	3
591	58896	0	3.4779002	0.732477017	0.732491749	0.73068293	0.734146005	0.00018092062	0.0099906055	0	100	0	0	3
592	58898	0	3.48378497	0.73271457	0.732510303	0.73068293	0.734146005	0.00018092062	0.0099906055	0	100	0	0	3
593	58901	0	3.48966974	0.731616586	0.732517222	0.73068293	0.734146005	0.00018092062	0.0099906055	0	100	0	0	3
594	58904	0	3.49555452	0.730671508	0.732516568	0.730671508	0.734146005	0.00018092062	0.0099906055	0	100	0	0	3
595	58906	0	3.50143929	0.732741767	0.73254079	0.730671508	0.734146005	0.00018092062	0.0099906055	0	100	0	0	3
596	58909	0	3.50732406	0.734078729	0.732562616	0.730671508	0.734146005	0.000190235689	0.0099906055	0	100	0	0	3
597	58911	0	3.51320883	0.733570147	0.732585665	0.730671508	0.734146005	0.00021328513	0.0099906055	0	100	0	0	3
598	58914	0	3.5190936	0.733281795	0.732594802	0.730671508	0.734146005	0.000222422503	0.0099906055	0	100	0	0	3
599	58916	0	3.52497838	0.731653733	0.732593398	0.730671508	0.734146005	0.000222422503	0.0099906055	0	100	0	0	3
600	58919	0	3.53086315	0.732824934	0.732594312	0.730671508	0.734146005	0.000222422503	0.0099906055	0	100	0	0	3
601	58926	0	3.53674792	0.73149207	0.732588592	0.730671508	0.734146005	0.000222422503	0.0099906055	0	100	0	0	3
602	58928	0	3.54263269	0.73175025	0.732564995	0.730671508	0.734146005	0.000222422503	0.0099906055	0	100	0	0	3
603	58931	0	3.54851746	0.731995374	0.732555946	0.730671508	0.734146005	0.000222422503	0.0099906055	0	100	0	0	3
604	58933	0	3.55440224	0.730230934	0.732517668	0.730230934	0.734146005	0.000222422503	0.0099906055	0	100	0	0	3
605	58936	0	3.56028701	0.730729143	0.73247747	0.730230934	0.734088839	0.000222422503	0.0099906055	0	100	0	0	3
606	58938	0	3.56617178	0.731787485	0.732467628	0.730230934	0.734088839	0.000222422503	0.0099906055	0	100	0	0	3
607	58941	0	3.57205655	0.730335112	0.73242639	0.730230934	0.734088839	0.000222422503	0.0099906055	0	100	0	0	3
608	58943	0	3.57794132	0.73222846	0.732423417	0.730230934	0.734088839	0.000222422503	0.0099906055	0	100	0	0	3
609	58946	0	3.58382609	0.731821917	0.732398455	0.730230934	0.734088839	0.000222422503	0.0099906055	0	100	0	0	3
610	58949	0	3.58971087	0.731624263	0.732388457	0.730230934	0.734088839	0.000222422503	0.0099906055	0	100	0	0	3
611	58951	0	3.59559564	0.73093744	0.732355305	0.730230934	0.734088839	0.000239497614	0.0099906055	0	100	0	0	3
612	58954	0	3.60148041	0.731198598	0.732343465	0.730230934	0.734088839	0.000251337875	0.0099906055	0	100	0	0	3
613	58956	0	3.60736518	0.731072467	0.732335799	0.730230934	0.734088839	0.000259003253	0.0099906055	0	100	0	0	3
614	58959	0	3.61324995	0.731503671	0.732334513	0.730230934	0.734088839	0.000260289282	0.0099906055	0	100	0	0	3
615	58961	0	3.61913473	0.731793253	0.732319533	0.730230934	0.734088839	0.000275269947	0.0099906055	0	100	0	0	3
616	58964	0	3.6250195	0.731981281	0.732305015	0.730230934	0.734088839	0.000289787166	0.0099906055	0	100	0	0	3
617	58966	0	3.63090427	0.731495416	0.73228044	0.730230934	0.734088839	0.000314362441	0.0099906055	0	100	0	0	3
618	58969	0	3.63678904	0.731797004	0.732260752	0.730230934	0.734088839	0.000334050586	0.0099906055	0	100	0	0	3
619	58971	0	3.64267381	0.732033372	0.732245102	0.730230934	0.734088839	0.000349699993	0.0099906055	0	100	0	0	3
620	58974	0	3.64855859	0.731238282	0.732224286	0.730230934	0.734088839	0.000370516835	0.0099906055	0	100	0	0	3
621	58976	0	3.65444336	0.731922906	0.732202754	0.730230934	0.734088839	0.000392048534	0.0099906055	0	100	0	0	3
622	58979	0	3.66032813	0.731212652	0.73218738	0.730230934	0.734088839	0.000407422516	0.0099906055	0	100	0	0	3
623	58981	0	3.6662129	0.731326992	0.732178016	0.730230934	0.734088839	0.000416786199	0.0099906055	0	100	0	0	3
624	58984	0	3.67209767	0.731312937	0.732166156	0.730230934	0.734088839	0.000428646142	0.0099906055	0	100	0	0	3
625	58986	0	3.67798245	0.731133412	0.732144966	0.730230934	0.734088839	0.00044983657	0.0099906055	0	100	0	0	3
626	58988	0	3.68386722	0.731734275	0.732123752	0.730230934	0.734088839	0.000471050283	0.0099906055	0	100	0	0	3
627	58991	0	3.68975199	0.731481056	0.732099277	0.730230934	0.734088839	0.000495525689	0.0099906055	0	100	0	0	3
628	58993	0	3.69563676	0.732210083	0.73208615	0.730230934	0.734088839	0.000508652262	0.0099906055	0	100	0	0	3
629	58995	0	3.70152153	0.732105376	0.732085899	0.730230934	0.734088839	0.000508902991	0.0099906055	0	100	0	0	3
630	58998	0	3.7074063	0.732704793	0.732076887	0.730230934	0.734088839	0.000517915334	0.0099906055	0	100	0	0	3
631	59000	0	3.71329108	0.73257057	0.732088704	0.730230934	0.734088839	0.000517915334	0.0099906055	0	100	0	0	3
632	59003	0	3.71917585	0.73276329	0.732100858	0.730230934	0.734088839	0.000517915334	0.0099906055	0	100	0	0	3
633	59005	0	3.72506062	0.732754815	0.732112534	0.730230934	0.734088839	0.000517915334	0.0099906055	0	100	0	0	3
634	59008	0	3.73094539	0.732469025	0.732116885	0.730230934	0.734088839	0.000517915334	0.0099906055	0	100	0	0	3
635	59011	0	3.73683016	0.732889926	0.732132588	0.730230934	0.734088839	0.000517915334	0.0099906055	0	100	0	0	3
636	59013	0	3.74271494	0.732565155	0.732138251	0.730230934	0.734088839	0.000517915334	0.0099906055	0	100	0	0	3
637	59016	0	3.74859971	0.732558831	0.732147112	0.730230934	0.734088839	0.000517915334	0.0099906055	0	100	0	0	3
638	59018	0	3.75448448	0.733358053	0.73215456	0.730230934	0.734088839	0.000517915334	0.0099906055	0	100	0	0	3
639	59021	0	3.76036925	0.732675952	0.732148767	0.730230934	0.734088839	0.000517915334	0.0099906055	0	100	0	0	3
640	59023	0	3.76625402	0.732949598	0.732148855	0.730230934	0.734088839	0.000517915334	0.0099906055	0	100	0	0	3
641	59026	0	3.7721388	0.73191849	0.732132317	0.730230934	0.734088839	0.000517915334	0.0099906055	0	100	0	0	3
642	59028	0	3.77802357	0.732041417	0.732127473	0.730230934	0.734088839	0.000517915334	0.0099906055	0	100	0	0	3
643	59031	0	3.78390834	0.731098159	0.732109139	0.730230934	0.734088839	0.000517915334	0.0099906055	0	100	0	0	3
644	59034	0	3.78979311	0.732093655	0.732113933	0.730230934	0.734088839	0.000517915334	0.0099906055	0	100	0	0	3
645	59036	0	3.79567788	0.731495379	0.732108052	0.730230934	0.734088839	0.000517915334	0.0099906055	0	100	0	0	3
646	59039	0	3.80156266	0.731113203	0.732093102	0.730230934	0.734088839	0.000517915334	0.0099906055	0	100	0	0	3
647	59041	0	3.80744743	0.731858672	0.732089528	0.730230934	0.734088839	0.000517915334	0.0099906055	0	100	0	0	3
648	59044	0	3.8133322	0.731883033	0.732084376	0.730230934	0.734088839	0.000517915334	0.0099906055	0	100	0	0	3
649	59046	0	3.81921697	0.732483014	0.732086818	0.730230934	0.734088839	0.000517915334	0.0099906055	0	100	0	0	3
650	59049	0	3.82510174	0.731450771	0.732075758	0.730230934	0.734088839	0.000519044302	0.0099906055	0	100	0	0	3
651	59052	0	3.83098651	0.733212926	0.73208906	0.730230934	0.734088839	0.000519044302	0.0099906055	0	100	0	0	3
652	59054	0	3.83687129	0.731899027	0.732089713	0.730230934	0.734088839	0.000519044302	0.0099906055	0	100	0	0	3
653	59057	0	3.84275606	0.731917751	0.732090101	0.730230934	0.734088839	0.000519044302	0.0099906055	0	100	0	0	3
654	59059	0	3.84864083	0.731212147	0.732084508	0.730230934	0.734088839	0.000519044302	0.0099906055	0	100	0	0	3
655	59062	0	3.8545256	0.732666203	0.732094629	0.730230934	0.734088839	0.000519044302	0.0099906055	0	100	0	0	3
656	59064	0	3.86041037	0.731729011	0.732101002	0.730230934	0.734088839	0.000519044302	0.0099906055	0	100	0	0	3
657	59067	0	3.86629515	0.732511713	0.732108288	0.730230934	0.734088839	0.000519044302	0.0099906055	0	100	0	0	3
658	59069	0	3.87217992	0.731345135	0.732110037	0.730230934	0.734088839	0.000519044302	0.0099906055	0	100	0	0	3
659	59072	0	3.87806469	0.732198635	0.732115498	0.730230934	0.734088839	0.000519044302	0.0099906055	0	100	0	0	3
660	59075	0	3.88394946	0.732765842	0.732125932	0.730230934	0.734088839	0.000519044302	0.0099906055	0	100	0	0	3
661	59077	0	3.88983423	0.732294279	0.732125451	0.730230934	0.734088839	0.000519044302	0.0099906055	0	100	0	0	3
662	59080	0	3.89571901	0.732172236	0.732124797	0.730230934	0.734088839	0.000519044302	0.0099906055	0	100	0	0	3
663	59082	0	3.90160378	0.731574131	0.732115944	0.730230934	0.734088839	0.000519044302	0.0099906055	0	100	0	0	3
664	59085	0	3.90748855	0.732603491	0.732121539	0.730230934	0.734088839	0.000519044302	0.0099906055	0	100	0	0	3
665	59088	0	3.91337332	0.731213584	0.732100474	0.730230934	0.734088839	0.000519044302	0.0099906055	0	100	0	0	3
666	59090	0	3.91925809	0.732259904	0.732100685	0.730230934	0.734088839	0.000519044302	0.0099906055	0	100	0	0	3
667	59093	0	3.92514287	0.731624949	0.732103927	0.730230934	0.734088839	0.000519044302	0.0099906055	0	100	0	0	3
668	59095	0	3.93102764	0.731327413	0.73207386	0.730230934	0.734088839	0.0005209425	0.0099906055	0	100	0	0	3
669	59098	0	3.93691241	0.732422079	0.73206042	0.730230934	0.734088839	0.0005343829	0.0099906055	0	100	0	0	3
670	59100	0	3.94279718	0.732337091	0.732040495	0.730230934	0.734088839	0.000554307667	0.0099906055	0	100	0	0	3
671	59103	0	3.94868195	0.732785511	0.732037382	0.730230934	0.734088839	0.000557420677	0.0099906055	0	100	0	0	3
672	59105	0	3.95456673	0.732266381	0.732023827	0.730230934	0.734088839	0.000570975169	0.0099906055	0	100	0	0	3
673	59108	0	3.9604515	0.731800314	0.731996903	0.730230934	0.734078729	0.00059789899	0.0099906055	0	100	0	0	3
674	59111	0	3.96633627	0.734174836	0.732021147	0.730230934	0.734174836	0.00059789899	0.0099906055	0	100	0	0	3
675	59113	0	3.97222104	0.732441642	0.732018451	0.730230934	0.734174836	0.00059789899	0.0099906055	0	100	0	0	3
676	59116	0	3.97810581	0.734413779	0.732041236	0.730230934	0.734413779	0.00059789899	0.0099906055	0	100	0	0	3
677	59118	0	3.98399058	0.734618481	0.732063635	0.730230934	0.734618481	0.00059789899	0.0099906055	0	100	0	0	3
678	59121	0	3.98987536	0.732106742	0.732069402	0.730230934	0.734618481	0.00059789899	0.0099906055	0	100	0	0	3
679	59124	0	3.99576013	0.732519927	0.732091148	0.730230934	0.734618481	0.00059789899	0.0099906055	0	100	0	0	3
680	59127	0	4.0016449	0.732158135	0.732084281	0.730230934	0.734618481	0.00059789899	0.0099906055	0	100	0	0	3
