Iteration	CPUTime	PhysTime	Travels	Value	AvValue	MinValue	MaxValue	Delta	Criteria	Progress	CriteriaType	CriteriaVarType	CriteriaPercentage
1	14	0	0.00588477191	22.2188057	22.2188057	22.2188057	22.2188057	0	0	0	0	0	0	3
2	18	0	0.0117695438	22.218613	22.2187094	22.218613	22.2188057	9.63613567e-05	0	0	0	0	0	3
3	20	0	0.0176543157	22.2186257	22.2186815	22.218613	22.2188057	0.000124245868	0	0	0	0	0	3
4	23	0	0.0235390876	22.2186879	22.2186831	22.218613	22.2188057	0.000124245868	0	0	0	0	0	3
5	26	0	0.0294238596	22.2187541	22.2186973	22.218613	22.2188057	0.000124245868	0	0	0	0	0	3
6	28	0	0.0353086315	22.2188714	22.2187263	22.218613	22.2188714	0.000124245868	0	0	0	0	0	3
7	30	0	0.0411934034	22.2190213	22.2187684	22.218613	22.2190213	0.000124245868	0	0	0	0	0	3
8	33	0	0.0470781753	22.2191899	22.2188211	22.218613	22.2191899	0.000139645798	0	0	0	0	0	3
9	35	0	0.0529629472	22.2193617	22.2188812	22.218613	22.2193617	0.000199714963	0	0	0	0	0	3
10	37	0	0.0588477191	22.2195363	22.2189467	22.218613	22.2195363	0.000265224587	0	0	0	0	0	3
11	39	0	0.064732491	22.2197773	22.2190222	22.218613	22.2197773	0.000340737137	0	0	0	0	0	3
12	41	0	0.0706172629	22.2200126	22.2191048	22.218613	22.2200126	0.000423272858	0	0	0	0	0	3
13	44	0	0.0765020349	22.2202383	22.2191919	22.218613	22.2202383	0.000510469582	0	0	0	0	0	3
14	46	0	0.0823868068	22.2204567	22.2192823	22.218613	22.2204567	0.000600811113	0	0	0	0	0	3
15	48	0	0.0882715787	22.220665	22.2193745	22.218613	22.220665	0.000692988705	0	0	0	0	0	3
16	50	0	0.0941563506	22.2209631	22.2194738	22.218613	22.2209631	0.000792280499	0	0	0	0	0	3
17	52	0	0.100041123	22.2212423	22.2195778	22.218613	22.2212423	0.000896314463	0	0	0	0	0	3
18	55	0	0.105925894	22.2215074	22.219685	22.218613	22.2215074	0.00100351527	0	0	0	0	0	3
19	57	0	0.111810666	22.2217559	22.219794	22.218613	22.2217559	0.00111250998	0	0	0	0	0	3
20	59	0	0.117695438	22.221993	22.2199039	22.218613	22.221993	0.00122246008	0	0	0	0	0	3
21	62	0	0.12358021	22.2223239	22.2200192	22.218613	22.2223239	0.00133769644	0	0	0	0	0	3
22	64	0	0.129464982	22.2226345	22.2201381	22.218613	22.2226345	0.0014565728	0	0	0	0	0	3
23	66	0	0.135349754	22.2229228	22.2202591	22.218613	22.2229228	0.00157764883	0	0	0	0	0	3
24	69	0	0.141234526	22.2231952	22.2203815	22.218613	22.2231952	0.00169998606	0	0	0	0	0	3
25	71	0	0.147119298	22.223452	22.2205043	22.218613	22.223452	0.0018228075	0	0	0	0	0	3
26	73	0	0.15300407	22.2238157	22.2206316	22.218613	22.2238157	0.00195016804	0	0	0	0	0	3
27	76	0	0.158888842	22.2241587	22.2207623	22.218613	22.2241587	0.00208079825	0	0	0	0	0	3
28	78	0	0.164773614	22.2244839	22.2208952	22.218613	22.2244839	0.00221371301	0	0	0	0	0	3
29	80	0	0.170658385	22.2247965	22.2210297	22.218613	22.2247965	0.00234824121	0	0	0	0	0	3
30	82	0	0.176543157	22.2250996	22.2211654	22.218613	22.2250996	0.00248390279	0	0	0	0	0	3
31	85	0	0.182427929	22.225544	22.2213066	22.218613	22.225544	0.00262514824	0	0	0	0	0	3
32	87	0	0.188312701	22.2259818	22.2214527	22.218613	22.2259818	0.0027712461	0	0	0	0	0	3
33	89	0	0.194197473	22.2264197	22.2216032	22.218613	22.2264197	0.00292176111	0	0	0	0	0	3
34	92	0	0.200082245	22.2268665	22.221758	22.218613	22.2268665	0.00307656332	0	0	0	0	0	3
35	94	0	0.205967017	22.2273262	22.2219171	22.218613	22.2273262	0.00323565396	0	0	0	0	0	3
36	96	0	0.211851789	22.2280694	22.222088	22.218613	22.2280694	0.00340654904	0	0	0	0	0	3
37	99	0	0.217736561	22.2288601	22.2222711	22.218613	22.2288601	0.00358957734	0	0	0	0	0	3
38	101	0	0.223621333	22.2297041	22.2224667	22.218613	22.2297041	0.0037851849	0	0	0	0	0	3
39	104	0	0.229506105	22.2305886	22.2226749	22.218613	22.2305886	0.00399344032	0	0	0	0	0	3
40	106	0	0.235390876	22.2314981	22.2228955	22.218613	22.2314981	0.00421401906	0	0	0	0	0	3
41	109	0	0.241275648	22.232795	22.2231369	22.218613	22.232795	0.00445547149	0	0	0	0	0	3
42	111	0	0.24716042	22.2339716	22.2233949	22.218613	22.2339716	0.00471343827	0	0	0	0	0	3
43	114	0	0.253045192	22.23495	22.2236636	22.218613	22.23495	0.00498216102	0	0	0	0	0	3
44	116	0	0.258929964	22.2356971	22.2239371	22.218613	22.2356971	0.00525564865	0	0	0	0	0	3
45	119	0	0.264814736	22.2362112	22.2242099	22.218613	22.2362112	0.00552840578	0	0	0	0	0	3
46	121	0	0.270699508	22.2365177	22.2244774	22.218613	22.2365177	0.00579596603	0	0	0	0	0	3
47	124	0	0.27658428	22.2366632	22.2247367	22.218613	22.2366632	0.00605523687	0	0	0	0	0	3
48	127	0	0.282469052	22.236701	22.224986	22.218613	22.236701	0.00630449217	0	0	0	0	0	3
49	129	0	0.288353824	22.2366701	22.2252244	22.218613	22.236701	0.00654294408	0	0	0	0	0	3
50	132	0	0.294238596	22.2366113	22.2254522	22.218613	22.236701	0.00677068257	0	0	0	0	0	3
51	134	0	0.300123368	22.2365518	22.2256698	22.218613	22.236701	0.00698832286	0	0	0	0	0	3
52	136	0	0.306008139	22.2365025	22.2258781	22.218613	22.236701	0.0071966446	0	0	0	0	0	3
53	139	0	0.311892911	22.2364712	22.226078	22.218613	22.236701	0.00739651415	0	0	0	0	0	3
54	141	0	0.317777683	22.2364586	22.2262702	22.218613	22.236701	0.00758874761	0	0	0	0	0	3
55	144	0	0.323662455	22.2364616	22.2264555	22.218613	22.236701	0.0077740448	0	0	0	0	0	3
56	146	0	0.329547227	22.2364856	22.2266346	22.218613	22.236701	0.007953153	0	0	0	0	0	3
57	148	0	0.335431999	22.2365141	22.226808	22.218613	22.236701	0.00812647777	0	0	0	0	0	3
58	151	0	0.341316771	22.2365424	22.2269758	22.218613	22.236701	0.00829431383	0	0	0	0	0	3
59	153	0	0.347201543	22.2365645	22.2271383	22.218613	22.236701	0.0084568342	0	0	0	0	0	3
60	156	0	0.353086315	22.2365838	22.2272957	22.218613	22.236701	0.00861425978	0	0	0	0	0	3
61	159	0	0.358971087	22.236586	22.227448	22.218613	22.236701	0.00876655962	0	0	0	0	0	3
62	161	0	0.364855859	22.2365878	22.2275955	22.218613	22.236701	0.00891397546	0	0	0	0	0	3
63	164	0	0.37074063	22.2365901	22.2277382	22.218613	22.236701	0.00905674759	0	0	0	0	0	3
64	166	0	0.376625402	22.2365937	22.2278766	22.218613	22.236701	0.00919511379	0	0	0	0	0	3
65	169	0	0.382510174	22.2365964	22.2280107	22.218613	22.236701	0.00932926415	0	0	0	0	0	3
66	172	0	0.388394946	22.2365997	22.2281409	22.218613	22.236701	0.00945939934	0	0	0	0	0	3
67	174	0	0.394279718	22.2366035	22.2282672	22.218613	22.236701	0.00958570716	0	0	0	0	0	3
68	177	0	0.40016449	22.2366056	22.2283898	22.218613	22.236701	0.00970833097	0	0	0	0	0	3
69	179	0	0.406049262	22.2366079	22.2285089	22.218613	22.236701	0.0098274342	0	0	0	0	0	3
70	181	0	0.411934034	22.2366086	22.2286246	22.218613	22.236701	0.00994314465	0	0	0	0	0	3
71	184	0	0.417818806	22.2366204	22.2287372	22.218613	22.236701	0.0100557618	0	0	0	0	0	3
72	187	0	0.423703578	22.2366295	22.2288469	22.218613	22.236701	0.0101653771	0	0	0	0	0	3
73	189	0	0.42958835	22.2366382	22.2289536	22.218613	22.236701	0.0102721083	0	0	0	0	0	3
74	192	0	0.435473122	22.2366463	22.2290575	22.218613	22.236701	0.0103760635	0	0	0	0	0	3
75	194	0	0.441357893	22.2366519	22.2291588	22.218613	22.236701	0.0104773219	0	0	0	0	0	3
76	197	0	0.447242665	22.23666	22.2292575	22.218613	22.236701	0.0105760214	0	0	0	0	0	3
77	199	0	0.453127437	22.2366668	22.2293537	22.218613	22.236701	0.0106722456	0	0	0	0	0	3
78	202	0	0.459012209	22.236674	22.2294476	22.218613	22.236701	0.0107660952	0	0	0	0	0	3
79	204	0	0.464896981	22.2366819	22.2295391	22.218613	22.236701	0.010857669	0	0	0	0	0	3
80	207	0	0.470781753	22.236688	22.2296285	22.218613	22.236701	0.0109470291	0	0	0	0	0	3
81	209	0	0.476666525	22.2366878	22.2297157	22.218613	22.236701	0.0110341811	0	0	0	0	0	3
82	211	0	0.482551297	22.2366883	22.2298007	22.218613	22.236701	0.0111192127	0	0	0	0	0	3
83	214	0	0.488436069	22.2366896	22.2298837	22.218613	22.236701	0.011202212	0	0	0	0	0	3
84	216	0	0.494320841	22.2366922	22.2299647	22.218613	22.236701	0.011283266	0	0	0	0	0	3
85	219	0	0.500205613	22.2366934	22.2300439	22.218613	22.236701	0.0113624269	0	0	0	0	0	3
86	221	0	0.506090384	22.2366895	22.2302543	22.218613	22.236701	0.0115728241	0	0	0	0	0	3
87	224	0	0.511975156	22.2366861	22.2304669	22.2186257	22.236701	0.0117854493	0	0	0	0	0	3
88	226	0	0.517859928	22.2366825	22.2306794	22.2186879	22.236701	0.0119962827	0	0	0	0	0	3
89	229	0	0.5237447	22.2366782	22.230891	22.2187541	22.236701	0.0121937217	0	0	0	0	0	3
90	231	0	0.529629472	22.2366734	22.2311018	22.2188714	22.236701	0.0123755227	0	0	0	0	0	3
91	234	0	0.535514244	22.2366675	22.2313112	22.2190213	22.236701	0.0125427486	0	0	0	0	0	3
92	236	0	0.541399016	22.2366615	22.2315187	22.2191899	22.236701	0.0126975992	0	0	0	0	0	3
93	239	0	0.547283788	22.2366543	22.2317242	22.2193617	22.236701	0.012842994	0	0	0	0	0	3
94	241	0	0.55316856	22.236646	22.2319275	22.2195363	22.236701	0.012980829	0	0	0	0	0	3
95	244	0	0.559053332	22.2366371	22.2321287	22.2197773	22.236701	0.0131065024	0	0	0	0	0	3
96	246	0	0.564938104	22.2366314	22.232327	22.2200126	22.236701	0.01322225	0	0	0	0	0	3
97	249	0	0.570822876	22.2366257	22.2325224	22.2202383	22.236701	0.0133305015	0	0	0	0	0	3
98	251	0	0.576707647	22.23662	22.2327152	22.2204567	22.236701	0.0134328856	0	0	0	0	0	3
99	254	0	0.582592419	22.2366124	22.2329052	22.220665	22.236701	0.0135307753	0	0	0	0	0	3
100	257	0	0.588477191	22.2366062	22.2330928	22.2209631	22.236701	0.0136190274	0	0	0	0	0	3
101	264	0	0.594361963	22.2366088	22.2332769	22.2212423	22.236701	0.0136990601	0	0	0	0	0	3
102	266	0	0.600246735	22.2366124	22.2334577	22.2215074	22.236701	0.0137726833	0	0	0	0	0	3
103	268	0	0.606131507	22.2366143	22.2336354	22.2217559	22.236701	0.0138414173	0	0	0	0	0	3
104	271	0	0.612016279	22.2366183	22.2338103	22.221993	22.236701	0.0139063191	0	0	0	0	0	3
105	273	0	0.617901051	22.2366225	22.2339824	22.2223239	22.236701	0.0139631941	0	0	0	0	0	3
106	275	0	0.623785823	22.2366264	22.2341506	22.2226345	22.236701	0.0140125829	0	0	0	0	0	3
107	278	0	0.629670595	22.2366322	22.2343153	22.2229228	22.236701	0.0137781694	0	0	0	0	0	3
108	280	0	0.635555367	22.2366399	22.2344767	22.2231952	22.236701	0.0135057486	0	0	0	0	0	3
109	283	0	0.641440138	22.2366483	22.234635	22.223452	22.236701	0.0132489691	0	0	0	0	0	3
110	285	0	0.64732491	22.2366557	22.2347903	22.2238157	22.236701	0.0128853093	0	0	0	0	0	3
111	287	0	0.653209682	22.2366636	22.2349415	22.2241587	22.236701	0.0125423074	0	0	0	0	0	3
112	290	0	0.659094454	22.2366726	22.2350887	22.2244839	22.236701	0.0122170795	0	0	0	0	0	3
113	292	0	0.664979226	22.2366807	22.2352322	22.2247965	22.236701	0.0119044602	0	0	0	0	0	3
114	295	0	0.670863998	22.2366889	22.2353721	22.2250996	22.236701	0.0116014022	0	0	0	0	0	3
115	297	0	0.67674877	22.2366964	22.2355085	22.225544	22.236701	0.0111569792	0	0	0	0	0	3
116	300	0	0.682633542	22.2366943	22.2356397	22.2259818	22.236701	0.0107192113	0	0	0	0	0	3
117	302	0	0.688518314	22.236694	22.2357657	22.2264197	22.236701	0.0102812496	0	0	0	0	0	3
118	305	0	0.694403086	22.2366945	22.2358866	22.2268665	22.236701	0.00983445459	0	0	0	0	0	3
119	307	0	0.700287858	22.2366926	22.2360022	22.2273262	22.236701	0.00937475522	0	0	0	0	0	3
120	310	0	0.706172629	22.2366906	22.2361124	22.2280694	22.236701	0.00863161427	0	0	0	0	0	3
121	312	0	0.712057401	22.2366939	22.2362138	22.2288601	22.236701	0.00784089479	0	0	0	0	0	3
122	315	0	0.717942173	22.236698	22.236306	22.2297041	22.236701	0.00699682644	0	0	0	0	0	3
123	317	0	0.723826945	22.2366994	22.2363883	22.2305886	22.236701	0.00611234482	0	0	0	0	0	3
124	320	0	0.729711717	22.2367019	22.2364603	22.2314981	22.2367019	0.00520379631	0	0	0	0	0	3
125	322	0	0.735596489	22.2367028	22.2365215	22.232795	22.2367028	0.00390772569	0	0	0	0	0	3
126	325	0	0.741481261	22.2366932	22.2365674	22.2339716	22.2367028	0.00273121765	0	0	0	0	0	3
127	327	0	0.747366033	22.2366843	22.2365993	22.23495	22.2367028	0.00175277781	0	0	0	0	0	3
128	329	0	0.753250805	22.2366774	22.2366196	22.2356971	22.2367028	0.00100567719	0	0	0	0	0	3
129	332	0	0.759135577	22.2366734	22.2366311	22.2362112	22.2367028	0.000491574618	0	0	0	0	0	3
130	334	0	0.765020349	22.236668	22.2366364	22.2364586	22.2367028	0.000244173319	0	0	0	0	0	3
131	337	0	0.770905121	22.236664	22.2366382	22.2364586	22.2367028	0.000244173319	0	0	0	0	0	3
132	339	0	0.776789892	22.2366587	22.2366381	22.2364586	22.2367028	0.000244173319	0	0	0	0	0	3
133	341	0	0.782674664	22.236654	22.2366376	22.2364586	22.2367028	0.000244173319	0	0	0	0	0	3
134	343	0	0.788559436	22.2366487	22.2366373	22.2364586	22.2367028	0.000244173319	0	0	0	0	0	3
135	346	0	0.794444208	22.2366435	22.2366377	22.2364586	22.2367028	0.000244173319	0	0	0	0	0	3
136	348	0	0.80032898	22.2366411	22.2366387	22.2364586	22.2367028	0.000244173319	0	0	0	0	0	3
137	350	0	0.806213752	22.2366375	22.2366403	22.2364586	22.2367028	0.000244173319	0	0	0	0	0	3
138	352	0	0.812098524	22.2366323	22.2366422	22.2364586	22.2367028	0.000244173319	0	0	0	0	0	3
139	355	0	0.817983296	22.2366273	22.2366442	22.2364616	22.2367028	0.000241200606	0	0	0	0	0	3
140	357	0	0.823868068	22.2366221	22.2366461	22.2364856	22.2367028	0.000217190553	0	0	0	0	0	3
141	359	0	0.82975284	22.2366168	22.2366476	22.2365141	22.2367028	0.000188629168	0	0	0	0	0	3
142	361	0	0.835637612	22.2366114	22.2366488	22.2365424	22.2367028	0.000160324992	0	0	0	0	0	3
143	364	0	0.841522383	22.2366062	22.2366495	22.2365645	22.2367028	0.000138278174	0	0	0	0	0	3
144	366	0	0.847407155	22.2366014	22.23665	22.2365838	22.2367028	0.000118925455	0	0	0	0	0	3
145	369	0	0.853291927	22.2365969	22.2366501	22.236586	22.2367028	0.000116743839	0	0	0	0	0	3
146	371	0	0.859176699	22.2365917	22.2366502	22.2365878	22.2367028	0.000114952318	0	0	0	0	0	3
147	374	0	0.865061471	22.2365864	22.2366502	22.2365864	22.2367028	0.000116391701	0	0	0	0	0	3
148	377	0	0.870946243	22.2365837	22.2366501	22.2365837	22.2367028	0.000119112675	0	0	0	0	0	3
149	379	0	0.876831015	22.2365798	22.2366499	22.2365798	22.2367028	0.000122931414	0	0	0	0	0	3
150	382	0	0.882715787	22.236577	22.2366497	22.236577	22.2367028	0.000125722938	0	0	0	0	0	3
151	384	0	0.888600559	22.2365741	22.2366494	22.2365741	22.2367028	0.000128709627	0	0	0	0	0	3
152	387	0	0.894485331	22.2365726	22.236649	22.2365726	22.2367028	0.000130134575	0	0	0	0	0	3
153	389	0	0.900370103	22.2365729	22.2366487	22.2365726	22.2367028	0.000130134575	0	0	0	0	0	3
154	392	0	0.906254875	22.2365735	22.2366483	22.2365726	22.2367028	0.000130134575	0	0	0	0	0	3
155	394	0	0.912139646	22.2365758	22.2366479	22.2365726	22.2367028	0.000130134575	0	0	0	0	0	3
156	397	0	0.918024418	22.2365836	22.2366474	22.2365726	22.2367028	0.000130134575	0	0	0	0	0	3
157	399	0	0.92390919	22.2365932	22.236647	22.2365726	22.2367028	0.000130134575	0	0	0	0	0	3
158	402	0	0.929793962	22.2366023	22.2366466	22.2365726	22.2367028	0.000130134575	0	0	0	0	0	3
159	405	0	0.935678734	22.2366103	22.2366462	22.2365726	22.2367028	0.000130134575	0	0	0	0	0	3
160	407	0	0.941563506	22.236617	22.2366457	22.2365726	22.2367028	0.000130134575	0	0	0	0	0	3
161	410	0	0.947448278	22.2366189	22.2366453	22.2365726	22.2367028	0.000130134575	0	0	0	0	0	3
162	412	0	0.95333305	22.2366223	22.2366447	22.2365726	22.2367028	0.000130134575	0	0	0	0	0	3
163	414	0	0.959217822	22.2366271	22.2366442	22.2365726	22.2367028	0.000130134575	0	0	0	0	0	3
164	417	0	0.965102594	22.236631	22.2366436	22.2365726	22.2367028	0.000130134575	0	0	0	0	0	3
165	419	0	0.970987366	22.2366359	22.236643	22.2365726	22.2367028	0.000130134575	0	0	0	0	0	3
166	421	0	0.976872137	22.2366357	22.2366424	22.2365726	22.2367028	0.000130134575	0	0	0	0	0	3
167	424	0	0.982756909	22.2366358	22.2366418	22.2365726	22.2367028	0.000130134575	0	0	0	0	0	3
168	426	0	0.988641681	22.2366363	22.2366411	22.2365726	22.2367028	0.000130134575	0	0	0	0	0	3
169	428	0	0.994526453	22.2366358	22.2366405	22.2365726	22.2367028	0.000130134575	0	0	0	0	0	3
170	431	0	1.00041123	22.2366341	22.2366398	22.2365726	22.2367028	0.000130134575	0.000542311894	0	100	0	0	3
171	433	0	1.006296	22.2366372	22.2366391	22.2365726	22.2367028	0.000130134575	0.000542311894	0	100	0	0	3
172	436	0	1.01218077	22.2366391	22.2366386	22.2365726	22.2367028	0.000130134575	0.000542311894	0	100	0	0	3
173	438	0	1.01806554	22.2366427	22.2366381	22.2365726	22.2367028	0.000130134575	0.000542311894	0	100	0	0	3
174	440	0	1.02395031	22.236647	22.2366378	22.2365726	22.2367028	0.000130134575	0.000542311894	0	100	0	0	3
175	443	0	1.02983508	22.236653	22.2366375	22.2365726	22.2367028	0.000130134575	0.000542311894	0	100	0	0	3
176	445	0	1.03571986	22.2366569	22.2366374	22.2365726	22.2367028	0.000130134575	0.000542311894	0	100	0	0	3
177	448	0	1.04160463	22.2366606	22.2366374	22.2365726	22.2367028	0.000130134575	0.000542311894	0	100	0	0	3
178	450	0	1.0474894	22.2366568	22.2366374	22.2365726	22.2367028	0.000130134575	0.000542311894	0	100	0	0	3
179	453	0	1.05337417	22.2366494	22.2366375	22.2365726	22.2367028	0.000130134575	0.000542311894	0	100	0	0	3
180	455	0	1.05925894	22.2366433	22.2366375	22.2365726	22.2367028	0.000130134575	0.000542311894	0	100	0	0	3
181	458	0	1.06514372	22.2366372	22.2366376	22.2365726	22.2367028	0.000130134575	0.000542311894	0	100	0	0	3
182	460	0	1.07102849	22.2366337	22.2366377	22.2365726	22.2367028	0.000130134575	0.000542311894	0	100	0	0	3
183	463	0	1.07691326	22.2366309	22.2366378	22.2365726	22.2367028	0.000130134575	0.000542311894	0	100	0	0	3
184	465	0	1.08279803	22.2366283	22.236638	22.2365726	22.2367028	0.000130134575	0.000542311894	0	100	0	0	3
185	468	0	1.0886828	22.2366255	22.2366382	22.2365726	22.2367028	0.000130134575	0.000542311894	0	100	0	0	3
186	471	0	1.09456758	22.2366219	22.2366384	22.2365726	22.2367028	0.000130134575	0.000542311894	0	100	0	0	3
187	473	0	1.10045235	22.2366185	22.2366385	22.2365726	22.2367028	0.000130134575	0.000542311894	0	100	0	0	3
188	475	0	1.10633712	22.2366154	22.2366385	22.2365726	22.2367028	0.000130134575	0.000542311894	0	100	0	0	3
189	478	0	1.11222189	22.2366178	22.2366385	22.2365726	22.2367028	0.000130134575	0.000542311894	0	100	0	0	3
190	480	0	1.11810666	22.2366195	22.2366384	22.2365726	22.2367028	0.000130134575	0.000542311894	0	100	0	0	3
191	482	0	1.12399144	22.2366205	22.2366384	22.2365726	22.2367028	0.000130134575	0.000542311894	0	100	0	0	3
192	484	0	1.12987621	22.2366216	22.2366382	22.2365726	22.2367028	0.000130134575	0.000542311894	0	100	0	0	3
193	486	0	1.13576098	22.2366312	22.2366381	22.2365726	22.2367028	0.000130134575	0.000542311894	0	100	0	0	3
194	489	0	1.14164575	22.2366393	22.236638	22.2365726	22.2367028	0.000130134575	0.000542311894	0	100	0	0	3
195	491	0	1.14753052	22.236646	22.2366379	22.2365726	22.2367028	0.000130134575	0.000542311894	0	100	0	0	3
196	493	0	1.15341529	22.2366531	22.2366378	22.2365726	22.2367028	0.000130134575	0.000542311894	0	100	0	0	3
197	495	0	1.15930007	22.2366597	22.2366376	22.2365726	22.2367028	0.000130134575	0.000542311894	0	100	0	0	3
198	497	0	1.16518484	22.2366682	22.2366375	22.2365726	22.2367028	0.000130134575	0.000542311894	0	100	0	0	3
199	500	0	1.17106961	22.2366767	22.2366373	22.2365726	22.2367028	0.000130134575	0.000542311894	0	100	0	0	3
200	502	0	1.17695438	22.2366846	22.2366372	22.2365726	22.2367028	0.000130134575	0.000542311894	0	100	0	0	3
201	509	0	1.18283915	22.2366949	22.2366372	22.2365726	22.2367028	0.000130134575	0.000542311894	0	100	0	0	3
202	511	0	1.18872393	22.2367014	22.2366373	22.2365726	22.2367028	0.000130134575	0.000542311894	0	100	0	0	3
203	513	0	1.1946087	22.2366967	22.2366373	22.2365726	22.2367028	0.000130134575	0.000542311894	0	100	0	0	3
204	515	0	1.20049347	22.2366925	22.2366373	22.2365726	22.2367028	0.000130134575	0.000542311894	0	100	0	0	3
205	517	0	1.20637824	22.2366884	22.2366373	22.2365726	22.2367028	0.000130134575	0.000542311894	0	100	0	0	3
206	520	0	1.21226301	22.2366817	22.2366372	22.2365726	22.2367028	0.000130134575	0.000542311894	0	100	0	0	3
207	522	0	1.21814779	22.2366771	22.2366369	22.2365726	22.2367028	0.000130134575	0.000542311894	0	100	0	0	3
208	524	0	1.22403256	22.2366712	22.2366366	22.2365726	22.2367028	0.000130134575	0.000542311894	0	100	0	0	3
209	526	0	1.22991733	22.2366682	22.2366362	22.2365726	22.2367028	0.000128699138	0.000542311894	0	100	0	0	3
210	528	0	1.2358021	22.2366608	22.2366357	22.2365726	22.2367014	8.28385101e-05	0.000542311894	0	100	0	0	3
211	530	0	1.24168687	22.2366544	22.2366352	22.2365726	22.2367014	5.09244132e-05	0.000542311894	0	100	0	0	3
212	533	0	1.24757165	22.2366477	22.2366348	22.2365726	22.2367014	3.06021078e-05	0.000542311894	0	100	0	0	3
213	535	0	1.25345642	22.236648	22.2366345	22.2365726	22.2367014	1.91157057e-05	0.000542311894	0	100	0	0	3
214	537	0	1.25934119	22.2366474	22.2366342	22.2365726	22.2367014	1.6039902e-05	0.000542311894	0	100	0	0	3
215	539	0	1.26522596	22.2366479	22.2366339	22.2365726	22.2367014	1.62761003e-05	0.000542311894	0	100	0	0	3
216	541	0	1.27111073	22.236648	22.2366337	22.2365726	22.2367014	1.64647315e-05	0.000542311894	0	100	0	0	3
217	544	0	1.2769955	22.2366486	22.2366336	22.2365726	22.2367014	1.65838922e-05	0.000542311894	0	100	0	0	3
218	546	0	1.28288028	22.2366518	22.2366336	22.2365726	22.2367014	1.66101702e-05	0.000542311894	0	100	0	0	3
219	549	0	1.28876505	22.2366555	22.2366337	22.2365726	22.2367014	1.66101702e-05	0.000542311894	0	100	0	0	3
220	551	0	1.29464982	22.2366506	22.2366337	22.2365726	22.2367014	1.66101702e-05	0.000542311894	0	100	0	0	3
221	554	0	1.30053459	22.2366457	22.2366338	22.2365726	22.2367014	1.66101702e-05	0.000542311894	0	100	0	0	3
222	556	0	1.30641936	22.236639	22.2366338	22.2365726	22.2367014	1.66101702e-05	0.000542311894	0	100	0	0	3
223	559	0	1.31230414	22.2366352	22.2366338	22.2365726	22.2367014	1.66101702e-05	0.000542311894	0	100	0	0	3
224	561	0	1.31818891	22.2366329	22.2366339	22.2365726	22.2367014	1.66101702e-05	0.000542311894	0	100	0	0	3
225	564	0	1.32407368	22.2366333	22.236634	22.2365726	22.2367014	1.66101702e-05	0.000542311894	0	100	0	0	3
226	566	0	1.32995845	22.2366313	22.2366342	22.2365726	22.2367014	1.66101702e-05	0.000542311894	0	100	0	0	3
227	569	0	1.33584322	22.2366272	22.2366344	22.2365726	22.2367014	1.66101702e-05	0.000542311894	0	100	0	0	3
228	571	0	1.341728	22.2366302	22.2366347	22.2365726	22.2367014	1.66101702e-05	0.000542311894	0	100	0	0	3
229	574	0	1.34761277	22.2366329	22.2366351	22.2365726	22.2367014	1.66101702e-05	0.000542311894	0	100	0	0	3
230	576	0	1.35349754	22.2366353	22.2366355	22.2365726	22.2367014	1.66101702e-05	0.000542311894	0	100	0	0	3
231	579	0	1.35938231	22.2366349	22.236636	22.2365726	22.2367014	1.65932363e-05	0.000542311894	0	100	0	0	3
232	581	0	1.36526708	22.2366327	22.2366366	22.2365726	22.2367014	1.65174912e-05	0.000542311894	0	100	0	0	3
233	584	0	1.37115186	22.2366314	22.2366371	22.2365726	22.2367014	1.63548893e-05	0.000542311894	0	100	0	0	3
234	586	0	1.37703663	22.2366286	22.2366377	22.2365726	22.2367014	1.61276408e-05	0.000542311894	0	100	0	0	3
235	588	0	1.3829214	22.2366211	22.2366382	22.2365726	22.2367014	1.58264394e-05	0.000542311894	0	100	0	0	3
236	591	0	1.38880617	22.2366143	22.2366387	22.2365726	22.2367014	1.54633304e-05	0.000542311894	0	100	0	0	3
237	593	0	1.39469094	22.2366109	22.2366391	22.2365729	22.2367014	1.50782317e-05	0.000542311894	0	100	0	0	3
238	595	0	1.40057572	22.2366081	22.2366396	22.2365735	22.2367014	1.46736182e-05	0.000542311894	0	100	0	0	3
239	598	0	1.40646049	22.2366051	22.2366399	22.2365758	22.2367014	1.42873165e-05	0.000542311894	0	100	0	0	3
240	600	0	1.41234526	22.2366022	22.2366402	22.2365836	22.2367014	1.38537221e-05	0.000542311894	0	100	0	0	3
241	602	0	1.41823003	22.2365998	22.2366404	22.2365932	22.2367014	1.34257695e-05	0.000542311894	0	100	0	0	3
242	604	0	1.4241148	22.2365958	22.2366405	22.2365958	22.2367014	1.30035243e-05	0.000542311894	0	100	0	0	3
243	607	0	1.42999957	22.2365983	22.2366404	22.2365958	22.2367014	1.25800917e-05	0.000542311894	0	100	0	0	3
244	609	0	1.43588435	22.2366003	22.2366403	22.2365958	22.2367014	1.21693796e-05	0.000542311894	0	100	0	0	3
245	611	0	1.44176912	22.2366055	22.2366402	22.2365958	22.2367014	1.16867238e-05	0.000542311894	0	100	0	0	3
246	614	0	1.44765389	22.2366094	22.23664	22.2365958	22.2367014	1.11637971e-05	0.000542311894	0	100	0	0	3
247	616	0	1.45353866	22.2366171	22.23664	22.2365958	22.2367014	1.06122681e-05	0.000542311894	0	100	0	0	3
248	619	0	1.45942343	22.2366243	22.23664	22.2365958	22.2367014	1.00134374e-05	0.000542311894	0	100	0	0	3
249	621	0	1.46530821	22.2366324	22.23664	22.2365958	22.2367014	9.40134339e-06	0.000542311894	0	100	0	0	3
250	624	0	1.47119298	22.236639	22.23664	22.2365958	22.2367014	8.78826954e-06	0.000542311894	0	100	0	0	3
251	626	0	1.47707775	22.2366451	22.2366401	22.2365958	22.2367014	8.17061163e-06	0.000542311894	0	100	0	0	3
252	629	0	1.48296252	22.2366457	22.2366402	22.2365958	22.2367014	7.54299513e-06	0.000542311894	0	100	0	0	3
253	631	0	1.48884729	22.2366461	22.2366403	22.2365958	22.2367014	6.87915045e-06	0.000542311894	0	100	0	0	3
254	633	0	1.49473207	22.2366481	22.2366405	22.2365958	22.2367014	6.91151027e-06	0.000542311894	0	100	0	0	3
255	636	0	1.50061684	22.2366512	22.2366407	22.2365958	22.2367014	7.1125434e-06	0.000542311894	0	100	0	0	3
256	638	0	1.50650161	22.2366505	22.2366408	22.2365958	22.2367014	7.26938635e-06	0.000542311894	0	100	0	0	3
257	641	0	1.51238638	22.2366501	22.236641	22.2365958	22.2367014	7.39895419e-06	0.000542311894	0	100	0	0	3
258	643	0	1.51827115	22.2366481	22.236641	22.2365958	22.2367014	7.46300426e-06	0.000542311894	0	100	0	0	3
259	645	0	1.52415593	22.2366536	22.2366411	22.2365958	22.2367014	7.54092507e-06	0.000542311894	0	100	0	0	3
260	648	0	1.5300407	22.2366573	22.2366412	22.2365958	22.2367014	7.59154725e-06	0.000542311894	0	100	0	0	3
261	650	0	1.53592547	22.2366591	22.2366412	22.2365958	22.2367014	7.61718156e-06	0.000542311894	0	100	0	0	3
262	653	0	1.54181024	22.2366583	22.2366412	22.2365958	22.2367014	7.61718156e-06	0.000542311894	0	100	0	0	3
263	655	0	1.54769501	22.2366595	22.2366412	22.2365958	22.2367014	7.62103487e-06	0.000542311894	0	100	0	0	3
264	657	0	1.55357978	22.2366656	22.2366414	22.2365958	22.2367014	7.81195051e-06	0.000542311894	0	100	0	0	3
265	660	0	1.55946456	22.2366691	22.2366417	22.2365958	22.2367014	8.11520398e-06	0.000542311894	0	100	0	0	3
266	4264	0	1.56534933	22.2366691	22.2366421	22.2365958	22.2367014	8.4906371e-06	0.000542311894	0	100	0	0	3
267	4266	0	1.5712341	22.2366738	22.2366425	22.2365958	22.2367014	8.96210139e-06	0.000542311894	0	100	0	0	3
268	4268	0	1.57711887	22.2366763	22.2366431	22.2365958	22.2367014	9.49711207e-06	0.000542311894	0	100	0	0	3
269	4271	0	1.58300364	22.2366789	22.2366437	22.2365958	22.2367014	1.00925212e-05	0.000542311894	0	100	0	0	3
270	4274	0	1.58888842	22.2366823	22.2366443	22.2365958	22.2367014	1.0761197e-05	0.000542311894	0	100	0	0	3
271	4277	0	1.59477319	22.2366858	22.2366451	22.2365958	22.2367014	1.15122365e-05	0.000542311894	0	100	0	0	3
272	58057	0	1.60065796	22.2366918	22.236646	22.2365958	22.2367014	1.23738826e-05	0.000542311894	0	100	0	0	3
273	58061	0	1.60654273	22.2366967	22.2366469	22.2365958	22.2367014	1.33301471e-05	0.000542311894	0	100	0	0	3
274	58065	0	1.6124275	22.2366974	22.2366478	22.2365958	22.2367014	1.42668729e-05	0.000542311894	0	100	0	0	3
275	58069	0	1.61831228	22.2366994	22.2366488	22.2365958	22.2367014	1.52074881e-05	0.000542311894	0	100	0	0	3
276	58072	0	1.62419705	22.2367027	22.2366498	22.2365958	22.2367027	1.61754777e-05	0.000542311894	0	100	0	0	3
277	58076	0	1.63008182	22.2367024	22.2366507	22.2365958	22.2367027	1.71265232e-05	0.000542311894	0	100	0	0	3
278	58080	0	1.63596659	22.2367012	22.2366515	22.2365958	22.2367027	1.79500012e-05	0.000542311894	0	100	0	0	3
279	58083	0	1.64185136	22.2367054	22.2366523	22.2365958	22.2367054	1.87277895e-05	0.000542311894	0	100	0	0	3
280	58086	0	1.64773614	22.2367084	22.236653	22.2365958	22.2367084	1.94614613e-05	0.000542311894	0	100	0	0	3
281	58089	0	1.65362091	22.2367108	22.2366537	22.2365958	22.2367108	2.0140481e-05	0.000542311894	0	100	0	0	3
282	58092	0	1.65950568	22.2367099	22.2366543	22.2365958	22.2367108	2.07308534e-05	0.000542311894	0	100	0	0	3
283	58095	0	1.66539045	22.2367035	22.2366547	22.2365958	22.2367108	2.11454292e-05	0.000542311894	0	100	0	0	3
284	58098	0	1.67127522	22.2366963	22.236655	22.2365958	22.2367108	2.13759967e-05	0.000542311894	0	100	0	0	3
285	58101	0	1.67716	22.2366871	22.236655	22.2365958	22.2367108	2.14047481e-05	0.000542311894	0	100	0	0	3
286	58104	0	1.68304477	22.2366794	22.2366548	22.2365958	22.2367108	2.14047481e-05	0.000542311894	0	100	0	0	3
287	58107	0	1.68892954	22.2366735	22.2366545	22.2365958	22.2367108	2.14047481e-05	0.000542311894	0	100	0	0	3
288	58110	0	1.69481431	22.2366676	22.2366541	22.2365958	22.2367108	2.14047481e-05	0.000542311894	0	100	0	0	3
289	58113	0	1.70069908	22.2366619	22.2366538	22.2365958	22.2367108	2.14047481e-05	0.000542311894	0	100	0	0	3
290	58116	0	1.70658385	22.2366621	22.2366535	22.2365958	22.2367108	2.14047481e-05	0.000542311894	0	100	0	0	3
291	58118	0	1.71246863	22.2366634	22.2366532	22.2365958	22.2367108	2.14047481e-05	0.000542311894	0	100	0	0	3
292	58121	0	1.7183534	22.2366647	22.2366531	22.2365958	22.2367108	2.14047481e-05	0.000542311894	0	100	0	0	3
293	58123	0	1.72423817	22.2366665	22.236653	22.2365958	22.2367108	2.14047481e-05	0.000542311894	0	100	0	0	3
294	58126	0	1.73012294	22.2366664	22.236653	22.2365958	22.2367108	2.14047481e-05	0.000542311894	0	100	0	0	3
295	58129	0	1.73600771	22.2366694	22.2366531	22.2365958	22.2367108	2.14047481e-05	0.000542311894	0	100	0	0	3
296	58132	0	1.74189249	22.2366724	22.2366533	22.2365958	22.2367108	2.14047481e-05	0.000542311894	0	100	0	0	3
297	58134	0	1.74777726	22.2366647	22.2366535	22.2365958	22.2367108	2.14047481e-05	0.000542311894	0	100	0	0	3
298	58137	0	1.75366203	22.2366578	22.2366536	22.2365958	22.2367108	2.14047481e-05	0.000542311894	0	100	0	0	3
299	58140	0	1.7595468	22.2366467	22.2366536	22.2365958	22.2367108	2.14047481e-05	0.000542311894	0	100	0	0	3
300	58142	0	1.76543157	22.2366394	22.2366535	22.2365958	22.2367108	2.14047481e-05	0.000542311894	0	100	0	0	3
301	58149	0	1.77131635	22.2366334	22.2366534	22.2365958	22.2367108	2.14047481e-05	0.000542311894	0	100	0	0	3
302	58151	0	1.77720112	22.2366279	22.2366531	22.2365958	22.2367108	2.14047481e-05	0.000542311894	0	100	0	0	3
303	58154	0	1.78308589	22.2366239	22.2366528	22.2365958	22.2367108	2.13242037e-05	0.000542311894	0	100	0	0	3
304	58157	0	1.78897066	22.2366215	22.2366524	22.2365958	22.2367108	2.1240898e-05	0.000542311894	0	100	0	0	3
305	58159	0	1.79485543	22.236617	22.236652	22.2365958	22.2367108	2.11872562e-05	0.000542311894	0	100	0	0	3
306	58162	0	1.80074021	22.2366137	22.2366516	22.2365958	22.2367108	2.11702e-05	0.000542311894	0	100	0	0	3
307	58164	0	1.80662498	22.2366135	22.2366513	22.2365958	22.2367108	2.11356457e-05	0.000542311894	0	100	0	0	3
308	58167	0	1.81250975	22.236616	22.2366511	22.2365958	22.2367108	2.10694024e-05	0.000542311894	0	100	0	0	3
309	58169	0	1.81839452	22.2366185	22.2366509	22.2365958	22.2367108	2.09375487e-05	0.000542311894	0	100	0	0	3
310	58172	0	1.82427929	22.2366204	22.2366508	22.2365958	22.2367108	2.07665435e-05	0.000542311894	0	100	0	0	3
311	58174	0	1.83016406	22.236623	22.2366507	22.2365958	22.2367108	2.05808802e-05	0.000542311894	0	100	0	0	3
312	58177	0	1.83604884	22.2366279	22.2366507	22.2365958	22.2367108	2.02996032e-05	0.000542311894	0	100	0	0	3
313	58179	0	1.84193361	22.2366356	22.2366508	22.2365958	22.2367108	1.9927992e-05	0.000542311894	0	100	0	0	3
314	58182	0	1.84781838	22.2366397	22.2366508	22.2365958	22.2367108	1.94762331e-05	0.000542311894	0	100	0	0	3
315	58184	0	1.85370315	22.2366423	22.2366509	22.2365958	22.2367108	1.89678594e-05	0.000542311894	0	100	0	0	3
316	58187	0	1.85958792	22.2366474	22.2366511	22.2365958	22.2367108	1.84229127e-05	0.000542311894	0	100	0	0	3
317	58189	0	1.8654727	22.2366527	22.2366513	22.2365958	22.2367108	1.78615409e-05	0.000542311894	0	100	0	0	3
318	58192	0	1.87135747	22.2366583	22.2366516	22.2365958	22.2367108	1.72877474e-05	0.000542311894	0	100	0	0	3
319	58195	0	1.87724224	22.2366663	22.2366521	22.2365958	22.2367108	1.67698563e-05	0.000542311894	0	100	0	0	3
320	58198	0	1.88312701	22.2366651	22.2366526	22.2365958	22.2367108	1.62966127e-05	0.000542311894	0	100	0	0	3
321	58200	0	1.88901178	22.2366633	22.2366532	22.2365958	22.2367108	1.58469697e-05	0.000542311894	0	100	0	0	3
322	58203	0	1.89489656	22.2366622	22.2366538	22.2365958	22.2367108	1.54321144e-05	0.000542311894	0	100	0	0	3
323	58206	0	1.90078133	22.2366606	22.2366544	22.2365958	22.2367108	1.50611735e-05	0.000542311894	0	100	0	0	3
324	58208	0	1.9066661	22.2366566	22.236655	22.2365958	22.2367108	1.50347445e-05	0.000542311894	0	100	0	0	3
325	58211	0	1.91255087	22.2366528	22.2366556	22.2365958	22.2367108	1.56263903e-05	0.000542311894	0	100	0	0	3
326	58214	0	1.91843564	22.2366524	22.2366562	22.2365958	22.2367108	1.62448746e-05	0.000542311894	0	100	0	0	3
327	58216	0	1.92432042	22.2366496	22.2366568	22.2365983	22.2367108	1.68776491e-05	0.000542311894	0	100	0	0	3
328	58219	0	1.93020519	22.236644	22.2366574	22.2366003	22.2367108	1.74159597e-05	0.000542311894	0	100	0	0	3
329	58221	0	1.93608996	22.2366386	22.2366578	22.2366055	22.2367108	1.78662976e-05	0.000542311894	0	100	0	0	3
330	58224	0	1.94197473	22.2366389	22.2366582	22.2366094	22.2367108	1.82591853e-05	0.000542311894	0	100	0	0	3
331	58226	0	1.9478595	22.2366382	22.2366585	22.2366135	22.2367108	1.85974987e-05	0.000542311894	0	100	0	0	3
332	58229	0	1.95374427	22.2366342	22.2366587	22.2366135	22.2367108	1.87982093e-05	0.000542311894	0	100	0	0	3
333	58231	0	1.95962905	22.236633	22.2366589	22.2366135	22.2367108	1.88832039e-05	0.000542311894	0	100	0	0	3
334	58233	0	1.96551382	22.2366322	22.2366588	22.2366135	22.2367108	1.88465449e-05	0.000542311894	0	100	0	0	3
335	58236	0	1.97139859	22.23663	22.2366587	22.2366135	22.2367108	1.87362269e-05	0.000542311894	0	100	0	0	3
336	58238	0	1.97728336	22.2366319	22.2366586	22.2366135	22.2367108	1.86188843e-05	0.000542311894	0	100	0	0	3
337	58241	0	1.98316813	22.2366353	22.2366585	22.2366135	22.2367108	1.85031691e-05	0.000542311894	0	100	0	0	3
338	58243	0	1.98905291	22.2366424	22.2366584	22.2366135	22.2367108	1.83583095e-05	0.000542311894	0	100	0	0	3
339	58246	0	1.99493768	22.2366491	22.2366584	22.2366135	22.2367108	1.81572764e-05	0.000542311894	0	100	0	0	3
340	58248	0	2.00082245	22.2366536	22.2366585	22.2366135	22.2367108	1.80004334e-05	0.000542311894	0	100	0	0	3
341	58251	0	2.00670722	22.2366606	22.2366586	22.2366135	22.2367108	1.78708656e-05	0.000542311894	0	100	0	0	3
342	58253	0	2.01259199	22.2366678	22.2366588	22.2366135	22.2367108	1.78068155e-05	0.000542311894	0	100	0	0	3
343	58256	0	2.01847677	22.2366742	22.2366591	22.2366135	22.2367108	1.79749172e-05	0.000542311894	0	100	0	0	3
344	58259	0	2.02436154	22.2366795	22.2366594	22.2366135	22.2367108	1.82308617e-05	0.000542311894	0	100	0	0	3
345	58262	0	2.03024631	22.2366891	22.2366598	22.2366135	22.2367108	1.86052288e-05	0.000542311894	0	100	0	0	3
346	58264	0	2.03613108	22.236698	22.2366602	22.2366135	22.2367108	1.90630055e-05	0.000542311894	0	100	0	0	3
347	58267	0	2.04201585	22.236706	22.2366608	22.2366135	22.2367108	1.95929381e-05	0.000542311894	0	100	0	0	3
348	58270	0	2.04790063	22.2367054	22.2366613	22.2366135	22.2367108	1.99422548e-05	0.000542311894	0	100	0	0	3
349	58273	0	2.0537854	22.2367063	22.2366618	22.2366135	22.2367108	2.01171364e-05	0.000542311894	0	100	0	0	3
350	58275	0	2.05967017	22.2366969	22.2366621	22.2366135	22.2367108	2.00690053e-05	0.000542311894	0	100	0	0	3
351	58278	0	2.06555494	22.2366999	22.2366625	22.2366135	22.2367108	1.99602556e-05	0.000542311894	0	100	0	0	3
352	58280	0	2.07143971	22.2366974	22.2366628	22.2366135	22.2367108	1.97026917e-05	0.000542311894	0	100	0	0	3
353	58283	0	2.07732449	22.2366972	22.236663	22.2366135	22.2367108	1.93520235e-05	0.000542311894	0	100	0	0	3
354	58285	0	2.08320926	22.2366981	22.2366633	22.2366135	22.2367108	1.89093517e-05	0.000542311894	0	100	0	0	3
355	58288	0	2.08909403	22.2367002	22.2366635	22.2366135	22.2367108	1.83685346e-05	0.000542311894	0	100	0	0	3
356	58290	0	2.0949788	22.236702	22.2366637	22.2366135	22.2367108	1.76976541e-05	0.000542311894	0	100	0	0	3
357	58293	0	2.10086357	22.2366968	22.2366637	22.2366135	22.2367108	1.68004497e-05	0.000542311894	0	100	0	0	3
358	58295	0	2.10674834	22.2366981	22.2366637	22.2366135	22.2367108	1.58807373e-05	0.000542311894	0	100	0	0	3
359	58298	0	2.11263312	22.2366913	22.2366637	22.2366135	22.2367108	1.49401221e-05	0.000542311894	0	100	0	0	3
360	58300	0	2.11851789	22.2366824	22.2366635	22.2366135	22.2367108	1.39721325e-05	0.000542311894	0	100	0	0	3
361	58303	0	2.12440266	22.2366716	22.2366631	22.2366135	22.2367108	1.30443359e-05	0.000542311894	0	100	0	0	3
362	58306	0	2.13028743	22.236664	22.2366626	22.2366135	22.2367108	1.30443359e-05	0.000542311894	0	100	0	0	3
363	58308	0	2.1361722	22.2366567	22.2366621	22.2366135	22.2367108	1.30443359e-05	0.000542311894	0	100	0	0	3
364	58311	0	2.14205698	22.2366512	22.2366615	22.2366135	22.2367108	1.30443359e-05	0.000542311894	0	100	0	0	3
365	58314	0	2.14794175	22.2366424	22.2366607	22.2366135	22.2367108	1.30443359e-05	0.000542311894	0	100	0	0	3
366	58316	0	2.15382652	22.236634	22.2366598	22.2366135	22.2367099	1.30443359e-05	0.000542311894	0	100	0	0	3
367	58319	0	2.15971129	22.2366266	22.2366588	22.2366135	22.2367063	1.30443359e-05	0.000542311894	0	100	0	0	3
368	58321	0	2.16559606	22.2366197	22.2366578	22.2366135	22.2367063	1.30443359e-05	0.000542311894	0	100	0	0	3
369	58324	0	2.17148084	22.236614	22.2366569	22.2366135	22.2367063	1.30443359e-05	0.000542311894	0	100	0	0	3
370	58327	0	2.17736561	22.2366087	22.2366559	22.2366087	22.2367063	1.30443359e-05	0.000542311894	0	100	0	0	3
371	58329	0	2.18325038	22.236603	22.236655	22.236603	22.2367063	1.30443359e-05	0.000542311894	0	100	0	0	3
372	58332	0	2.18913515	22.2365993	22.2366542	22.2365993	22.2367063	1.30443359e-05	0.000542311894	0	100	0	0	3
373	58335	0	2.19501992	22.2365959	22.2366533	22.2365959	22.2367063	1.30443359e-05	0.000542311894	0	100	0	0	3
374	58337	0	2.2009047	22.2365919	22.2366525	22.2365919	22.2367063	1.30443359e-05	0.000542311894	0	100	0	0	3
375	58340	0	2.20678947	22.2365899	22.2366517	22.2365899	22.2367063	1.30443359e-05	0.000542311894	0	100	0	0	3
376	58342	0	2.21267424	22.2365947	22.2366508	22.2365899	22.2367063	1.30443359e-05	0.000542311894	0	100	0	0	3
377	58344	0	2.21855901	22.2365985	22.2366501	22.2365899	22.2367063	1.36619517e-05	0.000542311894	0	100	0	0	3
378	58347	0	2.22444378	22.2365999	22.2366493	22.2365899	22.2367063	1.44450173e-05	0.000542311894	0	100	0	0	3
379	58349	0	2.23032855	22.2366049	22.2366486	22.2365899	22.2367063	1.51681432e-05	0.000542311894	0	100	0	0	3
380	58352	0	2.23621333	22.2366118	22.2366479	22.2365899	22.2367063	1.58454004e-05	0.000542311894	0	100	0	0	3
381	58354	0	2.2420981	22.2366177	22.2366472	22.2365899	22.2367063	1.64892873e-05	0.000542311894	0	100	0	0	3
382	58357	0	2.24798287	22.2366224	22.2366467	22.2365899	22.2367063	1.69870463e-05	0.000542311894	0	100	0	0	3
383	58359	0	2.25386764	22.2366313	22.2366464	22.2365899	22.2367063	1.72987374e-05	0.000542311894	0	100	0	0	3
384	58362	0	2.25975241	22.2366399	22.2366463	22.2365899	22.2367063	1.73795035e-05	0.000542311894	0	100	0	0	3
385	58365	0	2.26563719	22.2366494	22.2366465	22.2365899	22.2367063	1.73795035e-05	0.000542311894	0	100	0	0	3
386	58368	0	2.27152196	22.2366564	22.2366467	22.2365899	22.2367063	1.73795035e-05	0.000542311894	0	100	0	0	3
387	58371	0	2.27740673	22.236665	22.2366472	22.2365899	22.2367063	1.73795035e-05	0.000542311894	0	100	0	0	3
388	58373	0	2.2832915	22.2366756	22.2366478	22.2365899	22.2367063	1.73795035e-05	0.000542311894	0	100	0	0	3
389	58376	0	2.28917627	22.2366826	22.2366485	22.2365899	22.2367063	1.73795035e-05	0.000542311894	0	100	0	0	3
390	58379	0	2.29506105	22.2366862	22.2366493	22.2365899	22.2367063	1.73795035e-05	0.000542311894	0	100	0	0	3
391	58381	0	2.30094582	22.2366957	22.2366503	22.2365899	22.2367063	1.73795035e-05	0.000542311894	0	100	0	0	3
392	58384	0	2.30683059	22.2367031	22.2366513	22.2365899	22.2367063	1.73795035e-05	0.000542311894	0	100	0	0	3
393	58387	0	2.31271536	22.2366948	22.2366523	22.2365899	22.2367063	1.73795035e-05	0.000542311894	0	100	0	0	3
394	58390	0	2.31860013	22.2366907	22.2366531	22.2365899	22.2367063	1.73795035e-05	0.000542311894	0	100	0	0	3
395	58392	0	2.32448491	22.2366838	22.2366539	22.2365899	22.2367063	1.73795035e-05	0.000542311894	0	100	0	0	3
396	58395	0	2.33036968	22.2366782	22.2366545	22.2365899	22.2367063	1.73795035e-05	0.000542311894	0	100	0	0	3
397	58397	0	2.33625445	22.2366796	22.2366551	22.2365899	22.2367063	1.73795035e-05	0.000542311894	0	100	0	0	3
398	58400	0	2.34213922	22.2366801	22.2366556	22.2365899	22.2367063	1.73795035e-05	0.000542311894	0	100	0	0	3
399	58402	0	2.34802399	22.2366816	22.2366561	22.2365899	22.2367063	1.73795035e-05	0.000542311894	0	100	0	0	3
400	58405	0	2.35390876	22.2366831	22.2366566	22.2365899	22.2367063	1.73795035e-05	0.000542311894	0	100	0	0	3
401	58412	0	2.35979354	22.2366871	22.2366571	22.2365899	22.2367063	1.73795035e-05	0.000542311894	0	100	0	0	3
402	58415	0	2.36567831	22.236687	22.2366575	22.2365899	22.2367063	1.73795035e-05	0.000542311894	0	100	0	0	3
403	58418	0	2.37156308	22.2366871	22.2366578	22.2365899	22.2367063	1.73795035e-05	0.000542311894	0	100	0	0	3
404	58420	0	2.37744785	22.2366867	22.2366581	22.2365899	22.2367063	1.73795035e-05	0.000542311894	0	100	0	0	3
405	58423	0	2.38333262	22.2366787	22.2366582	22.2365899	22.2367063	1.73795035e-05	0.000542311894	0	100	0	0	3
406	58426	0	2.3892174	22.2366737	22.2366583	22.2365899	22.2367063	1.73795035e-05	0.000542311894	0	100	0	0	3
407	58428	0	2.39510217	22.2366667	22.2366584	22.2365899	22.2367063	1.73795035e-05	0.000542311894	0	100	0	0	3
408	58431	0	2.40098694	22.2366619	22.2366584	22.2365899	22.2367063	1.73795035e-05	0.000542311894	0	100	0	0	3
409	58433	0	2.40687171	22.2366573	22.2366584	22.2365899	22.2367063	1.73795035e-05	0.000542311894	0	100	0	0	3
410	58436	0	2.41275648	22.2366528	22.2366584	22.2365899	22.2367063	1.73795035e-05	0.000542311894	0	100	0	0	3
411	58438	0	2.41864126	22.2366547	22.2366584	22.2365899	22.2367063	1.73795035e-05	0.000542311894	0	100	0	0	3
412	58441	0	2.42452603	22.2366557	22.2366585	22.2365899	22.2367063	1.73795035e-05	0.000542311894	0	100	0	0	3
413	58443	0	2.4304108	22.2366498	22.2366586	22.2365899	22.2367063	1.73795035e-05	0.000542311894	0	100	0	0	3
414	58446	0	2.43629557	22.2366431	22.2366586	22.2365899	22.2367063	1.73795035e-05	0.000542311894	0	100	0	0	3
415	58448	0	2.44218034	22.2366395	22.2366586	22.2365899	22.2367063	1.73795035e-05	0.000542311894	0	100	0	0	3
416	58450	0	2.44806512	22.2366337	22.2366586	22.2365899	22.2367063	1.73795035e-05	0.000542311894	0	100	0	0	3
417	58453	0	2.45394989	22.2366274	22.2366585	22.2365899	22.2367063	1.73795035e-05	0.000542311894	0	100	0	0	3
418	58455	0	2.45983466	22.236622	22.2366584	22.2365899	22.2367063	1.73795035e-05	0.000542311894	0	100	0	0	3
419	58457	0	2.46571943	22.2366171	22.2366582	22.2365899	22.2367063	1.73795035e-05	0.000542311894	0	100	0	0	3
420	58460	0	2.4716042	22.2366135	22.236658	22.2365899	22.2367063	1.73795035e-05	0.000542311894	0	100	0	0	3
421	58463	0	2.47748898	22.2366091	22.2366577	22.2365899	22.2367063	1.73795035e-05	0.000542311894	0	100	0	0	3
422	58465	0	2.48337375	22.2366041	22.2366574	22.2365899	22.2367063	1.73795035e-05	0.000542311894	0	100	0	0	3
423	58467	0	2.48925852	22.2365992	22.2366569	22.2365899	22.2367063	1.73795035e-05	0.000542311894	0	100	0	0	3
424	58470	0	2.49514329	22.2365954	22.2366562	22.2365899	22.2367063	1.73795035e-05	0.000542311894	0	100	0	0	3
425	58473	0	2.50102806	22.2365911	22.2366555	22.2365899	22.2367063	1.73795035e-05	0.000542311894	0	100	0	0	3
426	58475	0	2.50691283	22.2365867	22.2366546	22.2365867	22.2367063	1.73795035e-05	0.000542311894	0	100	0	0	3
427	58478	0	2.51279761	22.2365839	22.2366536	22.2365839	22.2367063	1.73795035e-05	0.000542311894	0	100	0	0	3
428	58480	0	2.51868238	22.2365809	22.2366525	22.2365809	22.2367063	1.73795035e-05	0.000542311894	0	100	0	0	3
429	58483	0	2.52456715	22.2365784	22.2366514	22.2365784	22.2367063	1.73795035e-05	0.000542311894	0	100	0	0	3
430	58485	0	2.53045192	22.236577	22.23665	22.236577	22.2367063	1.73795035e-05	0.000542311894	0	100	0	0	3
431	58488	0	2.53633669	22.2365835	22.2366487	22.236577	22.2367063	1.73795035e-05	0.000542311894	0	100	0	0	3
432	58490	0	2.54222147	22.2365886	22.2366473	22.236577	22.2367063	1.73795035e-05	0.000542311894	0	100	0	0	3
433	58493	0	2.54810624	22.2365935	22.236646	22.236577	22.2367063	1.77387718e-05	0.000542311894	0	100	0	0	3
434	58495	0	2.55399101	22.2365962	22.2366447	22.236577	22.2367031	1.90338894e-05	0.000542311894	0	100	0	0	3
435	58498	0	2.55987578	22.2365927	22.2366435	22.236577	22.2367031	2.025934e-05	0.000542311894	0	100	0	0	3
436	58500	0	2.56576055	22.2365904	22.2366422	22.236577	22.2367031	2.15475781e-05	0.000542311894	0	100	0	0	3
437	58503	0	2.57164533	22.23659	22.2366409	22.236577	22.2367031	2.28101939e-05	0.000542311894	0	100	0	0	3
438	58505	0	2.5775301	22.2365902	22.2366397	22.236577	22.2367031	2.40681684e-05	0.000542311894	0	100	0	0	3
439	58508	0	2.58341487	22.2365902	22.2366384	22.236577	22.2367031	2.53380722e-05	0.000542311894	0	100	0	0	3
440	58510	0	2.58929964	22.236589	22.2366371	22.236577	22.2367031	2.66463872e-05	0.000542311894	0	100	0	0	3
441	58513	0	2.59518441	22.2365967	22.2366358	22.236577	22.2367031	2.78853317e-05	0.000542311894	0	100	0	0	3
442	58516	0	2.60106919	22.2366035	22.2366347	22.236577	22.2367031	2.89834436e-05	0.000542311894	0	100	0	0	3
443	58518	0	2.60695396	22.2366079	22.2366337	22.236577	22.2367031	2.99718965e-05	0.000542311894	0	100	0	0	3
444	58521	0	2.61283873	22.236616	22.2366328	22.236577	22.2367031	3.0657121e-05	0.000542311894	0	100	0	0	3
445	58523	0	2.6187235	22.2366235	22.2366321	22.236577	22.2367031	3.09837601e-05	0.000542311894	0	100	0	0	3
446	58526	0	2.62460827	22.2366276	22.2366316	22.236577	22.2367031	3.10489543e-05	0.000542311894	0	100	0	0	3
447	58529	0	2.63049304	22.2366275	22.2366312	22.236577	22.2367031	3.09547826e-05	0.000542311894	0	100	0	0	3
448	58531	0	2.63637782	22.2366262	22.2366308	22.236577	22.2367031	3.06754444e-05	0.000542311894	0	100	0	0	3
449	58534	0	2.64226259	22.2366261	22.2366305	22.236577	22.2367031	3.01947681e-05	0.000542311894	0	100	0	0	3
450	58536	0	2.64814736	22.2366241	22.2366303	22.236577	22.2367031	2.95075732e-05	0.000542311894	0	100	0	0	3
451	58539	0	2.65403213	22.2366278	22.2366302	22.236577	22.2367031	2.86013e-05	0.000542311894	0	100	0	0	3
452	58542	0	2.6599169	22.236632	22.2366303	22.236577	22.2367031	2.84287714e-05	0.000542311894	0	100	0	0	3
453	58544	0	2.66580168	22.2366382	22.2366305	22.236577	22.2367031	2.84287714e-05	0.000542311894	0	100	0	0	3
454	58547	0	2.67168645	22.2366419	22.2366308	22.236577	22.2367031	2.84287714e-05	0.000542311894	0	100	0	0	3
455	58549	0	2.67757122	22.2366475	22.2366313	22.236577	22.2367031	2.84287714e-05	0.000542311894	0	100	0	0	3
456	58552	0	2.68345599	22.2366454	22.2366318	22.236577	22.2367031	2.84287714e-05	0.000542311894	0	100	0	0	3
457	58554	0	2.68934076	22.2366459	22.2366323	22.236577	22.2367031	2.84287714e-05	0.000542311894	0	100	0	0	3
458	58557	0	2.69522554	22.2366395	22.2366328	22.236577	22.2367031	2.84287714e-05	0.000542311894	0	100	0	0	3
459	58559	0	2.70111031	22.2366381	22.2366334	22.236577	22.2367031	2.84287714e-05	0.000542311894	0	100	0	0	3
460	58562	0	2.70699508	22.2366317	22.2366339	22.236577	22.2367031	2.84287714e-05	0.000542311894	0	100	0	0	3
461	58564	0	2.71287985	22.2366288	22.2366343	22.236577	22.2367031	2.84287714e-05	0.000542311894	0	100	0	0	3
462	58566	0	2.71876462	22.2366263	22.2366346	22.236577	22.2367031	2.84287714e-05	0.000542311894	0	100	0	0	3
463	58569	0	2.7246494	22.2366299	22.236635	22.236577	22.2367031	2.84287714e-05	0.000542311894	0	100	0	0	3
464	58571	0	2.73053417	22.2366346	22.2366353	22.236577	22.2367031	2.84287714e-05	0.000542311894	0	100	0	0	3
465	58574	0	2.73641894	22.2366359	22.2366356	22.236577	22.2367031	2.84287714e-05	0.000542311894	0	100	0	0	3
466	58576	0	2.74230371	22.2366382	22.2366358	22.236577	22.2367031	2.84287714e-05	0.000542311894	0	100	0	0	3
467	58579	0	2.74818848	22.2366349	22.236636	22.236577	22.2367031	2.84287714e-05	0.000542311894	0	100	0	0	3
468	58581	0	2.75407326	22.236633	22.236636	22.236577	22.2367031	2.84287714e-05	0.000542311894	0	100	0	0	3
469	58584	0	2.75995803	22.2366341	22.2366359	22.236577	22.2367031	2.84287714e-05	0.000542311894	0	100	0	0	3
470	58587	0	2.7658428	22.2366273	22.2366357	22.236577	22.2367031	2.84287714e-05	0.000542311894	0	100	0	0	3
471	58589	0	2.77172757	22.2366207	22.2366352	22.236577	22.2367031	2.84287714e-05	0.000542311894	0	100	0	0	3
472	58592	0	2.77761234	22.2366163	22.2366347	22.236577	22.2367031	2.84287714e-05	0.000542311894	0	100	0	0	3
473	58594	0	2.78349711	22.2366134	22.2366339	22.236577	22.2367031	2.84287714e-05	0.000542311894	0	100	0	0	3
474	58596	0	2.78938189	22.2366098	22.2366331	22.236577	22.2367031	2.84287714e-05	0.000542311894	0	100	0	0	3
475	58599	0	2.79526666	22.236606	22.2366321	22.236577	22.2367031	2.84287714e-05	0.000542311894	0	100	0	0	3
476	58601	0	2.80115143	22.2366024	22.236631	22.236577	22.2367031	2.84287714e-05	0.000542311894	0	100	0	0	3
477	58603	0	2.8070362	22.2366005	22.2366298	22.236577	22.2366948	2.88048779e-05	0.000542311894	0	100	0	0	3
478	58606	0	2.81292097	22.2365968	22.2366287	22.236577	22.2366907	2.99579221e-05	0.000542311894	0	100	0	0	3
479	58608	0	2.81880575	22.2365906	22.2366275	22.236577	22.2366871	3.11350072e-05	0.000542311894	0	100	0	0	3
480	58611	0	2.82469052	22.2365874	22.2366264	22.236577	22.2366871	3.22689179e-05	0.000542311894	0	100	0	0	3
481	58613	0	2.83057529	22.2365865	22.2366253	22.236577	22.2366871	3.33477859e-05	0.000542311894	0	100	0	0	3
482	58616	0	2.83646006	22.2365842	22.2366242	22.236577	22.2366871	3.44697532e-05	0.000542311894	0	100	0	0	3
483	58618	0	2.84234483	22.236581	22.236623	22.236577	22.2366871	3.56360218e-05	0.000542311894	0	100	0	0	3
484	58620	0	2.84822961	22.2365781	22.2366218	22.236577	22.2366871	3.68532472e-05	0.000542311894	0	100	0	0	3
485	58623	0	2.85411438	22.2365771	22.2366205	22.236577	22.2366871	3.81004268e-05	0.000542311894	0	100	0	0	3
486	58625	0	2.85999915	22.2365784	22.2366193	22.236577	22.2366871	3.93785402e-05	0.000542311894	0	100	0	0	3
487	58628	0	2.86588392	22.2365837	22.2366181	22.236577	22.2366871	4.05933985e-05	0.000542311894	0	100	0	0	3
488	58631	0	2.87176869	22.2365948	22.236617	22.236577	22.2366867	4.16785597e-05	0.000542311894	0	100	0	0	3
489	58633	0	2.87765347	22.2366047	22.236616	22.236577	22.2366787	4.26430352e-05	0.000542311894	0	100	0	0	3
490	58636	0	2.88353824	22.2366085	22.2366152	22.236577	22.2366737	4.3468491e-05	0.000542311894	0	100	0	0	3
491	58638	0	2.88942301	22.236606	22.2366144	22.236577	22.2366667	4.42644487e-05	0.000542311894	0	100	0	0	3
492	58641	0	2.89530778	22.2366087	22.2366137	22.236577	22.2366619	4.49466388e-05	0.000542311894	0	100	0	0	3
493	58643	0	2.90119255	22.2366168	22.2366132	22.236577	22.2366573	4.54764055e-05	0.000542311894	0	100	0	0	3
494	58646	0	2.90707732	22.2366252	22.2366128	22.236577	22.2366557	4.58543501e-05	0.000542311894	0	100	0	0	3
495	58649	0	2.9129621	22.2366321	22.2366125	22.236577	22.2366557	4.60985317e-05	0.000542311894	0	100	0	0	3
496	58651	0	2.91884687	22.2366412	22.2366124	22.236577	22.2366557	4.62577482e-05	0.000542311894	0	100	0	0	3
497	58654	0	2.92473164	22.2366439	22.2366122	22.236577	22.2366498	4.63960006e-05	0.000542311894	0	100	0	0	3
498	58656	0	2.93061641	22.2366451	22.2366122	22.236577	22.2366475	4.64509874e-05	0.000542311894	0	100	0	0	3
499	58659	0	2.93650118	22.2366428	22.2366122	22.236577	22.2366475	4.64543181e-05	0.000542311894	0	100	0	0	3
500	58661	0	2.94238596	22.2366434	22.2366122	22.236577	22.2366475	4.64012574e-05	0.000542311894	0	100	0	0	3
501	58668	0	2.94827073	22.2366442	22.2366124	22.236577	22.2366475	4.63207382e-05	0.000542311894	0	100	0	0	3
502	58671	0	2.9541555	22.2366453	22.2366126	22.236577	22.2366475	4.61918333e-05	0.000542311894	0	100	0	0	3
503	58673	0	2.96004027	22.2366459	22.2366129	22.236577	22.2366475	4.60130565e-05	0.000542311894	0	100	0	0	3
504	58676	0	2.96592504	22.2366467	22.2366132	22.236577	22.2366475	4.58180085e-05	0.000542311894	0	100	0	0	3
505	58678	0	2.97180982	22.2366418	22.2366135	22.236577	22.2366475	4.55494682e-05	0.000542311894	0	100	0	0	3
506	58680	0	2.97769459	22.2366368	22.2366139	22.236577	22.2366475	4.51816789e-05	0.000542311894	0	100	0	0	3
507	58683	0	2.98357936	22.2366306	22.2366142	22.236577	22.2366475	4.46734041e-05	0.000542311894	0	100	0	0	3
508	58685	0	2.98946413	22.2366228	22.2366144	22.236577	22.2366475	4.40412438e-05	0.000542311894	0	100	0	0	3
509	58688	0	2.9953489	22.2366191	22.2366147	22.236577	22.2366475	4.33065935e-05	0.000542311894	0	100	0	0	3
510	58690	0	3.00123368	22.2366139	22.236615	22.236577	22.2366475	4.2437403e-05	0.000542311894	0	100	0	0	3
511	58693	0	3.00711845	22.2366135	22.2366153	22.236577	22.2366475	4.14496499e-05	0.000542311894	0	100	0	0	3
512	58695	0	3.01300322	22.2366121	22.2366156	22.236577	22.2366475	4.0351576e-05	0.000542311894	0	100	0	0	3
513	58698	0	3.01888799	22.2366106	22.236616	22.236577	22.2366475	3.91630055e-05	0.000542311894	0	100	0	0	3
514	58700	0	3.02477276	22.2366152	22.2366164	22.236577	22.2366475	3.78443704e-05	0.000542311894	0	100	0	0	3
515	58703	0	3.03065753	22.2366157	22.2366169	22.2365771	22.2366475	3.6497211e-05	0.000542311894	0	100	0	0	3
516	58705	0	3.03654231	22.2366163	22.2366173	22.2365771	22.2366475	3.51163479e-05	0.000542311894	0	100	0	0	3
517	58708	0	3.04242708	22.2366136	22.2366176	22.2365771	22.2366475	3.38001194e-05	0.000542311894	0	100	0	0	3
518	58711	0	3.04831185	22.2366115	22.2366178	22.2365771	22.2366475	3.25050018e-05	0.000542311894	0	100	0	0	3
519	58713	0	3.05419662	22.2366133	22.236618	22.2365771	22.2366475	3.12795511e-05	0.000542311894	0	100	0	0	3
520	58716	0	3.06008139	22.23662	22.2366183	22.2365771	22.2366475	2.9991313e-05	0.000542311894	0	100	0	0	3
521	58718	0	3.06596617	22.2366222	22.2366187	22.2365771	22.2366475	2.87286972e-05	0.000542311894	0	100	0	0	3
522	58721	0	3.07185094	22.2366243	22.2366191	22.2365771	22.2366475	2.74707227e-05	0.000542311894	0	100	0	0	3
523	58723	0	3.07773571	22.2366275	22.2366195	22.2365771	22.2366475	2.62008189e-05	0.000542311894	0	100	0	0	3
524	58726	0	3.08362048	22.2366278	22.2366199	22.2365771	22.2366475	2.4892504e-05	0.000542311894	0	100	0	0	3
525	58729	0	3.08950525	22.2366287	22.2366204	22.2365771	22.2366475	2.38055362e-05	0.000542311894	0	100	0	0	3
526	58731	0	3.09539003	22.2366319	22.2366208	22.2365771	22.2366475	2.38055362e-05	0.000542311894	0	100	0	0	3
527	58734	0	3.1012748	22.2366338	22.2366212	22.2365771	22.2366475	2.38055362e-05	0.000542311894	0	100	0	0	3
528	58736	0	3.10715957	22.2366359	22.2366215	22.2365771	22.2366475	2.38055362e-05	0.000542311894	0	100	0	0	3
529	58739	0	3.11304434	22.2366341	22.2366217	22.2365771	22.2366475	2.38055362e-05	0.000542311894	0	100	0	0	3
530	58742	0	3.11892911	22.2366389	22.2366219	22.2365771	22.2366475	2.38055362e-05	0.000542311894	0	100	0	0	3
531	58744	0	3.12481389	22.236641	22.2366221	22.2365771	22.2366475	2.38055362e-05	0.000542311894	0	100	0	0	3
532	58747	0	3.13069866	22.2366448	22.2366223	22.2365771	22.2366475	2.38055362e-05	0.000542311894	0	100	0	0	3
533	58750	0	3.13658343	22.2366346	22.2366224	22.2365771	22.2366475	2.38055362e-05	0.000542311894	0	100	0	0	3
534	58752	0	3.1424682	22.236626	22.2366224	22.2365771	22.2366475	2.38055362e-05	0.000542311894	0	100	0	0	3
535	58755	0	3.14835297	22.2366191	22.2366223	22.2365771	22.2366475	2.38055362e-05	0.000542311894	0	100	0	0	3
536	58757	0	3.15423775	22.2366127	22.2366221	22.2365771	22.2366475	2.38055362e-05	0.000542311894	0	100	0	0	3
537	58760	0	3.16012252	22.2366065	22.2366218	22.2365771	22.2366475	2.38055362e-05	0.000542311894	0	100	0	0	3
538	58762	0	3.16600729	22.2366012	22.2366214	22.2365771	22.2366475	2.38055362e-05	0.000542311894	0	100	0	0	3
539	58765	0	3.17189206	22.2366046	22.236621	22.2365771	22.2366475	2.38055362e-05	0.000542311894	0	100	0	0	3
540	58768	0	3.17777683	22.2366101	22.2366205	22.2365771	22.2366467	2.38055362e-05	0.000542311894	0	100	0	0	3
541	58770	0	3.1836616	22.2366141	22.2366202	22.2365771	22.2366467	2.38055362e-05	0.000542311894	0	100	0	0	3
542	58772	0	3.18954638	22.2366112	22.2366197	22.2365771	22.2366467	2.38055362e-05	0.000542311894	0	100	0	0	3
543	58775	0	3.19543115	22.236611	22.2366194	22.2365771	22.2366467	2.38055362e-05	0.000542311894	0	100	0	0	3
544	58777	0	3.20131592	22.2366111	22.2366191	22.2365771	22.2366467	2.38055362e-05	0.000542311894	0	100	0	0	3
545	58780	0	3.20720069	22.2366062	22.2366188	22.2365771	22.2366467	2.38055362e-05	0.000542311894	0	100	0	0	3
546	58782	0	3.21308546	22.2366047	22.2366185	22.2365771	22.2366467	2.38055362e-05	0.000542311894	0	100	0	0	3
547	58785	0	3.21897024	22.2366038	22.2366182	22.2365771	22.2366467	2.38055362e-05	0.000542311894	0	100	0	0	3
548	58788	0	3.22485501	22.2366026	22.2366179	22.2365771	22.2366467	2.38055362e-05	0.000542311894	0	100	0	0	3
549	58790	0	3.23073978	22.2365983	22.2366175	22.2365771	22.2366467	2.38055362e-05	0.000542311894	0	100	0	0	3
550	58792	0	3.23662455	22.2365987	22.2366171	22.2365771	22.2366467	2.38055362e-05	0.000542311894	0	100	0	0	3
551	58795	0	3.24250932	22.2365982	22.2366166	22.2365771	22.2366467	2.38055362e-05	0.000542311894	0	100	0	0	3
552	58797	0	3.2483941	22.2365991	22.2366162	22.2365771	22.2366467	2.38055362e-05	0.000542311894	0	100	0	0	3
553	58800	0	3.25427887	22.2365979	22.2366158	22.2365771	22.2366467	2.37376137e-05	0.000542311894	0	100	0	0	3
554	58802	0	3.26016364	22.2366025	22.2366154	22.2365771	22.2366467	2.34767844e-05	0.000542311894	0	100	0	0	3
555	58805	0	3.26604841	22.2366046	22.2366151	22.2365771	22.2366467	2.30569722e-05	0.000542311894	0	100	0	0	3
556	58807	0	3.27193318	22.2366101	22.236615	22.2365771	22.2366467	2.24845421e-05	0.000542311894	0	100	0	0	3
557	58810	0	3.27781796	22.2366155	22.236615	22.2365771	22.2366467	2.17533105e-05	0.000542311894	0	100	0	0	3
558	58812	0	3.28370273	22.2366231	22.2366151	22.2365771	22.2366467	2.08976107e-05	0.000542311894	0	100	0	0	3
559	58815	0	3.2895875	22.2366295	22.2366153	22.2365771	22.2366467	1.99549518e-05	0.000542311894	0	100	0	0	3
560	58817	0	3.29547227	22.2366267	22.2366156	22.2365771	22.2366467	1.88568554e-05	0.000542311894	0	100	0	0	3
561	58820	0	3.30135704	22.2366251	22.2366158	22.2365771	22.2366467	1.76494401e-05	0.000542311894	0	100	0	0	3
562	58822	0	3.30724181	22.2366286	22.2366162	22.2365771	22.2366467	1.64963959e-05	0.000542311894	0	100	0	0	3
563	58825	0	3.31312659	22.2366299	22.2366166	22.2365771	22.2366467	1.53193108e-05	0.000542311894	0	100	0	0	3
564	58828	0	3.31901136	22.2366266	22.236617	22.2365771	22.2366467	1.41854001e-05	0.000542311894	0	100	0	0	3
565	58830	0	3.32489613	22.2366222	22.2366174	22.2365771	22.2366467	1.31065322e-05	0.000542311894	0	100	0	0	3
566	58833	0	3.3307809	22.2366198	22.2366178	22.2365771	22.2366467	1.19845649e-05	0.000542311894	0	100	0	0	3
567	58835	0	3.33666567	22.2366183	22.2366182	22.2365771	22.2366467	1.08182962e-05	0.000542311894	0	100	0	0	3
568	58838	0	3.34255045	22.236614	22.2366186	22.2365771	22.2366467	1.01814023e-05	0.000542311894	0	100	0	0	3
569	58840	0	3.34843522	22.2366121	22.236619	22.2365771	22.2366467	1.01814023e-05	0.000542311894	0	100	0	0	3
570	58843	0	3.35431999	22.2366096	22.2366194	22.2365784	22.2366467	1.01814023e-05	0.000542311894	0	100	0	0	3
571	58846	0	3.36020476	22.2366057	22.2366197	22.2365837	22.2366467	1.01814023e-05	0.000542311894	0	100	0	0	3
572	58848	0	3.36608953	22.2366089	22.23662	22.2365948	22.2366467	1.01814023e-05	0.000542311894	0	100	0	0	3
573	58851	0	3.37197431	22.2366109	22.2366202	22.2365979	22.2366467	1.01814023e-05	0.000542311894	0	100	0	0	3
574	58853	0	3.37785908	22.2366124	22.2366202	22.2365979	22.2366467	1.01814023e-05	0.000542311894	0	100	0	0	3
575	58856	0	3.38374385	22.2366141	22.2366203	22.2365979	22.2366467	1.01814023e-05	0.000542311894	0	100	0	0	3
576	58858	0	3.38962862	22.2366188	22.2366205	22.2365979	22.2366467	1.01814023e-05	0.000542311894	0	100	0	0	3
577	58861	0	3.39551339	22.2366248	22.2366207	22.2365979	22.2366467	1.01814023e-05	0.000542311894	0	100	0	0	3
578	58864	0	3.40139817	22.2366335	22.2366208	22.2365979	22.2366467	1.01814023e-05	0.000542311894	0	100	0	0	3
579	58866	0	3.40728294	22.2366407	22.236621	22.2365979	22.2366467	1.01814023e-05	0.000542311894	0	100	0	0	3
580	58869	0	3.41316771	22.2366489	22.2366212	22.2365979	22.2366489	1.01814023e-05	0.000542311894	0	100	0	0	3
581	58871	0	3.41905248	22.2366558	22.2366214	22.2365979	22.2366558	1.01814023e-05	0.000542311894	0	100	0	0	3
582	58874	0	3.42493725	22.2366682	22.2366217	22.2365979	22.2366682	1.01814023e-05	0.000542311894	0	100	0	0	3
583	58877	0	3.43082202	22.2366774	22.2366221	22.2365979	22.2366774	1.01814023e-05	0.000542311894	0	100	0	0	3
584	58879	0	3.4367068	22.2366826	22.2366225	22.2365979	22.2366826	1.02998372e-05	0.000542311894	0	100	0	0	3
585	58881	0	3.44259157	22.2366904	22.2366231	22.2365979	22.2366904	1.07297801e-05	0.000542311894	0	100	0	0	3
586	58884	0	3.44847634	22.2366993	22.2366237	22.2365979	22.2366993	1.11675929e-05	0.000542311894	0	100	0	0	3
587	58886	0	3.45436111	22.2366989	22.2366244	22.2365979	22.2366993	1.15162684e-05	0.000542311894	0	100	0	0	3
588	58889	0	3.46024588	22.2366897	22.2366249	22.2365979	22.2366993	1.16821966e-05	0.000542311894	0	100	0	0	3
589	58891	0	3.46613066	22.236683	22.2366253	22.2365979	22.2366993	1.17755461e-05	0.000542311894	0	100	0	0	3
590	58893	0	3.47201543	22.2366796	22.2366258	22.2365979	22.2366993	1.18951545e-05	0.000542311894	0	100	0	0	3
591	58896	0	3.4779002	22.2366735	22.2366262	22.2365979	22.2366993	1.20152393e-05	0.000542311894	0	100	0	0	3
592	58898	0	3.48378497	22.2366666	22.2366266	22.2365979	22.2366993	1.21619451e-05	0.000542311894	0	100	0	0	3
593	58901	0	3.48966974	22.2366615	22.2366271	22.2365979	22.2366993	1.23389483e-05	0.000542311894	0	100	0	0	3
594	58904	0	3.49555452	22.2366561	22.2366275	22.2365979	22.2366993	1.25197701e-05	0.000542311894	0	100	0	0	3
595	58906	0	3.50143929	22.2366573	22.236628	22.2365979	22.2366993	1.30305768e-05	0.000542311894	0	100	0	0	3
596	58909	0	3.50732406	22.236656	22.2366285	22.2365979	22.2366993	1.35309535e-05	0.000542311894	0	100	0	0	3
597	58911	0	3.51320883	22.2366473	22.2366289	22.2365979	22.2366993	1.39452083e-05	0.000542311894	0	100	0	0	3
598	58914	0	3.5190936	22.2366384	22.2366293	22.2365979	22.2366993	1.42725501e-05	0.000542311894	0	100	0	0	3
599	58916	0	3.52497838	22.2366296	22.2366294	22.2365979	22.2366993	1.44427806e-05	0.000542311894	0	100	0	0	3
600	58919	0	3.53086315	22.2366223	22.2366295	22.2365979	22.2366993	1.45206682e-05	0.000542311894	0	100	0	0	3
601	58926	0	3.53674792	22.2366163	22.2366295	22.2365979	22.2366993	1.45209123e-05	0.000542311894	0	100	0	0	3
602	58928	0	3.54263269	22.2366109	22.2366295	22.2365979	22.2366993	1.45209123e-05	0.000542311894	0	100	0	0	3
603	58931	0	3.54851746	22.236605	22.2366294	22.2365979	22.2366993	1.45209123e-05	0.000542311894	0	100	0	0	3
604	58933	0	3.55440224	22.2366012	22.2366293	22.2365979	22.2366993	1.45209123e-05	0.000542311894	0	100	0	0	3
605	58936	0	3.56028701	22.2365969	22.236629	22.2365969	22.2366993	1.45209123e-05	0.000542311894	0	100	0	0	3
606	58938	0	3.56617178	22.2365933	22.2366286	22.2365933	22.2366993	1.45209123e-05	0.000542311894	0	100	0	0	3
607	58941	0	3.57205655	22.236591	22.2366282	22.236591	22.2366993	1.45209123e-05	0.000542311894	0	100	0	0	3
608	58943	0	3.57794132	22.2365882	22.2366278	22.2365882	22.2366993	1.45209123e-05	0.000542311894	0	100	0	0	3
609	58946	0	3.58382609	22.2365889	22.2366273	22.2365882	22.2366993	1.45209123e-05	0.000542311894	0	100	0	0	3
610	58949	0	3.58971087	22.2365871	22.2366268	22.2365871	22.2366993	1.45209123e-05	0.000542311894	0	100	0	0	3
611	58951	0	3.59559564	22.2365852	22.2366263	22.2365852	22.2366993	1.45209123e-05	0.000542311894	0	100	0	0	3
612	58954	0	3.60148041	22.2365814	22.2366257	22.2365814	22.2366993	1.45209123e-05	0.000542311894	0	100	0	0	3
613	58956	0	3.60736518	22.2365786	22.236625	22.2365786	22.2366993	1.45209123e-05	0.000542311894	0	100	0	0	3
614	58959	0	3.61324995	22.2365756	22.2366243	22.2365756	22.2366993	1.45209123e-05	0.000542311894	0	100	0	0	3
615	58961	0	3.61913473	22.2365752	22.2366236	22.2365752	22.2366993	1.45209123e-05	0.000542311894	0	100	0	0	3
616	58964	0	3.6250195	22.2365745	22.2366228	22.2365745	22.2366993	1.45209123e-05	0.000542311894	0	100	0	0	3
617	58966	0	3.63090427	22.2365729	22.2366219	22.2365729	22.2366993	1.45209123e-05	0.000542311894	0	100	0	0	3
618	58969	0	3.63678904	22.2365717	22.2366212	22.2365717	22.2366993	1.45209123e-05	0.000542311894	0	100	0	0	3
619	58971	0	3.64267381	22.2365703	22.2366205	22.2365703	22.2366993	1.45209123e-05	0.000542311894	0	100	0	0	3
620	58974	0	3.64855859	22.2365702	22.23662	22.2365702	22.2366993	1.45209123e-05	0.000542311894	0	100	0	0	3
621	58976	0	3.65444336	22.2365707	22.2366195	22.2365702	22.2366993	1.45209123e-05	0.000542311894	0	100	0	0	3
622	58979	0	3.66032813	22.2365693	22.236619	22.2365693	22.2366993	1.45209123e-05	0.000542311894	0	100	0	0	3
623	58981	0	3.6662129	22.2365735	22.2366187	22.2365693	22.2366993	1.45209123e-05	0.000542311894	0	100	0	0	3
624	58984	0	3.67209767	22.2365847	22.2366185	22.2365693	22.2366993	1.45209123e-05	0.000542311894	0	100	0	0	3
625	58986	0	3.67798245	22.2365917	22.2366183	22.2365693	22.2366993	1.45209123e-05	0.000542311894	0	100	0	0	3
626	58988	0	3.68386722	22.2365908	22.236618	22.2365693	22.2366993	1.45209123e-05	0.000542311894	0	100	0	0	3
627	58991	0	3.68975199	22.2365906	22.2366177	22.2365693	22.2366993	1.45209123e-05	0.000542311894	0	100	0	0	3
628	58993	0	3.69563676	22.2365916	22.2366175	22.2365693	22.2366993	1.45209123e-05	0.000542311894	0	100	0	0	3
629	58995	0	3.70152153	22.2365873	22.2366172	22.2365693	22.2366993	1.45209123e-05	0.000542311894	0	100	0	0	3
630	58998	0	3.7074063	22.2365874	22.236617	22.2365693	22.2366993	1.45209123e-05	0.000542311894	0	100	0	0	3
631	59000	0	3.71329108	22.2365906	22.2366168	22.2365693	22.2366993	1.45209123e-05	0.000542311894	0	100	0	0	3
632	59003	0	3.71917585	22.2365949	22.2366167	22.2365693	22.2366993	1.45209123e-05	0.000542311894	0	100	0	0	3
633	59005	0	3.72506062	22.2366011	22.2366167	22.2365693	22.2366993	1.45209123e-05	0.000542311894	0	100	0	0	3
634	59008	0	3.73094539	22.236608	22.2366168	22.2365693	22.2366993	1.45209123e-05	0.000542311894	0	100	0	0	3
635	59011	0	3.73683016	22.2366172	22.236617	22.2365693	22.2366993	1.45209123e-05	0.000542311894	0	100	0	0	3
636	59013	0	3.74271494	22.2366269	22.2366174	22.2365693	22.2366993	1.45209123e-05	0.000542311894	0	100	0	0	3
637	59016	0	3.74859971	22.2366379	22.2366178	22.2365693	22.2366993	1.45209123e-05	0.000542311894	0	100	0	0	3
638	59018	0	3.75448448	22.2366468	22.2366184	22.2365693	22.2366993	1.45209123e-05	0.000542311894	0	100	0	0	3
639	59021	0	3.76036925	22.2366489	22.236619	22.2365693	22.2366993	1.45209123e-05	0.000542311894	0	100	0	0	3
640	59023	0	3.76625402	22.2366517	22.2366195	22.2365693	22.2366993	1.45209123e-05	0.000542311894	0	100	0	0	3
641	59026	0	3.7721388	22.236657	22.2366201	22.2365693	22.2366993	1.45209123e-05	0.000542311894	0	100	0	0	3
642	59028	0	3.77802357	22.2366528	22.2366205	22.2365693	22.2366993	1.44070978e-05	0.000542311894	0	100	0	0	3
643	59031	0	3.78390834	22.2366508	22.2366208	22.2365693	22.2366993	1.41758081e-05	0.000542311894	0	100	0	0	3
644	59034	0	3.78979311	22.2366516	22.2366211	22.2365693	22.2366993	1.39330036e-05	0.000542311894	0	100	0	0	3
645	59036	0	3.79567788	22.23665	22.2366214	22.2365693	22.2366993	1.36659894e-05	0.000542311894	0	100	0	0	3
646	59039	0	3.80156266	22.2366441	22.2366216	22.2365693	22.2366993	1.33349127e-05	0.000542311894	0	100	0	0	3
647	59041	0	3.80744743	22.2366397	22.2366217	22.2365693	22.2366993	1.29451599e-05	0.000542311894	0	100	0	0	3
648	59044	0	3.8133322	22.2366356	22.2366218	22.2365693	22.2366993	1.27847474e-05	0.000542311894	0	100	0	0	3
649	59046	0	3.81921697	22.2366302	22.2366218	22.2365693	22.2366993	1.27847474e-05	0.000542311894	0	100	0	0	3
650	59049	0	3.82510174	22.2366224	22.2366218	22.2365693	22.2366993	1.27847474e-05	0.000542311894	0	100	0	0	3
651	59052	0	3.83098651	22.2366158	22.2366218	22.2365693	22.2366993	1.27847474e-05	0.000542311894	0	100	0	0	3
652	59054	0	3.83687129	22.2366112	22.2366217	22.2365693	22.2366993	1.27847474e-05	0.000542311894	0	100	0	0	3
653	59057	0	3.84275606	22.236607	22.2366216	22.2365693	22.2366993	1.27847474e-05	0.000542311894	0	100	0	0	3
654	59059	0	3.84864083	22.2366011	22.2366215	22.2365693	22.2366993	1.27847474e-05	0.000542311894	0	100	0	0	3
655	59062	0	3.8545256	22.2365971	22.2366213	22.2365693	22.2366993	1.27847474e-05	0.000542311894	0	100	0	0	3
656	59064	0	3.86041037	22.2365926	22.2366212	22.2365693	22.2366993	1.27847474e-05	0.000542311894	0	100	0	0	3
657	59067	0	3.86629515	22.2365871	22.2366209	22.2365693	22.2366993	1.27847474e-05	0.000542311894	0	100	0	0	3
658	59069	0	3.87217992	22.2365872	22.2366207	22.2365693	22.2366993	1.27847474e-05	0.000542311894	0	100	0	0	3
659	59072	0	3.87806469	22.2365875	22.2366204	22.2365693	22.2366993	1.27847474e-05	0.000542311894	0	100	0	0	3
660	59075	0	3.88394946	22.2365848	22.23662	22.2365693	22.2366993	1.27847474e-05	0.000542311894	0	100	0	0	3
661	59077	0	3.88983423	22.2365806	22.2366196	22.2365693	22.2366993	1.27847474e-05	0.000542311894	0	100	0	0	3
662	59080	0	3.89571901	22.2365746	22.236619	22.2365693	22.2366993	1.27847474e-05	0.000542311894	0	100	0	0	3
663	59082	0	3.90160378	22.2365704	22.2366182	22.2365693	22.2366993	1.27847474e-05	0.000542311894	0	100	0	0	3
664	59085	0	3.90748855	22.2365663	22.2366174	22.2365663	22.2366993	1.27847474e-05	0.000542311894	0	100	0	0	3
665	59088	0	3.91337332	22.2365635	22.2366164	22.2365635	22.2366993	1.31467376e-05	0.000542311894	0	100	0	0	3
666	59090	0	3.91925809	22.2365611	22.2366152	22.2365611	22.2366993	1.42606759e-05	0.000542311894	0	100	0	0	3
667	59093	0	3.92514287	22.2365585	22.2366139	22.2365585	22.2366993	1.55513253e-05	0.000542311894	0	100	0	0	3
668	59095	0	3.93102764	22.2365558	22.2366125	22.2365558	22.2366993	1.69814429e-05	0.000542311894	0	100	0	0	3
669	59098	0	3.93691241	22.2365618	22.2366111	22.2365558	22.2366993	1.840329e-05	0.000542311894	0	100	0	0	3
670	59100	0	3.94279718	22.2365668	22.2366096	22.2365558	22.2366993	1.98574156e-05	0.000542311894	0	100	0	0	3
671	59103	0	3.94868195	22.236574	22.2366082	22.2365558	22.2366989	2.13315297e-05	0.000542311894	0	100	0	0	3
672	59105	0	3.95456673	22.2365837	22.2366068	22.2365558	22.2366897	2.26860329e-05	0.000542311894	0	100	0	0	3
673	59108	0	3.9604515	22.2365954	22.2366057	22.2365558	22.236683	2.37944235e-05	0.000542311894	0	100	0	0	3
674	59111	0	3.96633627	22.2366047	22.2366048	22.2365558	22.2366796	2.47152658e-05	0.000542311894	0	100	0	0	3
675	59113	0	3.97222104	22.2366162	22.236604	22.2365558	22.2366735	2.54612263e-05	0.000542311894	0	100	0	0	3
676	59116	0	3.97810581	22.2366265	22.2366035	22.2365558	22.2366666	2.60134722e-05	0.000542311894	0	100	0	0	3
677	59118	0	3.98399058	22.2366345	22.2366031	22.2365558	22.2366615	2.63907392e-05	0.000542311894	0	100	0	0	3
678	59121	0	3.98987536	22.236638	22.2366028	22.2365558	22.2366573	2.66669976e-05	0.000542311894	0	100	0	0	3
679	59124	0	3.99576013	22.2366403	22.2366026	22.2365558	22.2366573	2.68523156e-05	0.000542311894	0	100	0	0	3
680	59127	0	4.0016449	22.2366436	22.2366025	22.2365558	22.236657	2.70135906e-05	0.000542311894	0	100	0	0	3
