Iteration	CPUTime	PhysTime	Travels	Value	AvValue	MinValue	MaxValue	Delta	Criteria	Progress	CriteriaType	CriteriaVarType	CriteriaPercentage
1	14	0	0.00588477191	-0.0014085637	-0.0014085637	-0.0014085637	-0.0014085637	0	0	0	0	0	0	3
2	18	0	0.0117695438	3.34911312e-05	-0.000687536286	-0.0014085637	3.34911312e-05	0.000721027417	0	0	0	0	0	3
3	20	0	0.0176543157	-0.000388311799	-0.00058779479	-0.0014085637	3.34911312e-05	0.000820768912	0	0	0	0	0	3
4	23	0	0.0235390876	0.001438723	-8.11653415e-05	-0.0014085637	0.001438723	0.00132739836	0	0	0	0	0	3
5	26	0	0.0294238596	0.00142740624	0.000220548975	-0.0014085637	0.001438723	0.00162911268	0	0	0	0	0	3
6	28	0	0.0353086315	0.00113778967	0.000373422423	-0.0014085637	0.001438723	0.00178198613	0	0	0	0	0	3
7	30	0	0.0411934034	-0.000271620073	0.000281273495	-0.0014085637	0.001438723	0.00178198613	0	0	0	0	0	3
8	33	0	0.0470781753	0.000100646452	0.000258695115	-0.0014085637	0.001438723	0.00178198613	0	0	0	0	0	3
9	35	0	0.0529629472	-0.000434078027	0.000181720321	-0.0014085637	0.001438723	0.00178198613	0	0	0	0	0	3
10	37	0	0.0588477191	0.000219014516	0.000185449741	-0.0014085637	0.001438723	0.00178198613	0	0	0	0	0	3
11	39	0	0.064732491	-0.000396269412	0.000132566182	-0.0014085637	0.001438723	0.00178198613	0	0	0	0	0	3
12	41	0	0.0706172629	-0.000132626138	0.000110466822	-0.0014085637	0.001438723	0.00178198613	0	0	0	0	0	3
13	44	0	0.0765020349	2.14212234e-05	0.00010361716	-0.0014085637	0.001438723	0.00178198613	0	0	0	0	0	3
14	46	0	0.0823868068	-9.38867857e-07	9.61488725e-05	-0.0014085637	0.001438723	0.00178198613	0	0	0	0	0	3
15	48	0	0.0882715787	0.000386350418	0.000115495642	-0.0014085637	0.001438723	0.00178198613	0	0	0	0	0	3
16	50	0	0.0941563506	0.000967373645	0.000168738017	-0.0014085637	0.001438723	0.00178198613	0	0	0	0	0	3
17	52	0	0.100041123	0.0013203416	0.000236479405	-0.0014085637	0.001438723	0.00178198613	0	0	0	0	0	3
18	55	0	0.105925894	0.00184413649	0.000325793687	-0.0014085637	0.00184413649	0.00178198613	0	0	0	0	0	3
19	57	0	0.111810666	0.00182383443	0.000404637937	-0.0014085637	0.00184413649	0.00181320164	0	0	0	0	0	3
20	59	0	0.117695438	0.00251565481	0.000510188781	-0.0014085637	0.00251565481	0.00191875248	0	0	0	0	0	3
21	62	0	0.12358021	0.002158349	0.000588672601	-0.0014085637	0.00251565481	0.0019972363	0	0	0	0	0	3
22	64	0	0.129464982	0.00278201452	0.000688369961	-0.0014085637	0.00278201452	0.00209693366	0	0	0	0	0	3
23	66	0	0.135349754	0.00271166585	0.000776339347	-0.0014085637	0.00278201452	0.00218490305	0	0	0	0	0	3
24	69	0	0.141234526	0.00313037217	0.000874424048	-0.0014085637	0.00313037217	0.00228298775	0	0	0	0	0	3
25	71	0	0.147119298	0.00371181631	0.000987919739	-0.0014085637	0.00371181631	0.00239648344	0	0	0	0	0	3
26	73	0	0.15300407	0.00474770068	0.0011325267	-0.0014085637	0.00474770068	0.0025410904	0	0	0	0	0	3
27	76	0	0.158888842	0.0050333078	0.00127700007	-0.0014085637	0.0050333078	0.00268556378	0	0	0	0	0	3
28	78	0	0.164773614	0.00536191213	0.00142288979	-0.0014085637	0.00536191213	0.00283145349	0	0	0	0	0	3
29	80	0	0.170658385	0.00492089254	0.00154351057	-0.0014085637	0.00536191213	0.00295207428	0	0	0	0	0	3
30	82	0	0.176543157	0.005245263	0.00166690232	-0.0014085637	0.00536191213	0.00307546602	0	0	0	0	0	3
31	85	0	0.182427929	0.00386053551	0.00173766468	-0.0014085637	0.00536191213	0.00314622838	0	0	0	0	0	3
32	87	0	0.188312701	0.00327411538	0.00178567877	-0.0014085637	0.00536191213	0.00319424247	0	0	0	0	0	3
33	89	0	0.194197473	0.00296670899	0.00182146756	-0.0014085637	0.00536191213	0.00323003126	0	0	0	0	0	3
34	92	0	0.200082245	0.00174351374	0.0018191748	-0.0014085637	0.00536191213	0.00323003126	0	0	0	0	0	3
35	94	0	0.205967017	0.0014082445	0.00180743394	-0.0014085637	0.00536191213	0.00323003126	0	0	0	0	0	3
36	96	0	0.211851789	-0.0016454779	0.00171151972	-0.0016454779	0.00536191213	0.00323003126	0	0	0	0	0	3
37	99	0	0.217736561	-0.00162515069	0.00162133944	-0.0016454779	0.00536191213	0.00323003126	0	0	0	0	0	3
38	101	0	0.223621333	-0.00231261593	0.0015178143	-0.00231261593	0.00536191213	0.00323003126	0	0	0	0	0	3
39	104	0	0.229506105	-0.00292917087	0.00140378903	-0.00292917087	0.00536191213	0.00323003126	0	0	0	0	0	3
40	106	0	0.235390876	-0.00346852768	0.00128198112	-0.00346852768	0.00536191213	0.00323003126	0	0	0	0	0	3
41	109	0	0.241275648	-0.00420614191	0.00114812446	-0.00420614191	0.00536191213	0.00323003126	0	0	0	0	0	3
42	111	0	0.24716042	-0.00358242594	0.00103549231	-0.00420614191	0.00536191213	0.00323003126	0	0	0	0	0	3
43	114	0	0.253045192	-0.00507829355	0.000893311239	-0.00507829355	0.00536191213	0.00323003126	0	0	0	0	0	3
44	116	0	0.258929964	-0.00504450427	0.000758360887	-0.00507829355	0.00536191213	0.00323003126	0	0	0	0	0	3
45	119	0	0.264814736	-0.00523165071	0.000625249518	-0.00523165071	0.00536191213	0.00323003126	0	0	0	0	0	3
46	121	0	0.270699508	-0.0076577611	0.00044518407	-0.0076577611	0.00536191213	0.00323003126	0	0	0	0	0	3
47	124	0	0.27658428	-0.00838730405	0.00025725879	-0.00838730405	0.00536191213	0.00323003126	0	0	0	0	0	3
48	127	0	0.282469052	-0.00953603654	5.32318044e-05	-0.00953603654	0.00536191213	0.00323003126	0	0	0	0	0	3
49	129	0	0.288353824	-0.0111075434	-0.000174539119	-0.0111075434	0.00536191213	0.00323003126	0	0	0	0	0	3
50	132	0	0.294238596	-0.0126451321	-0.000423950979	-0.0126451321	0.00536191213	0.00323003126	0	0	0	0	0	3
51	134	0	0.300123368	-0.0146994732	-0.00070386318	-0.0146994732	0.00536191213	0.00323003126	0	0	0	0	0	3
52	136	0	0.306008139	-0.0159533766	-0.000997123054	-0.0159533766	0.00536191213	0.00323003126	0	0	0	0	0	3
53	139	0	0.311892911	-0.0171430136	-0.0013017625	-0.0171430136	0.00536191213	0.00323003126	0	0	0	0	0	3
54	141	0	0.317777683	-0.0189001149	-0.00162765791	-0.0189001149	0.00536191213	0.00344912548	0	0	0	0	0	3
55	144	0	0.323662455	-0.0202618489	-0.00196646139	-0.0202618489	0.00536191213	0.00378792895	0	0	0	0	0	3
56	146	0	0.329547227	-0.0215595564	-0.00231633808	-0.0215595564	0.00536191213	0.00413780565	0	0	0	0	0	3
57	148	0	0.335431999	-0.0231290939	-0.00268147415	-0.0231290939	0.00536191213	0.00450294171	0	0	0	0	0	3
58	151	0	0.341316771	-0.0238338798	-0.0030461708	-0.0238338798	0.00536191213	0.00486763836	0	0	0	0	0	3
59	153	0	0.347201543	-0.0239602807	-0.00340064724	-0.0239602807	0.00536191213	0.0052221148	0	0	0	0	0	3
60	156	0	0.353086315	-0.0247671406	-0.00375675546	-0.0247671406	0.00536191213	0.00557822302	0	0	0	0	0	3
61	159	0	0.358971087	-0.0266395125	-0.00413188263	-0.0266395125	0.00536191213	0.00595335019	0	0	0	0	0	3
62	161	0	0.364855859	-0.0266519575	-0.00449510964	-0.0266519575	0.00536191213	0.0063165772	0	0	0	0	0	3
63	164	0	0.37074063	-0.0260355038	-0.00483702066	-0.0266519575	0.00536191213	0.00665848822	0	0	0	0	0	3
64	166	0	0.376625402	-0.025060799	-0.0051530172	-0.0266519575	0.00536191213	0.00697448476	0	0	0	0	0	3
65	169	0	0.382510174	-0.0240061844	-0.00544306592	-0.0266519575	0.00536191213	0.00726453348	0	0	0	0	0	3
66	172	0	0.388394946	-0.0224264553	-0.00570039001	-0.0266519575	0.00536191213	0.00752185757	0	0	0	0	0	3
67	174	0	0.394279718	-0.0217617739	-0.00594011215	-0.0266519575	0.00536191213	0.00776157971	0	0	0	0	0	3
68	177	0	0.40016449	-0.0211578505	-0.00616390242	-0.0266519575	0.00536191213	0.00798536998	0	0	0	0	0	3
69	179	0	0.406049262	-0.0203825697	-0.00636997006	-0.0266519575	0.00536191213	0.00819143762	0	0	0	0	0	3
70	181	0	0.411934034	-0.0201306236	-0.00656655083	-0.0266519575	0.00536191213	0.00838801839	0	0	0	0	0	3
71	184	0	0.417818806	-0.0186829588	-0.00673720446	-0.0266519575	0.00536191213	0.00855867202	0	0	0	0	0	3
72	187	0	0.423703578	-0.0183388246	-0.00689833808	-0.0266519575	0.00536191213	0.00871980564	0	0	0	0	0	3
73	189	0	0.42958835	-0.0173362988	-0.00704132384	-0.0266519575	0.00536191213	0.0088627914	0	0	0	0	0	3
74	192	0	0.435473122	-0.0174764998	-0.00718233973	-0.0266519575	0.00536191213	0.00900380729	0	0	0	0	0	3
75	194	0	0.441357893	-0.0169722922	-0.00731287243	-0.0266519575	0.00536191213	0.00913433999	0	0	0	0	0	3
76	197	0	0.447242665	-0.0163127933	-0.00743129244	-0.0266519575	0.00536191213	0.00925276	0	0	0	0	0	3
77	199	0	0.453127437	-0.0154790534	-0.00753580882	-0.0266519575	0.00536191213	0.00935727638	0	0	0	0	0	3
78	202	0	0.459012209	-0.0150712837	-0.00763241747	-0.0266519575	0.00536191213	0.00945388503	0	0	0	0	0	3
79	204	0	0.464896981	-0.0133806621	-0.00770518006	-0.0266519575	0.00536191213	0.00952664762	0	0	0	0	0	3
80	207	0	0.470781753	-0.0126015113	-0.0077663842	-0.0266519575	0.00536191213	0.00958785176	0	0	0	0	0	3
81	209	0	0.476666525	-0.0146862975	-0.00785181523	-0.0266519575	0.00536191213	0.00967328279	0	0	0	0	0	3
82	211	0	0.482551297	-0.0134132991	-0.0079196382	-0.0266519575	0.00536191213	0.00974110576	0	0	0	0	0	3
83	214	0	0.488436069	-0.0110898156	-0.00795783311	-0.0266519575	0.00536191213	0.00977930067	0	0	0	0	0	3
84	216	0	0.494320841	-0.00892026746	-0.00796929066	-0.0266519575	0.00536191213	0.00979075822	0	0	0	0	0	3
85	219	0	0.500205613	-0.00711294585	-0.00795921602	-0.0266519575	0.00536191213	0.00979075822	0	0	0	0	0	3
86	221	0	0.506090384	-0.00529236521	-0.0080049078	-0.0266519575	0.00536191213	0.00982637536	0	0	0	0	0	3
87	224	0	0.511975156	-0.00469392518	-0.00806052446	-0.0266519575	0.00536191213	0.00988199202	0	0	0	0	0	3
88	226	0	0.517859928	-0.00504363798	-0.00811529301	-0.0266519575	0.00536191213	0.00993676057	0	0	0	0	0	3
89	229	0	0.5237447	-0.00648065232	-0.00820846213	-0.0266519575	0.00536191213	0.0100299297	0	0	0	0	0	3
90	231	0	0.529629472	-0.00839511631	-0.00832402122	-0.0266519575	0.00536191213	0.0101454888	0	0	0	0	0	3
91	234	0	0.535514244	-0.0115991584	-0.00847386766	-0.0266519575	0.00536191213	0.0102953352	0	0	0	0	0	3
92	236	0	0.541399016	-0.0136770656	-0.00863157879	-0.0266519575	0.00536191213	0.0104530463	0	0	0	0	0	3
93	239	0	0.547283788	-0.0149647314	-0.00880881853	-0.0266519575	0.00536191213	0.0106302861	0	0	0	0	0	3
94	241	0	0.55316856	-0.0165252835	-0.00899812683	-0.0266519575	0.00536191213	0.0108195944	0	0	0	0	0	3
95	244	0	0.559053332	-0.0172240299	-0.00920333912	-0.0266519575	0.00536191213	0.0110248067	0	0	0	0	0	3
96	246	0	0.564938104	-0.0137987548	-0.00936101541	-0.0266519575	0.00536191213	0.011182483	0	0	0	0	0	3
97	249	0	0.570822876	-0.0140076196	-0.00952425063	-0.0266519575	0.00536191213	0.0113457182	0	0	0	0	0	3
98	251	0	0.576707647	-0.0141425428	-0.0096908855	-0.0266519575	0.00536191213	0.0115123531	0	0	0	0	0	3
99	254	0	0.582592419	-0.014651699	-0.00986324739	-0.0266519575	0.00536191213	0.0116847149	0	0	0	0	0	3
100	257	0	0.588477191	-0.0151401164	-0.0100459117	-0.0266519575	0.00536191213	0.0118673793	0	0	0	0	0	3
101	264	0	0.594361963	-0.0170072924	-0.0102573784	-0.0266519575	0.00536191213	0.0120788459	0	0	0	0	0	3
102	266	0	0.600246735	-0.0173434038	-0.0104769518	-0.0266519575	0.00536191213	0.0122984194	0	0	0	0	0	3
103	268	0	0.606131507	-0.0179809546	-0.0107101882	-0.0266519575	0.00536191213	0.0125316558	0	0	0	0	0	3
104	271	0	0.612016279	-0.019213663	-0.0109576882	-0.0266519575	0.00536191213	0.0127791557	0	0	0	0	0	3
105	273	0	0.617901051	-0.0201370935	-0.0112241911	-0.0266519575	0.00536191213	0.0130456587	0	0	0	0	0	3
106	275	0	0.623785823	-0.0193985405	-0.0114778016	-0.0266519575	0.00536191213	0.0132992691	0	0	0	0	0	3
107	278	0	0.629670595	-0.0189844657	-0.0117338778	-0.0266519575	0.00536191213	0.0135553454	0	0	0	0	0	3
108	280	0	0.635555367	-0.0183215377	-0.0119813272	-0.0266519575	0.00536191213	0.0138027948	0	0	0	0	0	3
109	283	0	0.641440138	-0.0163741455	-0.0122107922	-0.0266519575	0.00536191213	0.0140322597	0	0	0	0	0	3
110	285	0	0.64732491	-0.0141101195	-0.012420462	-0.0266519575	0.00536191213	0.0142419296	0	0	0	0	0	3
111	287	0	0.653209682	-0.00973436956	-0.0125908393	-0.0266519575	0.00536191213	0.0144123069	0	0	0	0	0	3
112	290	0	0.659094454	-0.00864921489	-0.0127518101	-0.0266519575	0.00536191213	0.0145732777	0	0	0	0	0	3
113	292	0	0.664979226	-0.00815420961	-0.0129108233	-0.0266519575	0.005245263	0.0147322909	0	0	0	0	0	3
114	295	0	0.670863998	-0.00772543509	-0.0130596037	-0.0266519575	0.005245263	0.0148810712	0	0	0	0	0	3
115	297	0	0.67674877	-0.00738284371	-0.0132081696	-0.0266519575	0.00386053551	0.0150296372	0	0	0	0	0	3
116	300	0	0.682633542	-0.00790051092	-0.0133465349	-0.0266519575	0.00327411538	0.0151680024	0	0	0	0	0	3
117	302	0	0.688518314	-0.00769559356	-0.0134755903	-0.0266519575	0.00296670899	0.0152970578	0	0	0	0	0	3
118	305	0	0.694403086	-0.00737096447	-0.01359721	-0.0266519575	0.00174351374	0.0154163848	0	0	0	0	0	3
119	307	0	0.700287858	-0.00645506631	-0.0136936639	-0.0266519575	0.0014082445	0.0155010978	0	0	0	0	0	3
120	310	0	0.706172629	-0.00569411732	-0.0137772211	-0.0266519575	-0.00162515069	0.0154887408	0	0	0	0	0	3
121	312	0	0.712057401	-0.00466547079	-0.0138127504	-0.0266519575	-0.00162515069	0.0154340898	0	0	0	0	0	3
122	315	0	0.717942173	-0.00388047514	-0.0138392836	-0.0266519575	-0.00231261593	0.0153570979	0	0	0	0	0	3
123	317	0	0.723826945	-0.00270188684	-0.0138438633	-0.0266519575	-0.00270188684	0.0152476523	0	0	0	0	0	3
124	320	0	0.729711717	-0.00279821411	-0.0138423226	-0.0266519575	-0.00270188684	0.0151258444	0	0	0	0	0	3
125	322	0	0.735596489	-0.00382626778	-0.0138465313	-0.0266519575	-0.00270188684	0.0149946558	0	0	0	0	0	3
126	325	0	0.741481261	-0.00733806958	-0.0138833775	-0.0266519575	-0.00270188684	0.0149188698	0	0	0	0	0	3
127	327	0	0.747366033	-0.00895318995	-0.013946563	-0.0266519575	-0.00270188684	0.0148398742	0	0	0	0	0	3
128	329	0	0.753250805	-0.0103706623	-0.0140088261	-0.0266519575	-0.00270188684	0.014767187	0	0	0	0	0	3
129	332	0	0.759135577	-0.0118800231	-0.014089244	-0.0266519575	-0.00270188684	0.0147144935	0	0	0	0	0	3
130	334	0	0.765020349	-0.0128212103	-0.0141785329	-0.0266519575	-0.00270188684	0.014623717	0	0	0	0	0	3
131	337	0	0.770905121	-0.0169278399	-0.0142875927	-0.0266519575	-0.00270188684	0.0145448515	0	0	0	0	0	3
132	339	0	0.776789892	-0.0171787693	-0.0143910217	-0.0266519575	-0.00270188684	0.0144442535	0	0	0	0	0	3
133	341	0	0.782674664	-0.0171264701	-0.0144803209	-0.0266519575	-0.00270188684	0.0143057818	0	0	0	0	0	3
134	343	0	0.788559436	-0.0170627365	-0.014550382	-0.0266519575	-0.00270188684	0.014126431	0	0	0	0	0	3
135	346	0	0.794444208	-0.0167872494	-0.0145991128	-0.0266519575	-0.00270188684	0.0138952496	0	0	0	0	0	3
136	348	0	0.80032898	-0.017272623	-0.0146293851	-0.0266519575	-0.00270188684	0.0136322621	0	0	0	0	0	3
137	350	0	0.806213752	-0.0185097307	-0.0146594599	-0.0266519575	-0.00270188684	0.0133576974	0	0	0	0	0	3
138	352	0	0.812098524	-0.0206749636	-0.0147010123	-0.0266519575	-0.00270188684	0.0130733543	0	0	0	0	0	3
139	355	0	0.817983296	-0.0232215584	-0.0147518528	-0.0266519575	-0.00270188684	0.0127853914	0	0	0	0	0	3
140	357	0	0.823868068	-0.0258403463	-0.0148174821	-0.0266519575	-0.00270188684	0.0125011441	0	0	0	0	0	3
141	359	0	0.82975284	-0.0269387331	-0.0148807666	-0.0269387331	-0.00270188684	0.0121992924	0	0	0	0	0	3
142	361	0	0.835637612	-0.0281951491	-0.0149403672	-0.0281951491	-0.00270188684	0.0118941964	0	0	0	0	0	3
143	364	0	0.841522383	-0.029521556	-0.0150072811	-0.029521556	-0.00270188684	0.0116066338	0	0	0	0	0	3
144	366	0	0.847407155	-0.0309767534	-0.0150898278	-0.0309767534	-0.00270188684	0.0113330723	0	0	0	0	0	3
145	369	0	0.853291927	-0.0325784449	-0.0151817255	-0.0325784449	-0.00270188684	0.0110498429	0	0	0	0	0	3
146	371	0	0.859176699	-0.0307161493	-0.0152296859	-0.0325784449	-0.00270188684	0.0107345763	0	0	0	0	0	3
147	374	0	0.865061471	-0.0324311618	-0.0152976766	-0.0325784449	-0.00270188684	0.0104606559	0	0	0	0	0	3
148	377	0	0.870946243	-0.0339310065	-0.0153905648	-0.0339310065	-0.00270188684	0.0102375476	0	0	0	0	0	3
149	379	0	0.876831015	-0.0349941155	-0.0155074274	-0.0349941155	-0.00270188684	0.0100643615	0	0	0	0	0	3
150	382	0	0.882715787	-0.0354726594	-0.0156423271	-0.0354726594	-0.00270188684	0.00994193709	0	0	0	0	0	3
151	384	0	0.888600559	-0.0342855928	-0.0157818464	-0.0354726594	-0.00270188684	0.0098417342	0	0	0	0	0	3
152	387	0	0.894485331	-0.0332564558	-0.0159170779	-0.0354726594	-0.00270188684	0.00975317549	0	0	0	0	0	3
153	389	0	0.900370103	-0.0321229024	-0.0160460785	-0.0354726594	-0.00270188684	0.00967610846	0	0	0	0	0	3
154	392	0	0.906254875	-0.0306889385	-0.0161673299	-0.0354726594	-0.00270188684	0.00960077909	0	0	0	0	0	3
155	394	0	0.912139646	-0.0296934608	-0.0162798339	-0.0354726594	-0.00270188684	0.00954262942	0	0	0	0	0	3
156	397	0	0.918024418	-0.0268192622	-0.0163755551	-0.0354726594	-0.00270188684	0.00947721703	0	0	0	0	0	3
157	399	0	0.92390919	-0.0257674788	-0.016462951	-0.0354726594	-0.00270188684	0.00942162719	0	0	0	0	0	3
158	402	0	0.929793962	-0.0253121527	-0.0165567846	-0.0354726594	-0.00270188684	0.00937444488	0	0	0	0	0	3
159	405	0	0.935678734	-0.0249120893	-0.0166442621	-0.0354726594	-0.00270188684	0.0093313897	0	0	0	0	0	3
160	407	0	0.941563506	-0.025189198	-0.0167409316	-0.0354726594	-0.00270188684	0.00930963917	0	0	0	0	0	3
161	410	0	0.947448278	-0.0294704131	-0.0168957271	-0.0354726594	-0.00270188684	0.00935991832	0	0	0	0	0	3
162	412	0	0.95333305	-0.0290088162	-0.0170549008	-0.0354726594	-0.00270188684	0.00942248335	0	0	0	0	0	3
163	414	0	0.959217822	-0.0280716458	-0.0172078463	-0.0354726594	-0.00270188684	0.00950266619	0	0	0	0	0	3
164	417	0	0.965102594	-0.0263132135	-0.0173599939	-0.0354726594	-0.00270188684	0.00959360972	0	0	0	0	0	3
165	419	0	0.970987366	-0.0242086994	-0.0174965491	-0.0354726594	-0.00270188684	0.00964473384	0	0	0	0	0	3
166	421	0	0.976872137	-0.0197526766	-0.0175561535	-0.0354726594	-0.00270188684	0.00963651533	0	0	0	0	0	3
167	424	0	0.982756909	-0.0180249955	-0.0176104088	-0.0354726594	-0.00270188684	0.00965257567	0	0	0	0	0	3
168	426	0	0.988641681	-0.016563363	-0.0176748035	-0.0354726594	-0.00270188684	0.00971558744	0	0	0	0	0	3
169	428	0	0.994526453	-0.0151229502	-0.0177477762	-0.0354726594	-0.00270188684	0.00978856018	0	0	0	0	0	3
170	431	0	1.00041123	-0.0135270735	-0.0178232365	-0.0354726594	-0.00270188684	0.00981832872	0.00122503714	0	12.4	0	0	3
171	433	0	1.006296	-0.0105843673	-0.0178854954	-0.0354726594	-0.00270188684	0.00982497091	0.00122503714	0	12.4	0	0	3
172	436	0	1.01218077	-0.0104730012	-0.0179534845	-0.0354726594	-0.00270188684	0.00983819149	0.00122503714	0	12.4	0	0	3
173	438	0	1.01806554	-0.00804187835	-0.0179887579	-0.0354726594	-0.00270188684	0.00978029579	0.00122503714	0	12.5	0	0	3
174	440	0	1.02395031	-0.00767610779	-0.0180028221	-0.0354726594	-0.00270188684	0.00967880088	0.00122503714	0	12.6	0	0	3
175	443	0	1.02983508	-0.00615183693	-0.0179764306	-0.0354726594	-0.00270188684	0.00952895443	0.00122503714	0	12.8	0	0	3
176	445	0	1.03571986	-0.00646058945	-0.0179159768	-0.0354726594	-0.00270188684	0.00937124331	0.00122503714	0	13	0	0	3
177	448	0	1.04160463	-0.00778829253	-0.0178466971	-0.0354726594	-0.00270188684	0.00919400357	0.00122503714	0	13.3	0	0	3
178	450	0	1.0474894	-0.00819950973	-0.0177671063	-0.0354726594	-0.00270188684	0.00900469527	0.00122503714	0	13.6	0	0	3
179	453	0	1.05337417	-0.0105004609	-0.017696226	-0.0354726594	-0.00270188684	0.00879948298	0.00122503714	0	13.9	0	0	3
180	455	0	1.05925894	-0.0110942573	-0.0176241111	-0.0354726594	-0.00270188684	0.00864180668	0.00122503714	0	14.1	0	0	3
181	458	0	1.06514372	-0.0123751588	-0.0176073629	-0.0354726594	-0.00270188684	0.00847857147	0.00122503714	0	14.4	0	0	3
182	460	0	1.07102849	-0.0130385638	-0.0175959622	-0.0354726594	-0.00270188684	0.0083119366	0.00122503714	0	14.7	0	0	3
183	463	0	1.07691326	-0.0147602846	-0.0176032298	-0.0354726594	-0.00270188684	0.00813957471	0.00122503714	0	15	0	0	3
184	465	0	1.08279803	-0.0148089862	-0.0176050802	-0.0354726594	-0.00270188684	0.0079569104	0.00122503714	0	15.3	0	0	3
185	468	0	1.0886828	-0.0174810935	-0.0176326211	-0.0354726594	-0.00270188684	0.00774544374	0.00122503714	0	15.8	0	0	3
186	471	0	1.09456758	-0.0157077269	-0.0176173321	-0.0354726594	-0.00270188684	0.00752587026	0.00122503714	0	16.2	0	0	3
187	473	0	1.10045235	-0.0185597385	-0.0176316419	-0.0354726594	-0.00270188684	0.0072926339	0.00122503714	0	16.7	0	0	3
188	475	0	1.10633712	-0.0161450385	-0.0176100429	-0.0354726594	-0.00270188684	0.00704513393	0.00122503714	0	17.3	0	0	3
189	478	0	1.11222189	-0.0157032305	-0.0175687437	-0.0354726594	-0.00270188684	0.006778631	0.00122503714	0	18	0	0	3
190	480	0	1.11810666	-0.0137607288	-0.0174937276	-0.0354726594	-0.00270188684	0.00652502054	0.00122503714	0	18.7	0	0	3
191	482	0	1.12399144	-0.0134615718	-0.017423881	-0.0354726594	-0.00270188684	0.0062689443	0.00122503714	0	19.5	0	0	3
192	484	0	1.12987621	-0.012502272	-0.0173476199	-0.0354726594	-0.00270188684	0.00602149485	0.00122503714	0	20.3	0	0	3
193	486	0	1.13576098	-0.0130765997	-0.0172859147	-0.0354726594	-0.00270188684	0.00579202993	0.00122503714	0	21.1	0	0	3
194	489	0	1.14164575	-0.0108564264	-0.0172210004	-0.0354726594	-0.00270188684	0.0055823601	0.00122503714	0	21.9	0	0	3
195	491	0	1.14753052	-0.00930851	-0.0171645108	-0.0354726594	-0.00270188684	0.0054119828	0.00122503714	0	22.6	0	0	3
196	493	0	1.15341529	-0.00862837206	-0.0171514991	-0.0354726594	-0.00270188684	0.00525101195	0.00122503714	0	23.3	0	0	3
197	495	0	1.15930007	-0.00903013347	-0.0171559805	-0.0354726594	-0.00270188684	0.00509199875	0.00122503714	0	24	0	0	3
198	497	0	1.16518484	-0.00879862489	-0.0171635619	-0.0354726594	-0.00270188684	0.00494321843	0.00122503714	0	24.7	0	0	3
199	500	0	1.17106961	-0.00762474635	-0.0171623773	-0.0354726594	-0.00270188684	0.00479465247	0.00122503714	0	25.5	0	0	3
200	502	0	1.17695438	-0.00707078258	-0.017158706	-0.0354726594	-0.00270188684	0.00465628721	0.00122503714	0	26.3	0	0	3
201	509	0	1.18283915	-0.00903535697	-0.0171720571	-0.0354726594	-0.00270188684	0.00452723181	0.00122503714	0	27	0	0	3
202	511	0	1.18872393	-0.00946393311	-0.0171928611	-0.0354726594	-0.00270188684	0.00440561213	0.00122503714	0	27.8	0	0	3
203	513	0	1.1946087	-0.0101715552	-0.0172258092	-0.0354726594	-0.00270188684	0.00430915824	0.00122503714	0	28.4	0	0	3
204	515	0	1.20049347	-0.0105652104	-0.0172741639	-0.0354726594	-0.00270188684	0.00422560105	0.00122503714	0	28.9	0	0	3
205	517	0	1.20637824	-0.0122745063	-0.0173515802	-0.0354726594	-0.00270188684	0.00419007172	0.00122503714	0	29.2	0	0	3
206	520	0	1.21226301	-0.010607643	-0.0174214881	-0.0354726594	-0.00270188684	0.00416353849	0.00122503714	0	29.4	0	0	3
207	522	0	1.21814779	-0.010593362	-0.0175004632	-0.0354726594	-0.00270188684	0.0041604995	0.00122503714	0	29.4	0	0	3
208	524	0	1.22403256	-0.0110947478	-0.0175992028	-0.0354726594	-0.00279821411	0.0041604995	0.00122503714	0	29.4	0	0	3
209	526	0	1.22991733	-0.0113859719	-0.0177002352	-0.0354726594	-0.00382626778	0.00415629079	0.00122503714	0	29.4	0	0	3
210	528	0	1.2358021	-0.0115730596	-0.017791374	-0.0354726594	-0.00615183693	0.00411944458	0.00122503714	0	29.7	0	0	3
211	530	0	1.24168687	-0.010962983	-0.01783402	-0.0354726594	-0.00615183693	0.00405625913	0.00122503714	0	30.2	0	0	3
212	533	0	1.24757165	-0.010645167	-0.0178539256	-0.0354726594	-0.00615183693	0.00399399596	0.00122503714	0	30.6	0	0	3
213	535	0	1.25345642	-0.0101651444	-0.0178515078	-0.0354726594	-0.00615183693	0.00391357809	0.00122503714	0	31.3	0	0	3
214	537	0	1.25934119	-0.0101633642	-0.0178313118	-0.0354726594	-0.00615183693	0.00382428916	0.00122503714	0	32	0	0	3
215	539	0	1.26522596	-0.0103434883	-0.0178021621	-0.0354726594	-0.00615183693	0.00371522941	0.00122503714	0	32.9	0	0	3
216	541	0	1.27111073	-0.011583256	-0.0177392846	-0.0354726594	-0.00615183693	0.0036118004	0.00122503714	0	33.9	0	0	3
217	544	0	1.2769955	-0.0101098666	-0.0176561211	-0.0354726594	-0.00615183693	0.00352250119	0.00122503714	0	34.7	0	0	3
218	546	0	1.28288028	-0.0104608032	-0.0175777015	-0.0354726594	-0.00615183693	0.00345244009	0.00122503714	0	35.4	0	0	3
219	549	0	1.28876505	-0.0129258331	-0.017529032	-0.0354726594	-0.00615183693	0.0034037093	0.00122503714	0	35.9	0	0	3
220	551	0	1.29464982	-0.012185204	-0.0174748903	-0.0354726594	-0.00615183693	0.00337343695	0.00122503714	0	36.3	0	0	3
221	554	0	1.30053459	-0.012024184	-0.017413144	-0.0354726594	-0.00615183693	0.0033433622	0.00122503714	0	36.6	0	0	3
222	556	0	1.30641936	-0.012539165	-0.017342902	-0.0354726594	-0.00615183693	0.00330180984	0.00122503714	0	37.1	0	0	3
223	559	0	1.31230414	-0.0131953129	-0.0172549061	-0.0354726594	-0.00615183693	0.00325096933	0.00122503714	0	37.6	0	0	3
224	561	0	1.31818891	-0.0142063056	-0.0171488443	-0.0354726594	-0.00615183693	0.00318533995	0.00122503714	0	38.4	0	0	3
225	564	0	1.32407368	-0.0148767179	-0.0170198605	-0.0354726594	-0.00615183693	0.00312205552	0.00122503714	0	39.2	0	0	3
226	566	0	1.32995845	-0.0161571766	-0.0168930186	-0.0354726594	-0.00615183693	0.00306245487	0.00122503714	0	40	0	0	3
227	569	0	1.33584322	-0.0156562398	-0.016745502	-0.0354726594	-0.00615183693	0.00299554103	0.00122503714	0	40.8	0	0	3
228	571	0	1.341728	-0.0142190228	-0.0165654722	-0.0354726594	-0.00615183693	0.00291299429	0.00122503714	0	42	0	0	3
229	574	0	1.34761277	-0.0114310181	-0.0163355224	-0.0354726594	-0.00615183693	0.0028210966	0.00122503714	0	43.4	0	0	3
230	576	0	1.35349754	-0.0108980568	-0.016080459	-0.0354726594	-0.00615183693	0.00277313616	0.00122503714	0	44.1	0	0	3
231	579	0	1.35938231	-0.0108212595	-0.0158464015	-0.0354726594	-0.00615183693	0.00270514553	0.00122503714	0	45.2	0	0	3
232	581	0	1.36526708	-0.0122531286	-0.0156090129	-0.0354726594	-0.00615183693	0.00261225726	0.00122503714	0	46.8	0	0	3
233	584	0	1.37115186	-0.011595426	-0.0153462413	-0.0354726594	-0.00615183693	0.00265658076	0.00122503714	0	46.1	0	0	3
234	586	0	1.37703663	-0.0130725653	-0.0150883407	-0.0354726594	-0.00615183693	0.00291448136	0.00122503714	0	42	0	0	3
235	588	0	1.3829214	-0.0131895029	-0.014826186	-0.0342855928	-0.00615183693	0.00317663614	0.00122503714	0	38.5	0	0	3
236	591	0	1.38880617	-0.0135386186	-0.0145821039	-0.0332564558	-0.00615183693	0.00342071819	0.00122503714	0	35.8	0	0	3
237	593	0	1.39469094	-0.015469926	-0.0143728506	-0.0321229024	-0.00615183693	0.00362997148	0.00122503714	0	33.7	0	0	3
238	595	0	1.40057572	-0.014150844	-0.0141614146	-0.0306889385	-0.00615183693	0.00384140746	0.00122503714	0	31.8	0	0	3
239	598	0	1.40646049	-0.018170639	-0.0140141405	-0.0296934608	-0.00615183693	0.00398868157	0.00122503714	0	30.7	0	0	3
240	600	0	1.41234526	-0.0193605118	-0.0138925764	-0.0294704131	-0.00615183693	0.00411024568	0.00122503714	0	29.8	0	0	3
241	602	0	1.41823003	-0.0189989822	-0.0138005731	-0.0294704131	-0.00615183693	0.00420224897	0.00122503714	0	29.1	0	0	3
242	604	0	1.4241148	-0.0192336706	-0.0137237048	-0.0294704131	-0.00615183693	0.0042791173	0.00122503714	0	28.6	0	0	3
243	607	0	1.42999957	-0.0173168341	-0.0136296422	-0.0294704131	-0.00615183693	0.00437317987	0.00122503714	0	28	0	0	3
244	609	0	1.43588435	-0.0171810373	-0.0135386887	-0.0294704131	-0.00615183693	0.00446413343	0.00122503714	0	27.4	0	0	3
245	611	0	1.44176912	-0.0159608269	-0.0134301196	-0.0294704131	-0.00615183693	0.0045727025	0.00122503714	0	26.7	0	0	3
246	614	0	1.44765389	-0.01444675	-0.0132533706	-0.0290088162	-0.00615183693	0.00474945148	0.00122503714	0	25.7	0	0	3
247	616	0	1.45353866	-0.0139345633	-0.0130760265	-0.0280716458	-0.00615183693	0.00492679563	0.00122503714	0	24.8	0	0	3
248	619	0	1.45942343	-0.0123182377	-0.0128906923	-0.0263132135	-0.00615183693	0.00511212984	0.00122503714	0	23.9	0	0	3
249	621	0	1.46530821	-0.0144525917	-0.0127511555	-0.0242086994	-0.00615183693	0.00525166657	0.00122503714	0	23.3	0	0	3
250	624	0	1.47119298	-0.0132271549	-0.0126219609	-0.0197526766	-0.00615183693	0.00538086121	0.00122503714	0	22.7	0	0	3
251	626	0	1.47707775	-0.0150305569	-0.0125664065	-0.0193605118	-0.00615183693	0.00543641556	0.00122503714	0	22.5	0	0	3
252	629	0	1.48296252	-0.0153663036	-0.0125351278	-0.0193605118	-0.00615183693	0.00546769429	0.00122503714	0	22.4	0	0	3
253	631	0	1.48884729	-0.0157642454	-0.0125257264	-0.0193605118	-0.00615183693	0.00547709567	0.00122503714	0	22.3	0	0	3
254	633	0	1.49473207	-0.0165688539	-0.0125427371	-0.0193605118	-0.00615183693	0.00547709567	0.00122503714	0	22.3	0	0	3
255	636	0	1.50061684	-0.0134797434	-0.0125421802	-0.0193605118	-0.00615183693	0.00547709567	0.00122503714	0	22.3	0	0	3
256	638	0	1.50650161	-0.0141121805	-0.0125836839	-0.0193605118	-0.00615183693	0.00547709567	0.00122503714	0	22.3	0	0	3
257	641	0	1.51238638	-0.014490085	-0.0126309437	-0.0193605118	-0.00615183693	0.00547709567	0.00122503714	0	22.3	0	0	3
258	643	0	1.51827115	-0.013858252	-0.0126993717	-0.0193605118	-0.00615183693	0.00547709567	0.00122503714	0	22.3	0	0	3
259	645	0	1.52415593	-0.012001083	-0.0127502537	-0.0193605118	-0.00615183693	0.00545070415	0.00122503714	0	22.4	0	0	3
260	648	0	1.5300407	-0.012364652	-0.0128233457	-0.0193605118	-0.00646058945	0.0053902504	0.00122503714	0	22.7	0	0	3
261	650	0	1.53592547	-0.0115490871	-0.0128832103	-0.0193605118	-0.00707078258	0.00532819919	0.00122503714	0	22.9	0	0	3
262	653	0	1.54181024	-0.0106702415	-0.0129171156	-0.0193605118	-0.00707078258	0.00532819919	0.00122503714	0	22.9	0	0	3
263	655	0	1.54769501	-0.00943943575	-0.012931703	-0.0193605118	-0.00707078258	0.00532819919	0.00122503714	0	22.9	0	0	3
264	657	0	1.55357978	-0.00906942735	-0.0129148673	-0.0193605118	-0.00707078258	0.00532819919	0.00122503714	0	22.9	0	0	3
265	660	0	1.55946456	-0.00969688999	-0.0128984277	-0.0193605118	-0.00707078258	0.00532819919	0.00122503714	0	22.9	0	0	3
266	4264	0	1.56534933	-0.00791861139	-0.0128459977	-0.0193605118	-0.00707078258	0.00532819919	0.00122503714	0	22.9	0	0	3
267	4266	0	1.5712341	-0.00909682374	-0.0127996243	-0.0193605118	-0.00707078258	0.00532819919	0.00122503714	0	22.9	0	0	3
268	4268	0	1.57711887	-0.00927962543	-0.012735146	-0.0193605118	-0.00707078258	0.00532819919	0.00122503714	0	22.9	0	0	3
269	4271	0	1.58300364	-0.0092911301	-0.01267023	-0.0193605118	-0.00707078258	0.00532819919	0.00122503714	0	22.9	0	0	3
270	4274	0	1.58888842	-0.00942828405	-0.0125754911	-0.0193605118	-0.00707078258	0.00532819919	0.00122503714	0	22.9	0	0	3
271	4277	0	1.59477319	-0.0112272896	-0.01252278	-0.0193605118	-0.00707078258	0.00533114558	0.00122503714	0	22.9	0	0	3
272	58057	0	1.60065796	-0.00966752836	-0.0124181658	-0.0193605118	-0.00707078258	0.00543575981	0.00122503714	0	22.5	0	0	3
273	58061	0	1.60654273	-0.00879181913	-0.0123316573	-0.0193605118	-0.00707078258	0.00552226828	0.00122503714	0	22.1	0	0	3
274	58065	0	1.6124275	-0.00795572092	-0.0122405102	-0.0193605118	-0.00707078258	0.00561341545	0.00122503714	0	21.8	0	0	3
275	58069	0	1.61831228	-0.00593583226	-0.0121484526	-0.0193605118	-0.00593583226	0.00570547305	0.00122503714	0	21.4	0	0	3
276	58072	0	1.62419705	-0.00419975745	-0.01203949	-0.0193605118	-0.00419975745	0.00581443558	0.00122503714	0	21	0	0	3
277	58076	0	1.63008182	-0.00225952958	-0.0119189872	-0.0193605118	-0.00225952958	0.00593493843	0.00122503714	0	20.6	0	0	3
278	58080	0	1.63596659	-0.000282766589	-0.0117684715	-0.0193605118	-0.000282766589	0.00608545411	0.00122503714	0	20.1	0	0	3
279	58083	0	1.64185136	-0.00121406176	-0.0116550319	-0.0193605118	-0.000282766589	0.00619889369	0.00122503714	0	19.7	0	0	3
280	58086	0	1.64773614	0.000760377859	-0.0115365744	-0.0193605118	0.000760377859	0.0063173512	0.00122503714	0	19.3	0	0	3
281	58089	0	1.65362091	-0.00130465311	-0.011450413	-0.0193605118	0.000760377859	0.0064035126	0.00122503714	0	19.1	0	0	3
282	58092	0	1.65950568	0.0016172905	-0.0113251492	-0.0193605118	0.0016172905	0.00652877641	0.00122503714	0	18.7	0	0	3
283	58095	0	1.66539045	0.000702001341	-0.0112133771	-0.0193605118	0.0016172905	0.00664054848	0.00122503714	0	18.4	0	0	3
284	58098	0	1.67127522	0.000938055224	-0.0111126383	-0.0193605118	0.0016172905	0.00674128733	0.00122503714	0	18.1	0	0	3
285	58101	0	1.67716	9.39858623e-05	-0.0110283469	-0.0193605118	0.0016172905	0.00682557872	0.00122503714	0	17.9	0	0	3
286	58104	0	1.68304477	-0.000849913664	-0.0109320476	-0.0193605118	0.0016172905	0.00692187805	0.00122503714	0	17.6	0	0	3
287	58107	0	1.68892954	-0.00239142354	-0.0108488416	-0.0193605118	0.0016172905	0.00700508405	0.00122503714	0	17.4	0	0	3
288	58110	0	1.69481431	-0.00450988596	-0.0107822337	-0.0193605118	0.0016172905	0.00707169192	0.00122503714	0	17.3	0	0	3
289	58113	0	1.70069908	-0.00603700051	-0.0107289606	-0.0193605118	0.0016172905	0.00712496498	0.00122503714	0	17.1	0	0	3
290	58116	0	1.70658385	-0.00625578613	-0.0106581522	-0.0193605118	0.0016172905	0.00719577345	0.00122503714	0	17	0	0	3
291	58118	0	1.71246863	-0.00595568165	-0.0106034232	-0.0193605118	0.0016172905	0.00725050241	0.00122503714	0	16.8	0	0	3
292	58121	0	1.7183534	-0.00500932015	-0.0105377286	-0.0193605118	0.0016172905	0.00731619702	0.00122503714	0	16.7	0	0	3
293	58123	0	1.72423817	-0.00472841849	-0.0104628306	-0.0193605118	0.0016172905	0.00739109501	0.00122503714	0	16.5	0	0	3
294	58126	0	1.73012294	-0.00593611983	-0.0103987147	-0.0193605118	0.0016172905	0.00745521091	0.00122503714	0	16.4	0	0	3
295	58129	0	1.73600771	-0.00542053774	-0.0103263321	-0.0193605118	0.0016172905	0.00752759352	0.00122503714	0	16.2	0	0	3
296	58132	0	1.74189249	-0.00550017812	-0.0102620638	-0.0193605118	0.0016172905	0.00759186182	0.00122503714	0	16.1	0	0	3
297	58134	0	1.74777726	-0.00664035981	-0.0102149484	-0.0193605118	0.0016172905	0.00763655934	0.00122503714	0	16	0	0	3
298	58137	0	1.75366203	-0.00765779913	-0.0101854502	-0.0193605118	0.0016172905	0.00764586153	0.00122503714	0	16	0	0	3
299	58140	0	1.7595468	-0.0083761992	-0.0101644248	-0.0193605118	0.0016172905	0.00763773733	0.00122503714	0	16	0	0	3
300	58142	0	1.76543157	-0.00796583859	-0.0101364524	-0.0193605118	0.0016172905	0.00760283222	0.00122503714	0	16.1	0	0	3
301	58149	0	1.77131635	-0.00879425041	-0.0101036406	-0.0193605118	0.0016172905	0.00755248049	0.00122503714	0	16.2	0	0	3
302	58151	0	1.77720112	-0.00715797511	-0.0100689125	-0.0193605118	0.0016172905	0.00750878902	0.00122503714	0	16.3	0	0	3
303	58154	0	1.78308589	-0.00928352729	-0.0100550621	-0.0193605118	0.0016172905	0.00747396987	0.00122503714	0	16.3	0	0	3
304	58157	0	1.78897066	-0.00566013363	-0.00996958333	-0.0193605118	0.0016172905	0.00750530698	0.00122503714	0	16.3	0	0	3
305	58159	0	1.79485543	-0.00942740608	-0.00993713865	-0.0193605118	0.0016172905	0.00747600532	0.00122503714	0	16.3	0	0	3
306	58162	0	1.80074021	-0.00868093157	-0.00989780627	-0.0193605118	0.0016172905	0.00744509575	0.00122503714	0	16.4	0	0	3
307	58164	0	1.80662498	-0.0111599689	-0.00988158043	-0.0193605118	0.0016172905	0.00737332569	0.00122503714	0	16.6	0	0	3
308	58167	0	1.81250975	-0.0104547404	-0.0098493384	-0.0193605118	0.0016172905	0.00729950593	0.00122503714	0	16.7	0	0	3
309	58169	0	1.81839452	-0.0121905389	-0.0098256235	-0.0193605118	0.0016172905	0.00719423697	0.00122503714	0	17	0	0	3
310	58172	0	1.82427929	-0.0117718753	-0.00978909594	-0.0193605118	0.0016172905	0.00710392269	0.00122503714	0	17.2	0	0	3
311	58174	0	1.83016406	-0.0139161149	-0.0097627305	-0.0193605118	0.0016172905	0.00698277154	0.00122503714	0	17.5	0	0	3
312	58177	0	1.83604884	-0.013247511	-0.00973439252	-0.0193605118	0.0016172905	0.00683107972	0.00122503714	0	17.9	0	0	3
313	58179	0	1.84193361	-0.0150410312	-0.00974406321	-0.0193605118	0.0016172905	0.00660112989	0.00122503714	0	18.5	0	0	3
314	58182	0	1.84781838	-0.0150437202	-0.00978656558	-0.0193605118	0.0016172905	0.0063460665	0.00122503714	0	19.3	0	0	3
315	58184	0	1.85370315	-0.0145738504	-0.00982981022	-0.0193605118	0.0016172905	0.00611200898	0.00122503714	0	20	0	0	3
316	58187	0	1.85958792	-0.0140533959	-0.00986783535	-0.0193605118	0.0016172905	0.00587462035	0.00122503714	0	20.8	0	0	3
317	58189	0	1.8654727	-0.0138917051	-0.00988711272	-0.0193605118	0.0016172905	0.00561184881	0.00122503714	0	21.8	0	0	3
318	58192	0	1.87135747	-0.0120174249	-0.00989207741	-0.0193605118	0.0016172905	0.00535394822	0.00122503714	0	22.8	0	0	3
319	58195	0	1.87724224	-0.0118592149	-0.0098778027	-0.0193605118	0.0016172905	0.00509179344	0.00122503714	0	24	0	0	3
320	58198	0	1.88312701	-0.0109321835	-0.00985124601	-0.0193605118	0.0016172905	0.00484771139	0.00122503714	0	25.2	0	0	3
321	58200	0	1.88901178	-0.0118776666	-0.00983170539	-0.0193605118	0.0016172905	0.0046384581	0.00122503714	0	26.4	0	0	3
322	58203	0	1.89489656	-0.0101945149	-0.00976964173	-0.0193605118	0.0016172905	0.00442702212	0.00122503714	0	27.6	0	0	3
323	58206	0	1.90078133	-0.0105142599	-0.00972685839	-0.0193605118	0.0016172905	0.00428728214	0.00122503714	0	28.5	0	0	3
324	58208	0	1.9066661	-0.0110581287	-0.0096431818	-0.0193605118	0.0016172905	0.00424939462	0.00122503714	0	28.8	0	0	3
325	58211	0	1.91255087	-0.011045899	-0.00954536282	-0.0192336706	0.0016172905	0.0042552103	0.00122503714	0	28.7	0	0	3
326	58214	0	1.91843564	-0.0106430416	-0.00944705764	-0.0192336706	0.0016172905	0.00427664716	0.00122503714	0	28.6	0	0	3
327	58216	0	1.92432042	-0.0129654415	-0.00937331377	-0.0173168341	0.0016172905	0.00425632845	0.00122503714	0	28.7	0	0	3
328	58219	0	1.93020519	-0.0119633597	-0.00931033172	-0.0171810373	0.0016172905	0.00422835695	0.00122503714	0	28.9	0	0	3
329	58221	0	1.93608996	-0.0139426538	-0.00927223309	-0.0165688539	0.0016172905	0.00415788651	0.00122503714	0	29.4	0	0	3
330	58224	0	1.94197473	-0.011315122	-0.00921757774	-0.0165688539	0.0016172905	0.00403579289	0.00122503714	0	30.3	0	0	3
331	58226	0	1.9478595	-0.0158859677	-0.00923450971	-0.0165688539	0.0016172905	0.00385844873	0.00122503714	0	31.7	0	0	3
332	58229	0	1.95374427	-0.0147023733	-0.00924354277	-0.0165688539	0.0016172905	0.00371412525	0.00122503714	0	32.9	0	0	3
333	58231	0	1.95962905	-0.0140640945	-0.00926408226	-0.0165688539	0.0016172905	0.00371412525	0.00122503714	0	32.9	0	0	3
334	58233	0	1.96551382	-0.0136134659	-0.00925421019	-0.0165688539	0.0016172905	0.00371412525	0.00122503714	0	32.9	0	0	3
335	58236	0	1.97139859	-0.0145016169	-0.00926920386	-0.0165688539	0.0016172905	0.00371412525	0.00122503714	0	32.9	0	0	3
336	58238	0	1.97728336	-0.0128794505	-0.00924389673	-0.0165688539	0.0016172905	0.00371412525	0.00122503714	0	32.9	0	0	3
337	58241	0	1.98316813	-0.0134620726	-0.00922149401	-0.0165688539	0.0016172905	0.00371412525	0.00122503714	0	32.9	0	0	3
338	58243	0	1.98905291	-0.0130264107	-0.00918928419	-0.0165688539	0.0016172905	0.00374241879	0.00122503714	0	32.7	0	0	3
339	58246	0	1.99493768	-0.0124785032	-0.00914116242	-0.0158859677	0.0016172905	0.00379054056	0.00122503714	0	32.3	0	0	3
340	58248	0	2.00082245	-0.0118697595	-0.00912222143	-0.0158859677	0.0016172905	0.00380948155	0.00122503714	0	32.1	0	0	3
341	58251	0	2.00670722	-0.0113592176	-0.00908983363	-0.0158859677	0.0016172905	0.00384186935	0.00122503714	0	31.8	0	0	3
342	58253	0	2.01259199	-0.00865476185	-0.00902118277	-0.0158859677	0.0016172905	0.00391052021	0.00122503714	0	31.3	0	0	3
343	58256	0	2.01847677	-0.00647822375	-0.00893435891	-0.0158859677	0.0016172905	0.00399734407	0.00122503714	0	30.6	0	0	3
344	58259	0	2.02436154	-0.00464525223	-0.00884781972	-0.0158859677	0.0016172905	0.00408388326	0.00122503714	0	29.9	0	0	3
345	58262	0	2.03024631	-0.00314800798	-0.00873938862	-0.0158859677	0.0016172905	0.00419231437	0.00122503714	0	29.2	0	0	3
346	58264	0	2.03613108	-0.00275449106	-0.00863592278	-0.0158859677	0.0016172905	0.0042957802	0.00122503714	0	28.5	0	0	3
347	58267	0	2.04201585	-0.00176275883	-0.00853112887	-0.0158859677	0.0016172905	0.00440057411	0.00122503714	0	27.8	0	0	3
348	58270	0	2.04790063	-0.00230263198	-0.00844716647	-0.0158859677	0.0016172905	0.00446770082	0.00122503714	0	27.4	0	0	3
349	58273	0	2.0537854	-0.00167619362	-0.00836018725	-0.0158859677	0.0016172905	0.00453824043	0.00122503714	0	26.9	0	0	3
350	58275	0	2.05967017	-0.0033107315	-0.00828505597	-0.0158859677	0.0016172905	0.00456094173	0.00122503714	0	26.8	0	0	3
351	58278	0	2.06555494	-0.00125127602	-0.00820661673	-0.0158859677	0.0016172905	0.00459300756	0.00122503714	0	26.6	0	0	3
352	58280	0	2.07143971	-0.00224090792	-0.0081259589	-0.0158859677	0.0016172905	0.00460918705	0.00122503714	0	26.5	0	0	3
353	58283	0	2.07732449	-0.00225552621	-0.00804332244	-0.0158859677	0.0016172905	0.00462690756	0.00122503714	0	26.4	0	0	3
354	58285	0	2.08320926	-0.00247205751	-0.00796309806	-0.0158859677	0.0016172905	0.00461239301	0.00122503714	0	26.5	0	0	3
355	58288	0	2.08909403	-0.00195861255	-0.00787521957	-0.0158859677	0.0016172905	0.00464756047	0.00122503714	0	26.3	0	0	3
356	58290	0	2.0949788	-0.00225133844	-0.00776962014	-0.0158859677	0.0016172905	0.00464854566	0.00122503714	0	26.3	0	0	3
357	58293	0	2.10086357	-0.00233915576	-0.00768340399	-0.0158859677	0.0016172905	0.00464825334	0.00122503714	0	26.3	0	0	3
358	58295	0	2.10674834	-0.00262822357	-0.0076108911	-0.0158859677	0.0016172905	0.00462961906	0.00122503714	0	26.4	0	0	3
359	58298	0	2.11263312	-0.00195593703	-0.00754030541	-0.0158859677	0.0016172905	0.00460814715	0.00122503714	0	26.5	0	0	3
360	58300	0	2.11851789	-0.00453508095	-0.00752382598	-0.0158859677	0.0016172905	0.00451566405	0.00122503714	0	27.1	0	0	3
361	58303	0	2.12440266	-0.00484969116	-0.00753147226	-0.0158859677	0.0016172905	0.0043951612	0.00122503714	0	27.8	0	0	3
362	58306	0	2.13028743	-0.00538769165	-0.00756827417	-0.0158859677	0.0016172905	0.00424464552	0.00122503714	0	28.8	0	0	3
363	58308	0	2.1361722	-0.00710232091	-0.00764850422	-0.0158859677	0.0016172905	0.00413120593	0.00122503714	0	29.6	0	0	3
364	58311	0	2.14205698	-0.00675723621	-0.00771371804	-0.0158859677	0.0016172905	0.00401274843	0.00122503714	0	30.5	0	0	3
365	58314	0	2.14794175	-0.0085730969	-0.00782352362	-0.0158859677	0.0016172905	0.00392658703	0.00122503714	0	31.1	0	0	3
366	58316	0	2.15382652	-0.00877639033	-0.00791142641	-0.0158859677	0.0016172905	0.00380132322	0.00122503714	0	32.2	0	0	3
367	58319	0	2.15971129	-0.00974163516	-0.00804506083	-0.0158859677	0.000938055224	0.00368955114	0.00122503714	0	33.2	0	0	3
368	58321	0	2.16559606	-0.0100454752	-0.00817150173	-0.0158859677	0.000938055224	0.0035888123	0.00122503714	0	34.1	0	0	3
369	58324	0	2.17148084	-0.011092115	-0.00831303315	-0.0158859677	9.39858623e-05	0.00350452091	0.00122503714	0	34.9	0	0	3
370	58327	0	2.17736561	-0.0108077481	-0.00844128884	-0.0158859677	-0.000849913664	0.00340822158	0.00122503714	0	35.9	0	0	3
371	58329	0	2.18325038	-0.0119812638	-0.0085722459	-0.0158859677	-0.00125127602	0.00332501558	0.00122503714	0	36.8	0	0	3
372	58332	0	2.18913515	-0.0120411773	-0.00868577242	-0.0158859677	-0.00125127602	0.00325840771	0.00122503714	0	37.5	0	0	3
373	58335	0	2.19501992	-0.0141295483	-0.00879894492	-0.0158859677	-0.00125127602	0.00320513465	0.00122503714	0	38.2	0	0	3
374	58337	0	2.2009047	-0.0138168169	-0.00889047217	-0.0158859677	-0.00125127602	0.00313432618	0.00122503714	0	39	0	0	3
375	58340	0	2.20678947	-0.0176776067	-0.00902484653	-0.0176776067	-0.00125127602	0.00307959722	0.00122503714	0	39.7	0	0	3
376	58342	0	2.21267424	-0.0146451429	-0.00912707548	-0.0176776067	-0.00125127602	0.00301390261	0.00122503714	0	40.6	0	0	3
377	58344	0	2.21855901	-0.0173645693	-0.00927243136	-0.0176776067	-0.00125127602	0.00293900462	0.00122503714	0	41.6	0	0	3
378	58347	0	2.22444378	-0.0152702312	-0.00939645268	-0.0176776067	-0.00125127602	0.00287488871	0.00122503714	0	42.6	0	0	3
379	58349	0	2.23032855	-0.0160441882	-0.00951537113	-0.0176776067	-0.00125127602	0.0028025061	0.00122503714	0	43.7	0	0	3
380	58352	0	2.23621333	-0.0152147187	-0.00963059679	-0.0176776067	-0.00125127602	0.00273823781	0.00122503714	0	44.7	0	0	3
381	58354	0	2.2420981	-0.0137004748	-0.00972707087	-0.0176776067	-0.00125127602	0.00269112243	0.00122503714	0	45.5	0	0	3
382	58357	0	2.24798287	-0.0119682696	-0.00978975216	-0.0176776067	-0.00125127602	0.00266162425	0.00122503714	0	46	0	0	3
383	58359	0	2.25386764	-0.0127519553	-0.00984968341	-0.0176776067	-0.00125127602	0.00264059878	0.00122503714	0	46.3	0	0	3
384	58362	0	2.25975241	-0.011486779	-0.00988627847	-0.0176776067	-0.00125127602	0.00261262643	0.00122503714	0	46.8	0	0	3
385	58365	0	2.26563719	-0.0110821035	-0.00992294041	-0.0176776067	-0.00125127602	0.0025798146	0.00122503714	0	47.4	0	0	3
386	58368	0	2.27152196	-0.0100302852	-0.00993748199	-0.0176776067	-0.00125127602	0.00254508647	0.00122503714	0	48.1	0	0	3
387	58371	0	2.27740673	-0.00734368484	-0.00993966681	-0.0176776067	-0.00125127602	0.00253123616	0.00122503714	0	48.3	0	0	3
388	58373	0	2.2832915	-0.00408377323	-0.00987849323	-0.0176776067	-0.00125127602	0.00244575734	0.00122503714	0	50	0	0	3
389	58376	0	2.28917627	-0.0045334808	-0.0098652385	-0.0176776067	-0.00125127602	0.00241584083	0.00122503714	0	50.7	0	0	3
390	58379	0	2.29506105	-0.00395074737	-0.00980080722	-0.0176776067	-0.00125127602	0.00241584083	0.00122503714	0	50.7	0	0	3
391	58381	0	2.30094582	-0.00384479595	-0.0097439115	-0.0176776067	-0.00125127602	0.00241584083	0.00122503714	0	50.7	0	0	3
392	58384	0	2.30683059	-0.00364314391	-0.00965547827	-0.0176776067	-0.00125127602	0.00241584083	0.00122503714	0	50.7	0	0	3
393	58387	0	2.31271536	-0.00535853205	-0.00959552288	-0.0176776067	-0.00125127602	0.00241584083	0.00122503714	0	50.7	0	0	3
394	58390	0	2.31860013	-0.00689125504	-0.00953317836	-0.0176776067	-0.00125127602	0.00241584083	0.00122503714	0	50.7	0	0	3
395	58392	0	2.32448491	-0.00648158963	-0.00947093971	-0.0176776067	-0.00125127602	0.00241584083	0.00122503714	0	50.7	0	0	3
396	58395	0	2.33036968	-0.00954185123	-0.00941947778	-0.0176776067	-0.00125127602	0.00241584083	0.00122503714	0	50.7	0	0	3
397	58397	0	2.33625445	-0.0104164293	-0.00938617094	-0.0176776067	-0.00125127602	0.00241584083	0.00122503714	0	50.7	0	0	3
398	58400	0	2.34213922	-0.0101761257	-0.00932893675	-0.0176776067	-0.00125127602	0.00241584083	0.00122503714	0	50.7	0	0	3
399	58402	0	2.34802399	-0.0132447708	-0.00930777264	-0.0176776067	-0.00125127602	0.00241584083	0.00122503714	0	50.7	0	0	3
400	58405	0	2.35390876	-0.011269523	-0.0092688982	-0.0176776067	-0.00125127602	0.00241584083	0.00122503714	0	50.7	0	0	3
401	58412	0	2.35979354	-0.0133388019	-0.00926049121	-0.0176776067	-0.00125127602	0.00241584083	0.00122503714	0	50.7	0	0	3
402	58415	0	2.36567831	-0.0125416036	-0.00924460767	-0.0176776067	-0.00125127602	0.00241584083	0.00122503714	0	50.7	0	0	3
403	58418	0	2.37156308	-0.0107527891	-0.0092297296	-0.0176776067	-0.00125127602	0.00241584083	0.00122503714	0	50.7	0	0	3
404	58420	0	2.37744785	-0.00843169905	-0.00918940588	-0.0176776067	-0.00125127602	0.00241584083	0.00122503714	0	50.7	0	0	3
405	58423	0	2.38333262	-0.00800977628	-0.00915502462	-0.0176776067	-0.00125127602	0.00241584083	0.00122503714	0	50.7	0	0	3
406	58426	0	2.3892174	-0.00594601397	-0.00908524047	-0.0176776067	-0.00125127602	0.00241584083	0.00122503714	0	50.7	0	0	3
407	58428	0	2.39510217	-0.00573835638	-0.00903281508	-0.0176776067	-0.00125127602	0.00241584083	0.00122503714	0	50.7	0	0	3
408	58431	0	2.40098694	-0.00561785597	-0.00897521033	-0.0176776067	-0.00125127602	0.00241584083	0.00122503714	0	50.7	0	0	3
409	58433	0	2.40687171	-0.00593030766	-0.00891488302	-0.0176776067	-0.00125127602	0.00241584083	0.00122503714	0	50.7	0	0	3
410	58436	0	2.41275648	-0.00450818583	-0.00883796875	-0.0176776067	-0.00125127602	0.00241584083	0.00122503714	0	50.7	0	0	3
411	58438	0	2.41864126	-0.00362204268	-0.00875536876	-0.0176776067	-0.00125127602	0.00241584083	0.00122503714	0	50.7	0	0	3
412	58441	0	2.42452603	-0.00372582926	-0.00864666744	-0.0176776067	-0.00125127602	0.00241584083	0.00122503714	0	50.7	0	0	3
413	58443	0	2.4304108	-0.00547905368	-0.00857038149	-0.0176776067	-0.00125127602	0.00241584083	0.00122503714	0	50.7	0	0	3
414	58446	0	2.43629557	-0.00723008756	-0.00849141012	-0.0176776067	-0.00125127602	0.00241584083	0.00122503714	0	50.7	0	0	3
415	58448	0	2.44218034	-0.0083786149	-0.00845686298	-0.0176776067	-0.00125127602	0.00241584083	0.00122503714	0	50.7	0	0	3
416	58450	0	2.44806512	-0.00950109009	-0.00838174677	-0.0176776067	-0.00125127602	0.00241584083	0.00122503714	0	50.7	0	0	3
417	58453	0	2.45394989	-0.0119304946	-0.00834913643	-0.0176776067	-0.00125127602	0.00241584083	0.00122503714	0	50.7	0	0	3
418	58455	0	2.45983466	-0.0132990471	-0.00834013587	-0.0176776067	-0.00125127602	0.00241584083	0.00122503714	0	50.7	0	0	3
419	58457	0	2.46571943	-0.0128084546	-0.00833066515	-0.0176776067	-0.00125127602	0.00241584083	0.00122503714	0	50.7	0	0	3
420	58460	0	2.4716042	-0.0139428487	-0.00832409141	-0.0176776067	-0.00125127602	0.00241584083	0.00122503714	0	50.7	0	0	3
421	58463	0	2.47748898	-0.0130458613	-0.00832604918	-0.0176776067	-0.00125127602	0.00241584083	0.00122503714	0	50.7	0	0	3
422	58465	0	2.48337375	-0.0127152822	-0.00831726341	-0.0176776067	-0.00125127602	0.00241584083	0.00122503714	0	50.7	0	0	3
423	58467	0	2.48925852	-0.0121247611	-0.00830665577	-0.0176776067	-0.00125127602	0.00241584083	0.00122503714	0	50.7	0	0	3
424	58470	0	2.49514329	-0.0132849166	-0.00831614299	-0.0176776067	-0.00125127602	0.00241584083	0.00122503714	0	50.7	0	0	3
425	58473	0	2.50102806	-0.013579704	-0.00833625998	-0.0176776067	-0.00125127602	0.00241584083	0.00122503714	0	50.7	0	0	3
426	58475	0	2.50691283	-0.0145697233	-0.00837403064	-0.0176776067	-0.00125127602	0.00241584083	0.00122503714	0	50.7	0	0	3
427	58478	0	2.51279761	-0.0155337023	-0.00845495935	-0.0176776067	-0.00125127602	0.00241584083	0.00122503714	0	50.7	0	0	3
428	58480	0	2.51868238	-0.0165435815	-0.00857337532	-0.0176776067	-0.00125127602	0.00241584083	0.00122503714	0	50.7	0	0	3
429	58483	0	2.52456715	-0.016968939	-0.00871835987	-0.0176776067	-0.00125127602	0.00241584083	0.00122503714	0	50.7	0	0	3
430	58485	0	2.53045192	-0.0172593529	-0.00888437569	-0.0176776067	-0.00125127602	0.00241584083	0.00122503714	0	50.7	0	0	3
431	58488	0	2.53633669	-0.0155664902	-0.0090351051	-0.0176776067	-0.00125127602	0.00241584083	0.00122503714	0	50.7	0	0	3
432	58490	0	2.54222147	-0.0153007232	-0.00919437526	-0.0176776067	-0.00125127602	0.00241584083	0.00122503714	0	50.7	0	0	3
433	58493	0	2.54810624	-0.0142245489	-0.00933463311	-0.0176776067	-0.00125127602	0.00241584083	0.00122503714	0	50.7	0	0	3
434	58495	0	2.55399101	-0.0131239557	-0.00946931266	-0.0176776067	-0.00125127602	0.00241584083	0.00122503714	0	50.7	0	0	3
435	58498	0	2.55987578	-0.0156618846	-0.00961462035	-0.0176776067	-0.00125127602	0.00241584083	0.00122503714	0	50.7	0	0	3
436	58500	0	2.56576055	-0.0177468874	-0.00980868636	-0.0177468874	-0.00195593703	0.00241584083	0.00122503714	0	50.7	0	0	3
437	58503	0	2.57164533	-0.0204231129	-0.0100225947	-0.0204231129	-0.00195593703	0.00249876867	0.00122503714	0	49	0	0	3
438	58505	0	2.5775301	-0.0182340924	-0.0102105778	-0.0204231129	-0.00195593703	0.0026867518	0.00122503714	0	45.5	0	0	3
439	58508	0	2.58341487	-0.020229934	-0.010419494	-0.0204231129	-0.00195593703	0.002895668	0.00122503714	0	42.3	0	0	3
440	58510	0	2.58929964	-0.018518143	-0.010614312	-0.0204231129	-0.00195593703	0.003090486	0.00122503714	0	39.6	0	0	3
441	58513	0	2.59518441	-0.0174888772	-0.0107935772	-0.0204231129	-0.00195593703	0.00326975117	0.00122503714	0	37.4	0	0	3
442	58516	0	2.60106919	-0.0145789324	-0.0109375745	-0.0204231129	-0.00195593703	0.00341374854	0.00122503714	0	35.8	0	0	3
443	58518	0	2.60695396	-0.0170154578	-0.0111068361	-0.0204231129	-0.00195593703	0.00358301012	0.00122503714	0	34.1	0	0	3
444	58521	0	2.61283873	-0.0149730397	-0.0112599785	-0.0204231129	-0.00362204268	0.0037361525	0.00122503714	0	32.7	0	0	3
445	58523	0	2.6187235	-0.0161564741	-0.0113967008	-0.0204231129	-0.00362204268	0.00386522849	0.00122503714	0	31.6	0	0	3
446	58526	0	2.62460827	-0.0156142514	-0.0115233426	-0.0204231129	-0.00362204268	0.00395506847	0.00122503714	0	30.9	0	0	3
447	58529	0	2.63049304	-0.0182334383	-0.0116744691	-0.0204231129	-0.00362204268	0.00402596485	0.00122503714	0	30.4	0	0	3
448	58531	0	2.63637782	-0.0190859502	-0.0118154529	-0.0204231129	-0.00362204268	0.00410173491	0.00122503714	0	29.8	0	0	3
449	58534	0	2.64226259	-0.0210279487	-0.0119833437	-0.0210279487	-0.00362204268	0.00415982006	0.00122503714	0	29.4	0	0	3
450	58536	0	2.64814736	-0.0189633604	-0.0121055821	-0.0210279487	-0.00362204268	0.00419415566	0.00122503714	0	29.2	0	0	3
451	58539	0	2.65403213	-0.0197655651	-0.0122348665	-0.0210279487	-0.00362204268	0.00418980565	0.00122503714	0	29.2	0	0	3
452	58542	0	2.6599169	-0.0183123002	-0.0123356978	-0.0210279487	-0.00362204268	0.00416419611	0.00122503714	0	29.4	0	0	3
453	58544	0	2.66580168	-0.0181000634	-0.0124304577	-0.0210279487	-0.00362204268	0.00412380193	0.00122503714	0	29.7	0	0	3
454	58547	0	2.67168645	-0.0169617097	-0.0124995118	-0.0210279487	-0.00362204268	0.00419285599	0.00122503714	0	29.2	0	0	3
455	58549	0	2.67757122	-0.0175394665	-0.0125787084	-0.0210279487	-0.00362204268	0.00427205267	0.00122503714	0	28.6	0	0	3
456	58552	0	2.68345599	-0.0180189107	-0.0126497396	-0.0210279487	-0.00362204268	0.00434308381	0.00122503714	0	28.2	0	0	3
457	58554	0	2.68934076	-0.0185246716	-0.012726016	-0.0210279487	-0.00362204268	0.00441936022	0.00122503714	0	27.7	0	0	3
458	58557	0	2.69522554	-0.0182106566	-0.012774029	-0.0210279487	-0.00362204268	0.00446737326	0.00122503714	0	27.4	0	0	3
459	58559	0	2.70111031	-0.0216080133	-0.0128656902	-0.0216080133	-0.00362204268	0.00455903439	0.00122503714	0	26.8	0	0	3
460	58562	0	2.70699508	-0.0197901002	-0.012890543	-0.0216080133	-0.00362204268	0.00458388726	0.00122503714	0	26.7	0	0	3
461	58564	0	2.71287985	-0.0222558333	-0.0129800806	-0.0222558333	-0.00362204268	0.00467342479	0.00122503714	0	26.2	0	0	3
462	58566	0	2.71876462	-0.0200812121	-0.0130120411	-0.0222558333	-0.00362204268	0.00470538529	0.00122503714	0	26	0	0	3
463	58569	0	2.7246494	-0.0205922685	-0.0130746533	-0.0222558333	-0.00362204268	0.0047679975	0.00122503714	0	25.6	0	0	3
464	58571	0	2.73053417	-0.0181501124	-0.0130994288	-0.0222558333	-0.00362204268	0.00479277308	0.00122503714	0	25.5	0	0	3
465	58574	0	2.73641894	-0.0190459129	-0.0131445017	-0.0222558333	-0.00362204268	0.00483784595	0.00122503714	0	25.3	0	0	3
466	58576	0	2.74230371	-0.0172391432	-0.0131861331	-0.0222558333	-0.00362204268	0.00487947734	0.00122503714	0	25.1	0	0	3
467	58579	0	2.74818848	-0.0178915985	-0.0132558193	-0.0222558333	-0.00362204268	0.00494916356	0.00122503714	0	24.7	0	0	3
468	58581	0	2.75407326	-0.0170714581	-0.013306637	-0.0222558333	-0.00362204268	0.00499998124	0.00122503714	0	24.5	0	0	3
469	58584	0	2.75995803	-0.0158519128	-0.0133579915	-0.0222558333	-0.00362204268	0.00505133576	0.00122503714	0	24.2	0	0	3
470	58587	0	2.7658428	-0.0172268792	-0.013430283	-0.0222558333	-0.00362204268	0.00512362724	0.00122503714	0	23.9	0	0	3
471	58589	0	2.77172757	-0.0155681395	-0.0134954342	-0.0222558333	-0.00362204268	0.00518877847	0.00122503714	0	23.6	0	0	3
472	58592	0	2.77761234	-0.0152721472	-0.0135887103	-0.0222558333	-0.00362204268	0.00528205449	0.00122503714	0	23.1	0	0	3
473	58594	0	2.78349711	-0.0159302856	-0.013728081	-0.0222558333	-0.00362204268	0.00542142523	0.00122503714	0	22.5	0	0	3
474	58596	0	2.78938189	-0.0149500555	-0.0138506289	-0.0222558333	-0.00362204268	0.00554397317	0.00122503714	0	22	0	0	3
475	58599	0	2.79526666	-0.0156280461	-0.0139880089	-0.0222558333	-0.00362204268	0.00568135315	0.00122503714	0	21.5	0	0	3
476	58601	0	2.80115143	-0.0137558838	-0.01410461	-0.0222558333	-0.00362204268	0.00579795418	0.00122503714	0	21.1	0	0	3
477	58603	0	2.8070362	-0.0147261174	-0.0142349979	-0.0222558333	-0.00362204268	0.00592834211	0.00122503714	0	20.6	0	0	3
478	58606	0	2.81292097	-0.0163468746	-0.0143642725	-0.0222558333	-0.00362204268	0.00605761673	0.00122503714	0	20.2	0	0	3
479	58608	0	2.81880575	-0.0153679707	-0.0144639986	-0.0222558333	-0.00362204268	0.00615734279	0.00122503714	0	19.8	0	0	3
480	58611	0	2.82469052	-0.0166882675	-0.0145840771	-0.0222558333	-0.00362204268	0.00627742136	0.00122503714	0	19.5	0	0	3
481	58613	0	2.83057529	-0.017772411	-0.0146809072	-0.0222558333	-0.00362204268	0.00637425147	0.00122503714	0	19.2	0	0	3
482	58616	0	2.83646006	-0.0204854912	-0.0147993668	-0.0222558333	-0.00362204268	0.00649271102	0.00122503714	0	18.8	0	0	3
483	58618	0	2.84234483	-0.0212572858	-0.0149297334	-0.0222558333	-0.00362204268	0.00662307761	0.00122503714	0	18.4	0	0	3
484	58620	0	2.84822961	-0.0216034447	-0.0150280707	-0.0222558333	-0.00362204268	0.00672141495	0.00122503714	0	18.2	0	0	3
485	58623	0	2.85411438	-0.0214925333	-0.0151483414	-0.0222558333	-0.00362204268	0.00684168566	0.00122503714	0	17.9	0	0	3
486	58625	0	2.85999915	-0.0228718838	-0.0152604953	-0.0228718838	-0.00362204268	0.00695383957	0.00122503714	0	17.6	0	0	3
487	58628	0	2.86588392	-0.0229550619	-0.0153830066	-0.0229550619	-0.00362204268	0.00707635084	0.00122503714	0	17.3	0	0	3
488	58631	0	2.87176869	-0.0226493672	-0.0155229664	-0.0229550619	-0.00362204268	0.00721631058	0.00122503714	0	16.9	0	0	3
489	58633	0	2.87765347	-0.0224700828	-0.0156881238	-0.0229550619	-0.00362204268	0.00738146804	0.00122503714	0	16.5	0	0	3
490	58636	0	2.88353824	-0.0222013541	-0.0158550835	-0.0229550619	-0.00362204268	0.00754842778	0.00122503714	0	16.2	0	0	3
491	58638	0	2.88942301	-0.0228856235	-0.0160543731	-0.0229550619	-0.00362204268	0.0077477173	0.00122503714	0	15.8	0	0	3
492	58641	0	2.89530778	-0.0217317626	-0.0162425308	-0.0229550619	-0.00362204268	0.00793587502	0.00122503714	0	15.4	0	0	3
493	58643	0	2.90119255	-0.0208558049	-0.0164218008	-0.0229550619	-0.00362204268	0.00811514501	0.00122503714	0	15	0	0	3
494	58646	0	2.90707732	-0.0191607447	-0.016577453	-0.0229550619	-0.00362204268	0.00827079721	0.00122503714	0	14.8	0	0	3
495	58649	0	2.9129621	-0.0167657716	-0.0167216599	-0.0229550619	-0.00362204268	0.0084150041	0.00122503714	0	14.5	0	0	3
496	58651	0	2.91884687	-0.0140535287	-0.0168443832	-0.0229550619	-0.00372582926	0.00853772747	0.00122503714	0	14.3	0	0	3
497	58654	0	2.92473164	-0.0128981835	-0.0169522933	-0.0229550619	-0.00547905368	0.00864563752	0.00122503714	0	14.1	0	0	3
498	58656	0	2.93061641	-0.0100323885	-0.0170058619	-0.0229550619	-0.00723008756	0.00869920616	0.00122503714	0	14	0	0	3
499	58659	0	2.93650118	-0.00966259572	-0.0170344797	-0.0229550619	-0.0083786149	0.00872782391	0.00122503714	0	14	0	0	3
500	58661	0	2.94238596	-0.00808251249	-0.0170309961	-0.0229550619	-0.00808251249	0.00872782391	0.00122503714	0	14	0	0	3
501	58668	0	2.94827073	-0.00841879738	-0.0170182633	-0.0229550619	-0.00808251249	0.00872782391	0.00122503714	0	14	0	0	3
502	58671	0	2.9541555	-0.00869869967	-0.0169802421	-0.0229550619	-0.00808251249	0.00872782391	0.00122503714	0	14	0	0	3
503	58673	0	2.96004027	-0.00812933009	-0.0169194219	-0.0229550619	-0.00808251249	0.00872782391	0.00122503714	0	14	0	0	3
504	58676	0	2.96592504	-0.00882782142	-0.016872591	-0.0229550619	-0.00808251249	0.00872782391	0.00122503714	0	14	0	0	3
505	58678	0	2.97180982	-0.00959094664	-0.0168213921	-0.0229550619	-0.00808251249	0.00872782391	0.00122503714	0	14	0	0	3
506	58680	0	2.97769459	-0.0117860742	-0.0168065711	-0.0229550619	-0.00808251249	0.00872782391	0.00122503714	0	14	0	0	3
507	58683	0	2.98357936	-0.0125804984	-0.0168049854	-0.0229550619	-0.00808251249	0.00872782391	0.00122503714	0	14	0	0	3
508	58685	0	2.98946413	-0.0139552933	-0.0168265211	-0.0229550619	-0.00808251249	0.00871833669	0.00122503714	0	14	0	0	3
509	58688	0	2.9953489	-0.0147425395	-0.0168436696	-0.0229550619	-0.00808251249	0.0086982197	0.00122503714	0	14	0	0	3
510	58690	0	3.00123368	-0.0172425722	-0.0168867621	-0.0229550619	-0.00808251249	0.00866044904	0.00122503714	0	14.1	0	0	3
511	58693	0	3.00711845	-0.0205147322	-0.0169567034	-0.0229550619	-0.00808251249	0.00857952033	0.00122503714	0	14.2	0	0	3
512	58695	0	3.01300322	-0.0232535596	-0.0170475253	-0.0232535596	-0.00808251249	0.00847414996	0.00122503714	0	14.4	0	0	3
513	58698	0	3.01888799	-0.0262846607	-0.0171621262	-0.0262846607	-0.00808251249	0.00844376634	0.00122503714	0	14.5	0	0	3
514	58700	0	3.02477276	-0.0266000684	-0.0172754336	-0.0266000684	-0.00808251249	0.00839105793	0.00122503714	0	14.5	0	0	3
515	58703	0	3.03065753	-0.029308341	-0.0174171864	-0.029308341	-0.00808251249	0.00838208133	0.00122503714	0	14.6	0	0	3
516	58705	0	3.03654231	-0.0284327605	-0.0175685543	-0.029308341	-0.00808251249	0.00837417904	0.00122503714	0	14.6	0	0	3
517	58708	0	3.04242708	-0.0311986696	-0.017755589	-0.0311986696	-0.00808251249	0.00842095586	0.00122503714	0	14.5	0	0	3
518	58711	0	3.04831185	-0.0309189419	-0.0179519936	-0.0311986696	-0.00808251249	0.00848268093	0.00122503714	0	14.4	0	0	3
519	58713	0	3.05419662	-0.0296154699	-0.0181460114	-0.0311986696	-0.00808251249	0.00853139106	0.00122503714	0	14.3	0	0	3
520	58716	0	3.06008139	-0.0291366491	-0.018304538	-0.0311986696	-0.00808251249	0.00849585169	0.00122503714	0	14.4	0	0	3
521	58718	0	3.06596617	-0.0285178712	-0.0184312555	-0.0311986696	-0.00808251249	0.00840866085	0.00122503714	0	14.5	0	0	3
522	58721	0	3.07185094	-0.0250921777	-0.0184861857	-0.0311986696	-0.00808251249	0.00827560789	0.00122503714	0	14.8	0	0	3
523	58723	0	3.07773571	-0.0231982134	-0.0185445871	-0.0311986696	-0.00808251249	0.00812509312	0.00122503714	0	15	0	0	3
524	58726	0	3.08362048	-0.0212216746	-0.0185562546	-0.0311986696	-0.00808251249	0.00794194265	0.00122503714	0	15.4	0	0	3
525	58729	0	3.08950525	-0.0213404221	-0.0185894579	-0.0311986696	-0.00808251249	0.00779588077	0.00122503714	0	15.7	0	0	3
526	58731	0	3.09539003	-0.0198253369	-0.0186169457	-0.0311986696	-0.00808251249	0.00767937116	0.00122503714	0	15.9	0	0	3
527	58734	0	3.1012748	-0.0205080852	-0.0186867004	-0.0311986696	-0.00808251249	0.00757986432	0.00122503714	0	16.1	0	0	3
528	58736	0	3.10715957	-0.0180042649	-0.0186983334	-0.0311986696	-0.00808251249	0.00743835496	0.00122503714	0	16.4	0	0	3
529	58739	0	3.11304434	-0.0195379652	-0.0187520385	-0.0311986696	-0.00808251249	0.0073553377	0.00122503714	0	16.6	0	0	3
530	58742	0	3.11892911	-0.0178409646	-0.018771856	-0.0311986696	-0.00808251249	0.00724851335	0.00122503714	0	16.9	0	0	3
531	58744	0	3.12481389	-0.0170516379	-0.0187887664	-0.0311986696	-0.00808251249	0.00711429734	0.00122503714	0	17.2	0	0	3
532	58747	0	3.13069866	-0.0190163517	-0.0187979772	-0.0311986696	-0.00808251249	0.00698252422	0.00122503714	0	17.5	0	0	3
533	58750	0	3.13658343	-0.018699119	-0.0187934262	-0.0311986696	-0.00808251249	0.00681463348	0.00122503714	0	17.9	0	0	3
534	58752	0	3.1424682	-0.0200596249	-0.0187820342	-0.0311986696	-0.00808251249	0.00669239509	0.00122503714	0	18.3	0	0	3
535	58755	0	3.14835297	-0.0206833726	-0.0188022696	-0.0311986696	-0.00808251249	0.00656740312	0.00122503714	0	18.6	0	0	3
536	58757	0	3.15423775	-0.0215520293	-0.0188232868	-0.0311986696	-0.00808251249	0.00648758899	0.00122503714	0	18.8	0	0	3
537	58760	0	3.16012252	-0.0194808126	-0.018837034	-0.0311986696	-0.00808251249	0.00640657633	0.00122503714	0	19.1	0	0	3
538	58762	0	3.16600729	-0.0190058507	-0.0188476904	-0.0311986696	-0.00808251249	0.0063481786	0.00122503714	0	19.2	0	0	3
539	58765	0	3.17189206	-0.0169055728	-0.0188470299	-0.0311986696	-0.00808251249	0.00626898191	0.00122503714	0	19.5	0	0	3
540	58768	0	3.17777683	-0.0163680346	-0.0188332484	-0.0311986696	-0.00808251249	0.00619795077	0.00122503714	0	19.7	0	0	3
541	58770	0	3.1836616	-0.0160751497	-0.0188103806	-0.0311986696	-0.00808251249	0.00612167437	0.00122503714	0	20	0	0	3
542	58772	0	3.18954638	-0.0157755116	-0.0187780375	-0.0311986696	-0.00808251249	0.00607366133	0.00122503714	0	20.1	0	0	3
543	58775	0	3.19543115	-0.014725298	-0.0187370333	-0.0311986696	-0.00808251249	0.00598200019	0.00122503714	0	20.4	0	0	3
544	58777	0	3.20131592	-0.0136140211	-0.0186429863	-0.0311986696	-0.00808251249	0.00595714733	0.00122503714	0	20.5	0	0	3
545	58780	0	3.20720069	-0.0144722752	-0.0185804237	-0.0311986696	-0.00808251249	0.00586760979	0.00122503714	0	20.8	0	0	3
546	58782	0	3.21308546	-0.0138332881	-0.0184813349	-0.0311986696	-0.00808251249	0.00583564929	0.00122503714	0	20.9	0	0	3
547	58785	0	3.21897024	-0.0134457995	-0.0184032713	-0.0311986696	-0.00808251249	0.00577303709	0.00122503714	0	21.2	0	0	3
548	58788	0	3.22485501	-0.0156132976	-0.0183446951	-0.0311986696	-0.00808251249	0.00574826151	0.00122503714	0	21.3	0	0	3
549	58790	0	3.23073978	-0.0147370403	-0.0183045413	-0.0311986696	-0.00808251249	0.00570318863	0.00122503714	0	21.4	0	0	3
550	58792	0	3.23662455	-0.015552163	-0.0182634384	-0.0311986696	-0.00808251249	0.00566155724	0.00122503714	0	21.6	0	0	3
551	58795	0	3.24250932	-0.0152264022	-0.0182397591	-0.0311986696	-0.00808251249	0.00559187102	0.00122503714	0	21.9	0	0	3
552	58797	0	3.2483941	-0.0162481026	-0.0182204238	-0.0311986696	-0.00808251249	0.00554105334	0.00122503714	0	22.1	0	0	3
553	58800	0	3.25427887	-0.0153251611	-0.0181998792	-0.0311986696	-0.00808251249	0.00548969882	0.00122503714	0	22.3	0	0	3
554	58802	0	3.26016364	-0.0152296213	-0.0181925581	-0.0311986696	-0.00808251249	0.00541740734	0.00122503714	0	22.6	0	0	3
555	58805	0	3.26604841	-0.0145010356	-0.0181604893	-0.0311986696	-0.00808251249	0.00535225612	0.00122503714	0	22.8	0	0	3
556	58807	0	3.27193318	-0.0147506758	-0.0181508721	-0.0311986696	-0.00808251249	0.00525898009	0.00122503714	0	23.2	0	0	3
557	58810	0	3.27781796	-0.0128294213	-0.0181221342	-0.0311986696	-0.00808251249	0.00511960936	0.00122503714	0	23.9	0	0	3
558	58812	0	3.28370273	-0.012279255	-0.0180791809	-0.0311986696	-0.00808251249	0.00499706142	0.00122503714	0	24.5	0	0	3
559	58815	0	3.2895875	-0.0107680126	-0.0180299804	-0.0311986696	-0.00808251249	0.00485968143	0.00122503714	0	25.2	0	0	3
560	58817	0	3.29547227	-0.0112817503	-0.0179788475	-0.0311986696	-0.00808251249	0.0047430804	0.00122503714	0	25.8	0	0	3
561	58820	0	3.30135704	-0.0106862771	-0.0179427345	-0.0311986696	-0.00808251249	0.00461269248	0.00122503714	0	26.5	0	0	3
562	58822	0	3.30724181	-0.0100668518	-0.0178879196	-0.0311986696	-0.00808251249	0.00448341786	0.00122503714	0	27.3	0	0	3
563	58825	0	3.31312659	-0.00966915576	-0.0178093582	-0.0311986696	-0.00808251249	0.00438369179	0.00122503714	0	27.9	0	0	3
564	58828	0	3.31901136	-0.0105595207	-0.0177527882	-0.0311986696	-0.00808251249	0.00426361323	0.00122503714	0	28.7	0	0	3
565	58830	0	3.32489613	-0.011318211	-0.017689611	-0.0311986696	-0.00808251249	0.00416678311	0.00122503714	0	29.4	0	0	3
566	58833	0	3.3307809	-0.0132991269	-0.0176369842	-0.0311986696	-0.00808251249	0.00404832356	0.00122503714	0	30.2	0	0	3
567	58835	0	3.33666567	-0.0149327887	-0.0175716583	-0.0311986696	-0.00808251249	0.00391795697	0.00122503714	0	31.2	0	0	3
568	58838	0	3.34255045	-0.0161905304	-0.0175120494	-0.0311986696	-0.00808251249	0.00381961963	0.00122503714	0	32	0	0	3
569	58840	0	3.34843522	-0.0173166369	-0.0174616163	-0.0311986696	-0.00808251249	0.00369934892	0.00122503714	0	33.1	0	0	3
570	58843	0	3.35431999	-0.0182946627	-0.0174239943	-0.0311986696	-0.00808251249	0.00358719502	0.00122503714	0	34.1	0	0	3
571	58846	0	3.36020476	-0.0186675467	-0.0173745315	-0.0311986696	-0.00808251249	0.00346468374	0.00122503714	0	35.3	0	0	3
572	58848	0	3.36608953	-0.0183510994	-0.0173203673	-0.0311986696	-0.00808251249	0.003324724	0.00122503714	0	36.8	0	0	3
573	58851	0	3.37197431	-0.0182799067	-0.0172689619	-0.0311986696	-0.00808251249	0.00315956654	0.00122503714	0	38.7	0	0	3
574	58853	0	3.37785908	-0.018708291	-0.0172247055	-0.0311986696	-0.00808251249	0.0029926068	0.00122503714	0	40.9	0	0	3
575	58856	0	3.38374385	-0.0191486113	-0.0171887909	-0.0311986696	-0.00808251249	0.00279331728	0.00122503714	0	43.8	0	0	3
576	58858	0	3.38962862	-0.0184391852	-0.0171364798	-0.0311986696	-0.00808251249	0.00260515956	0.00122503714	0	47	0	0	3
577	58861	0	3.39551339	-0.0175841865	-0.0170876848	-0.0311986696	-0.00808251249	0.00242588957	0.00122503714	0	50.4	0	0	3
578	58864	0	3.40139817	-0.0170143077	-0.0170424907	-0.0311986696	-0.00808251249	0.00227023737	0.00122503714	0	53.9	0	0	3
579	58866	0	3.40728294	-0.0172797302	-0.0170203611	-0.0311986696	-0.00808251249	0.00212603048	0.00122503714	0	57.6	0	0	3
580	58869	0	3.41316771	-0.0136183596	-0.0169833328	-0.0311986696	-0.00808251249	0.00204270495	0.00122503714	0	59.9	0	0	3
581	58871	0	3.41905248	-0.0142254643	-0.0169853555	-0.0311986696	-0.00808251249	0.00204270495	0.00122503714	0	59.9	0	0	3
582	58874	0	3.42493725	-0.0117200411	-0.016971495	-0.0311986696	-0.00808251249	0.00204270495	0.00122503714	0	59.9	0	0	3
583	58877	0	3.43082202	-0.0117321466	-0.0169914922	-0.0311986696	-0.00808251249	0.00204270495	0.00122503714	0	59.9	0	0	3
584	58879	0	3.4367068	-0.0099798097	-0.0169952241	-0.0311986696	-0.00808251249	0.00204270495	0.00122503714	0	59.9	0	0	3
585	58881	0	3.44259157	-0.00806527525	-0.0169950213	-0.0311986696	-0.00806527525	0.00204270495	0.00122503714	0	59.9	0	0	3
586	58884	0	3.44847634	-0.00714640183	-0.016980052	-0.0311986696	-0.00714640183	0.00204270495	0.00122503714	0	59.9	0	0	3
587	58886	0	3.45436111	-0.00508684148	-0.0169375595	-0.0311986696	-0.00508684148	0.00204270495	0.00122503714	0	59.9	0	0	3
588	58889	0	3.46024588	-0.00544293843	-0.0169059549	-0.0311986696	-0.00508684148	0.00204270495	0.00122503714	0	59.9	0	0	3
589	58891	0	3.46613066	-0.00598166717	-0.0168724707	-0.0311986696	-0.00508684148	0.00204270495	0.00122503714	0	59.9	0	0	3
590	58893	0	3.47201543	-0.00828891462	-0.0168571527	-0.0311986696	-0.00508684148	0.00204270495	0.00122503714	0	59.9	0	0	3
591	58896	0	3.4779002	-0.00953332019	-0.0168306497	-0.0311986696	-0.00508684148	0.00204270495	0.00122503714	0	59.9	0	0	3
592	58898	0	3.48378497	-0.0112725668	-0.0168152623	-0.0311986696	-0.00508684148	0.00203242805	0.00122503714	0	60.2	0	0	3
593	58901	0	3.48966974	-0.0103222356	-0.0167725204	-0.0311986696	-0.00508684148	0.00207516991	0.00122503714	0	59	0	0	3
594	58904	0	3.49555452	-0.0103538895	-0.0167208893	-0.0311986696	-0.00508684148	0.00212680109	0.00122503714	0	57.5	0	0	3
595	58906	0	3.50143929	-0.0104918596	-0.0166414691	-0.0311986696	-0.00508684148	0.00220622123	0.00122503714	0	55.5	0	0	3
596	58909	0	3.50732406	-0.00972550224	-0.016514537	-0.0311986696	-0.00508684148	0.00233315335	0.00122503714	0	52.5	0	0	3
597	58911	0	3.51320883	-0.0110112491	-0.0163705098	-0.0311986696	-0.00508684148	0.00247718053	0.00122503714	0	49.4	0	0	3
598	58914	0	3.5190936	-0.0117554457	-0.0161995779	-0.0311986696	-0.00508684148	0.00264811247	0.00122503714	0	46.2	0	0	3
599	58916	0	3.52497838	-0.014773562	-0.0160604425	-0.0311986696	-0.00508684148	0.00278724784	0.00122503714	0	43.9	0	0	3
600	58919	0	3.53086315	-0.0148959227	-0.0158908846	-0.0311986696	-0.00508684148	0.00295680571	0.00122503714	0	41.4	0	0	3
601	58926	0	3.53674792	-0.0152018807	-0.0157352272	-0.0311986696	-0.00508684148	0.00311246312	0.00122503714	0	39.3	0	0	3
602	58928	0	3.54263269	-0.0169062932	-0.0155670816	-0.0309189419	-0.00508684148	0.00328060872	0.00122503714	0	37.3	0	0	3
603	58931	0	3.54851746	-0.0165666541	-0.0153982312	-0.0296154699	-0.00508684148	0.00344945917	0.00122503714	0	35.5	0	0	3
604	58933	0	3.55440224	-0.0169275094	-0.0152489611	-0.0291366491	-0.00508684148	0.00359872929	0.00122503714	0	34	0	0	3
605	58936	0	3.56028701	-0.0174950971	-0.0151120016	-0.0285178712	-0.00508684148	0.00373568872	0.00122503714	0	32.7	0	0	3
606	58938	0	3.56617178	-0.016943222	-0.0149758293	-0.0250921777	-0.00508684148	0.00387186107	0.00122503714	0	31.6	0	0	3
607	58941	0	3.57205655	-0.017611982	-0.014887827	-0.0231982134	-0.00508684148	0.00395986337	0.00122503714	0	30.9	0	0	3
608	58943	0	3.57794132	-0.0164111459	-0.0148079791	-0.0215520293	-0.00508684148	0.00403971122	0.00122503714	0	30.3	0	0	3
609	58946	0	3.58382609	-0.013949839	-0.0147224281	-0.0215520293	-0.00508684148	0.00412526223	0.00122503714	0	29.6	0	0	3
610	58949	0	3.58971087	-0.0153963235	-0.0146524976	-0.0215520293	-0.00508684148	0.0041951928	0.00122503714	0	29.2	0	0	3
611	58951	0	3.59559564	-0.0128633957	-0.0145705924	-0.0215520293	-0.00508684148	0.00427709799	0.00122503714	0	28.6	0	0	3
612	58954	0	3.60148041	-0.0144213174	-0.0144989833	-0.0215520293	-0.00508684148	0.00434870702	0.00122503714	0	28.1	0	0	3
613	58956	0	3.60736518	-0.0134327013	-0.0144452002	-0.0215520293	-0.00508684148	0.00440249013	0.00122503714	0	27.8	0	0	3
614	58959	0	3.61324995	-0.0140369552	-0.0143804825	-0.0215520293	-0.00508684148	0.00446720789	0.00122503714	0	27.4	0	0	3
615	58961	0	3.61913473	-0.013604245	-0.0143306387	-0.0215520293	-0.00508684148	0.00451705165	0.00122503714	0	27.1	0	0	3
616	58964	0	3.6250195	-0.0144228742	-0.0142997121	-0.0215520293	-0.00508684148	0.00454797828	0.00122503714	0	26.9	0	0	3
617	58966	0	3.63090427	-0.0139920774	-0.014240603	-0.0215520293	-0.00508684148	0.00460708739	0.00122503714	0	26.5	0	0	3
618	58969	0	3.63678904	-0.0142134821	-0.0141878308	-0.0215520293	-0.00508684148	0.00465985959	0.00122503714	0	26.2	0	0	3
619	58971	0	3.64267381	-0.0152884958	-0.0141316998	-0.0215520293	-0.00508684148	0.00471599052	0.00122503714	0	25.9	0	0	3
620	58974	0	3.64855859	-0.0156381092	-0.0140723438	-0.0215520293	-0.00508684148	0.00477534656	0.00122503714	0	25.6	0	0	3
621	58976	0	3.65444336	-0.0154595862	-0.014000668	-0.0194808126	-0.00508684148	0.00484702236	0.00122503714	0	25.2	0	0	3
622	58979	0	3.66032813	-0.0165086607	-0.0139657015	-0.0191486113	-0.00508684148	0.00488198886	0.00122503714	0	25	0	0	3
623	58981	0	3.6662129	-0.0161832337	-0.0139324942	-0.0191486113	-0.00508684148	0.00491453568	0.00122503714	0	24.9	0	0	3
624	58984	0	3.67209767	-0.0168590487	-0.0139319469	-0.0191486113	-0.00508684148	0.00490130147	0.00122503714	0	24.9	0	0	3
625	58986	0	3.67798245	-0.0187316029	-0.0139597536	-0.0191486113	-0.00508684148	0.00487843369	0.00122503714	0	25.1	0	0	3
626	58988	0	3.68386722	-0.0206766146	-0.0140138885	-0.0206766146	-0.00508684148	0.00484609063	0.00122503714	0	25.2	0	0	3
627	58991	0	3.68975199	-0.0216092504	-0.0140825207	-0.0216092504	-0.00508684148	0.00480508642	0.00122503714	0	25.4	0	0	3
628	58993	0	3.69563676	-0.0240684982	-0.0141924407	-0.0240684982	-0.00508684148	0.00471103945	0.00122503714	0	26	0	0	3
629	58995	0	3.70152153	-0.024301866	-0.01431818	-0.024301866	-0.00508684148	0.0046484768	0.00122503714	0	26.3	0	0	3
630	58998	0	3.7074063	-0.0240402589	-0.0144307446	-0.024301866	-0.00508684148	0.00454938803	0.00122503714	0	26.9	0	0	3
631	59000	0	3.71329108	-0.0236461178	-0.0145461896	-0.024301866	-0.00508684148	0.00447132436	0.00122503714	0	27.3	0	0	3
632	59003	0	3.71917585	-0.024783753	-0.0146795773	-0.024783753	-0.00508684148	0.00441274823	0.00122503714	0	27.7	0	0	3
633	59005	0	3.72506062	-0.0234369214	-0.0147716199	-0.024783753	-0.00508684148	0.00437259444	0.00122503714	0	28	0	0	3
634	59008	0	3.73094539	-0.0227281545	-0.014865633	-0.024783753	-0.00508684148	0.0043314915	0.00122503714	0	28.2	0	0	3
635	59011	0	3.73683016	-0.018470605	-0.0148999677	-0.024783753	-0.00508684148	0.00430781219	0.00122503714	0	28.4	0	0	3
636	59013	0	3.74271494	-0.0166664006	-0.0149169088	-0.024783753	-0.00508684148	0.00428847695	0.00122503714	0	28.5	0	0	3
637	59016	0	3.74859971	-0.012975943	-0.0148784128	-0.024783753	-0.00508684148	0.00426793228	0.00122503714	0	28.7	0	0	3
638	59018	0	3.75448448	-0.0100477278	-0.0148163254	-0.024783753	-0.00508684148	0.0042606112	0.00122503714	0	28.7	0	0	3
639	59021	0	3.76036925	-0.00813695662	-0.0147328823	-0.024783753	-0.00508684148	0.00422854245	0.00122503714	0	28.9	0	0	3
640	59023	0	3.76625402	-0.00768570958	-0.0146527019	-0.024783753	-0.00508684148	0.00421892523	0.00122503714	0	29	0	0	3
641	59026	0	3.7721388	-0.00717350893	-0.0145635588	-0.024783753	-0.00508684148	0.00419018728	0.00122503714	0	29.2	0	0	3
642	59028	0	3.77802357	-0.00682930616	-0.0144929692	-0.024783753	-0.00508684148	0.00414723398	0.00122503714	0	29.5	0	0	3
643	59031	0	3.78390834	-0.00827484568	-0.0144458585	-0.024783753	-0.00508684148	0.00409803347	0.00122503714	0	29.8	0	0	3
644	59034	0	3.78979311	-0.00853484997	-0.014419586	-0.024783753	-0.00508684148	0.00404690058	0.00122503714	0	30.2	0	0	3
645	59036	0	3.79567788	-0.011168569	-0.0144182545	-0.024783753	-0.00508684148	0.00401078756	0.00122503714	0	30.5	0	0	3
646	59039	0	3.80156266	-0.0107135884	-0.0144185758	-0.024783753	-0.00508684148	0.00395597267	0.00122503714	0	30.9	0	0	3
647	59041	0	3.80744743	-0.0124731896	-0.0144468856	-0.024783753	-0.00508684148	0.00387741128	0.00122503714	0	31.5	0	0	3
648	59044	0	3.8133322	-0.0101294858	-0.0144523013	-0.024783753	-0.00508684148	0.00382084128	0.00122503714	0	32	0	0	3
649	59046	0	3.81921697	-0.0111979984	-0.0144598128	-0.024783753	-0.00508684148	0.00375766414	0.00122503714	0	32.6	0	0	3
650	59049	0	3.82510174	-0.0117106661	-0.0144644299	-0.024783753	-0.00508684148	0.00370503727	0.00122503714	0	33	0	0	3
651	59052	0	3.83098651	-0.0138311021	-0.0144706884	-0.024783753	-0.00508684148	0.00363971136	0.00122503714	0	33.6	0	0	3
652	59054	0	3.83687129	-0.0133939101	-0.014452584	-0.024783753	-0.00508684148	0.00358010247	0.00122503714	0	34.2	0	0	3
653	59057	0	3.84275606	-0.0155736467	-0.0144453265	-0.024783753	-0.00508684148	0.00352966944	0.00122503714	0	34.7	0	0	3
654	59059	0	3.84864083	-0.0162183413	-0.0144324054	-0.024783753	-0.00508684148	0.00349204743	0.00122503714	0	35	0	0	3
655	59062	0	3.8545256	-0.018612631	-0.0144361462	-0.024783753	-0.00508684148	0.00344258464	0.00122503714	0	35.5	0	0	3
656	59064	0	3.86041037	-0.0192073642	-0.014442497	-0.024783753	-0.00508684148	0.00338842037	0.00122503714	0	36.1	0	0	3
657	59067	0	3.86629515	-0.0205982076	-0.0144689336	-0.024783753	-0.00508684148	0.00333701496	0.00122503714	0	36.7	0	0	3
658	59069	0	3.87217992	-0.0210782275	-0.014501855	-0.024783753	-0.00508684148	0.00329275858	0.00122503714	0	37.2	0	0	3
659	59072	0	3.87806469	-0.0217123873	-0.0145371973	-0.024783753	-0.00508684148	0.00325684396	0.00122503714	0	37.6	0	0	3
660	59075	0	3.88394946	-0.0239718303	-0.0145939411	-0.024783753	-0.00508684148	0.00320453292	0.00122503714	0	38.2	0	0	3
661	59077	0	3.88983423	-0.0244037994	-0.014664113	-0.024783753	-0.00508684148	0.00315573791	0.00122503714	0	38.8	0	0	3
662	59080	0	3.89571901	-0.0261288297	-0.0147646382	-0.0261288297	-0.00508684148	0.00311054382	0.00122503714	0	39.3	0	0	3
663	59082	0	3.90160378	-0.0257450259	-0.0148673525	-0.0261288297	-0.00508684148	0.00308841424	0.00122503714	0	39.6	0	0	3
664	59085	0	3.90748855	-0.0264709866	-0.014975485	-0.0264709866	-0.00508684148	0.00306327722	0.00122503714	0	39.9	0	0	3
665	59088	0	3.91337332	-0.027679129	-0.0151409058	-0.027679129	-0.00508684148	0.00306327722	0.00122503714	0	39.9	0	0	3
666	59090	0	3.91925809	-0.0275999592	-0.0152982528	-0.027679129	-0.00508684148	0.00306327722	0.00122503714	0	39.9	0	0	3
667	59093	0	3.92514287	-0.0246911076	-0.0154508536	-0.027679129	-0.00508684148	0.00306327722	0.00122503714	0	39.9	0	0	3
668	59095	0	3.93102764	-0.0249308744	-0.0156061327	-0.027679129	-0.00508684148	0.00306327722	0.00122503714	0	39.9	0	0	3
669	59098	0	3.93691241	-0.0217198124	-0.0157442504	-0.027679129	-0.00508684148	0.00306307443	0.00122503714	0	39.9	0	0	3
670	59100	0	3.94279718	-0.0202834514	-0.0158879936	-0.027679129	-0.00508684148	0.00304810507	0.00122503714	0	40.1	0	0	3
671	59103	0	3.94868195	-0.01844563	-0.0160209257	-0.027679129	-0.00508684148	0.00300561262	0.00122503714	0	40.7	0	0	3
672	59105	0	3.95456673	-0.0165867323	-0.0161562186	-0.027679129	-0.00544293843	0.00297400801	0.00122503714	0	41.1	0	0	3
673	59108	0	3.9604515	-0.0163230816	-0.0162842202	-0.027679129	-0.00598166717	0.00294052385	0.00122503714	0	41.6	0	0	3
674	59111	0	3.96633627	-0.0138706887	-0.0163770323	-0.027679129	-0.00682930616	0.00292520582	0.00122503714	0	41.8	0	0	3
675	59113	0	3.97222104	-0.0141953299	-0.0164465195	-0.027679129	-0.00682930616	0.00289870283	0.00122503714	0	42.2	0	0	3
676	59116	0	3.97810581	-0.01118437	-0.0164659436	-0.027679129	-0.00682930616	0.0028833154	0.00122503714	0	42.4	0	0	3
677	59118	0	3.98399058	-0.0102100021	-0.0164534429	-0.027679129	-0.00682930616	0.00284057355	0.00122503714	0	43.1	0	0	3
678	59121	0	3.98987536	-0.0101310092	-0.0164511931	-0.027679129	-0.00682930616	0.00278894237	0.00122503714	0	43.9	0	0	3
679	59124	0	3.99576013	-0.0113816449	-0.0164632844	-0.027679129	-0.00682930616	0.00270952222	0.00122503714	0	45.2	0	0	3
680	59127	0	4.0016449	-0.0126812526	-0.0164890419	-0.027679129	-0.00682930616	0.00258259011	0.00122503714	0	47.4	0	0	3
