Iteration	CPUTime	PhysTime	Travels	Value	AvValue	MinValue	MaxValue	Delta	Criteria	Progress	CriteriaType	CriteriaVarType	CriteriaPercentage
1	14	0	0.00588477191	0.00138316739	0.00138316739	0.00138316739	0.00138316739	0	0	0	0	0	0	3
2	18	0	0.0117695438	0.00858856752	0.00498586746	0.00138316739	0.00858856752	0.00360270006	0	0	0	0	0	3
3	20	0	0.0176543157	0.00150167968	0.00382447153	0.00138316739	0.00858856752	0.00360270006	0	0	0	0	0	3
4	23	0	0.0235390876	0.0425336307	0.0135017613	0.00138316739	0.0425336307	0.0121185939	0	0	0	0	0	3
5	26	0	0.0294238596	0.050468927	0.0208951945	0.00138316739	0.050468927	0.0195120271	0	0	0	0	0	3
6	28	0	0.0353086315	0.0518459973	0.0260536616	0.00138316739	0.0518459973	0.0246704942	0	0	0	0	0	3
7	30	0	0.0411934034	0.0618655254	0.0311696421	0.00138316739	0.0618655254	0.0297864748	0	0	0	0	0	3
8	33	0	0.0470781753	0.0588909269	0.0346348027	0.00138316739	0.0618655254	0.0332516354	0	0	0	0	0	3
9	35	0	0.0529629472	0.0673687239	0.0382719051	0.00138316739	0.0673687239	0.0368887377	0	0	0	0	0	3
10	37	0	0.0588477191	0.064004721	0.0408451867	0.00138316739	0.0673687239	0.0394620193	0	0	0	0	0	3
11	39	0	0.064732491	0.0653898389	0.0430765187	0.00138316739	0.0673687239	0.0416933513	0	0	0	0	0	3
12	41	0	0.0706172629	0.0619926811	0.0446528656	0.00138316739	0.0673687239	0.0432696982	0	0	0	0	0	3
13	44	0	0.0765020349	0.0693777786	0.046554782	0.00138316739	0.0693777786	0.0451716146	0	0	0	0	0	3
14	46	0	0.0823868068	0.0672939928	0.0480361542	0.00138316739	0.0693777786	0.0466529868	0	0	0	0	0	3
15	48	0	0.0882715787	0.0726323705	0.0496759019	0.00138316739	0.0726323705	0.0482927345	0	0	0	0	0	3
16	50	0	0.0941563506	0.0750431848	0.0512613571	0.00138316739	0.0750431848	0.0498781897	0	0	0	0	0	3
17	52	0	0.100041123	0.080679284	0.0529918234	0.00138316739	0.080679284	0.051608656	0	0	0	0	0	3
18	55	0	0.105925894	0.0798219914	0.0544823883	0.00138316739	0.080679284	0.0530992209	0	0	0	0	0	3
19	57	0	0.111810666	0.0859422537	0.0561381707	0.00138316739	0.0859422537	0.0547550033	0	0	0	0	0	3
20	59	0	0.117695438	0.0833631945	0.0574994219	0.00138316739	0.0859422537	0.0561162545	0	0	0	0	0	3
21	62	0	0.12358021	0.108744195	0.0599396491	0.00138316739	0.108744195	0.0585564818	0	0	0	0	0	3
22	64	0	0.129464982	0.101864208	0.0618453109	0.00138316739	0.108744195	0.0604621435	0	0	0	0	0	3
23	66	0	0.135349754	0.113108828	0.0640741594	0.00138316739	0.113108828	0.0626909921	0	0	0	0	0	3
24	69	0	0.141234526	0.106313428	0.065834129	0.00138316739	0.113108828	0.0644509616	0	0	0	0	0	3
25	71	0	0.147119298	0.114881207	0.0677960121	0.00138316739	0.114881207	0.0664128447	0	0	0	0	0	3
26	73	0	0.15300407	0.123364106	0.0699332465	0.00138316739	0.123364106	0.0685500791	0	0	0	0	0	3
27	76	0	0.158888842	0.129710125	0.0721472049	0.00138316739	0.129710125	0.0707640375	0	0	0	0	0	3
28	78	0	0.164773614	0.129066662	0.0741800427	0.00138316739	0.129710125	0.0727968753	0	0	0	0	0	3
29	80	0	0.170658385	0.132349507	0.0761858863	0.00138316739	0.132349507	0.0748027189	0	0	0	0	0	3
30	82	0	0.176543157	0.133838556	0.0781076419	0.00138316739	0.133838556	0.0767244745	0	0	0	0	0	3
31	85	0	0.182427929	0.177291666	0.0813071266	0.00138316739	0.177291666	0.0799239592	0	0	0	0	0	3
32	87	0	0.188312701	0.177081129	0.0843000642	0.00138316739	0.177291666	0.0829168968	0	0	0	0	0	3
33	89	0	0.194197473	0.179335538	0.087179927	0.00138316739	0.179335538	0.0857967596	0	0	0	0	0	3
34	92	0	0.200082245	0.18082787	0.0899342783	0.00138316739	0.18082787	0.0885511109	0	0	0	0	0	3
35	94	0	0.205967017	0.181558079	0.0925521012	0.00138316739	0.181558079	0.0911689338	0	0	0	0	0	3
36	96	0	0.211851789	0.202839211	0.095615632	0.00138316739	0.202839211	0.0942324646	0	0	0	0	0	3
37	99	0	0.217736561	0.20415078	0.0985490144	0.00138316739	0.20415078	0.097165847	0	0	0	0	0	3
38	101	0	0.223621333	0.204312695	0.101332269	0.00138316739	0.204312695	0.0999491017	0	0	0	0	0	3
39	104	0	0.229506105	0.206332355	0.104024579	0.00138316739	0.206332355	0.102641412	0	0	0	0	0	3
40	106	0	0.235390876	0.205516489	0.106561877	0.00138316739	0.206332355	0.105178709	0	0	0	0	0	3
41	109	0	0.241275648	0.221909032	0.109375222	0.00138316739	0.221909032	0.107992055	0	0	0	0	0	3
42	111	0	0.24716042	0.222490829	0.112068451	0.00138316739	0.222490829	0.110685283	0	0	0	0	0	3
43	114	0	0.253045192	0.223448542	0.114658685	0.00138316739	0.223448542	0.113275518	0	0	0	0	0	3
44	116	0	0.258929964	0.223884386	0.117141088	0.00138316739	0.223884386	0.11575792	0	0	0	0	0	3
45	119	0	0.264814736	0.224511717	0.119527102	0.00138316739	0.224511717	0.118143934	0	0	0	0	0	3
46	121	0	0.270699508	0.229113206	0.121909408	0.00138316739	0.229113206	0.120526241	0	0	0	0	0	3
47	124	0	0.27658428	0.230321751	0.124216054	0.00138316739	0.230321751	0.122832886	0	0	0	0	0	3
48	127	0	0.282469052	0.231446384	0.126450019	0.00138316739	0.231446384	0.125066852	0	0	0	0	0	3
49	129	0	0.288353824	0.233194148	0.128628471	0.00138316739	0.233194148	0.127245303	0	0	0	0	0	3
50	132	0	0.294238596	0.234247874	0.130740859	0.00138316739	0.234247874	0.129357691	0	0	0	0	0	3
51	134	0	0.300123368	0.235811276	0.132801063	0.00138316739	0.235811276	0.131417896	0	0	0	0	0	3
52	136	0	0.306008139	0.234781536	0.134762226	0.00138316739	0.235811276	0.133379059	0	0	0	0	0	3
53	139	0	0.311892911	0.235989623	0.136672177	0.00138316739	0.235989623	0.135289009	0	0	0	0	0	3
54	141	0	0.317777683	0.237116069	0.138532249	0.00138316739	0.237116069	0.137149082	0	0	0	0	0	3
55	144	0	0.323662455	0.235960688	0.140303675	0.00138316739	0.237116069	0.138920508	0	0	0	0	0	3
56	146	0	0.329547227	0.237396427	0.142037474	0.00138316739	0.237396427	0.140654307	0	0	0	0	0	3
57	148	0	0.335431999	0.236540428	0.143695421	0.00138316739	0.237396427	0.142312253	0	0	0	0	0	3
58	151	0	0.341316771	0.236392761	0.145293651	0.00138316739	0.237396427	0.143910483	0	0	0	0	0	3
59	153	0	0.347201543	0.235847511	0.146828462	0.00138316739	0.237396427	0.145445295	0	0	0	0	0	3
60	156	0	0.353086315	0.235265532	0.148302413	0.00138316739	0.237396427	0.146919246	0	0	0	0	0	3
61	159	0	0.358971087	0.235914259	0.149738673	0.00138316739	0.237396427	0.148355506	0	0	0	0	0	3
62	161	0	0.364855859	0.236931092	0.151145002	0.00138316739	0.237396427	0.149761835	0	0	0	0	0	3
63	164	0	0.37074063	0.237323751	0.152512919	0.00138316739	0.237396427	0.151129752	0	0	0	0	0	3
64	166	0	0.376625402	0.238627911	0.153858466	0.00138316739	0.238627911	0.152475298	0	0	0	0	0	3
65	169	0	0.382510174	0.238082271	0.155154217	0.00138316739	0.238627911	0.153771049	0	0	0	0	0	3
66	172	0	0.388394946	0.238878551	0.156422767	0.00138316739	0.238878551	0.1550396	0	0	0	0	0	3
67	174	0	0.394279718	0.239499169	0.157662713	0.00138316739	0.239499169	0.156279546	0	0	0	0	0	3
68	177	0	0.40016449	0.239097176	0.158860279	0.00138316739	0.239499169	0.157477112	0	0	0	0	0	3
69	179	0	0.406049262	0.23921839	0.160024889	0.00138316739	0.239499169	0.158641722	0	0	0	0	0	3
70	181	0	0.411934034	0.239523627	0.161160586	0.00138316739	0.239523627	0.159777418	0	0	0	0	0	3
71	184	0	0.417818806	0.238230675	0.16224608	0.00138316739	0.239523627	0.160862912	0	0	0	0	0	3
72	187	0	0.423703578	0.238933881	0.163311188	0.00138316739	0.239523627	0.161928021	0	0	0	0	0	3
73	189	0	0.42958835	0.240369744	0.164366785	0.00138316739	0.240369744	0.162983617	0	0	0	0	0	3
74	192	0	0.435473122	0.241022048	0.165402667	0.00138316739	0.241022048	0.164019499	0	0	0	0	0	3
75	194	0	0.441357893	0.240216764	0.166400188	0.00138316739	0.241022048	0.165017021	0	0	0	0	0	3
76	197	0	0.447242665	0.239350814	0.167360065	0.00138316739	0.241022048	0.165976897	0	0	0	0	0	3
77	199	0	0.453127437	0.239507788	0.168297048	0.00138316739	0.241022048	0.166913881	0	0	0	0	0	3
78	202	0	0.459012209	0.241684209	0.169237909	0.00138316739	0.241684209	0.167854742	0	0	0	0	0	3
79	204	0	0.464896981	0.241393232	0.170151268	0.00138316739	0.241684209	0.1687681	0	0	0	0	0	3
80	207	0	0.470781753	0.240724278	0.17103343	0.00138316739	0.241684209	0.169650263	0	0	0	0	0	3
81	209	0	0.476666525	0.238929183	0.171871649	0.00138316739	0.241684209	0.170488482	0	0	0	0	0	3
82	211	0	0.482551297	0.239132101	0.172691899	0.00138316739	0.241684209	0.171308731	0	0	0	0	0	3
83	214	0	0.488436069	0.238669032	0.173486804	0.00138316739	0.241684209	0.172103637	0	0	0	0	0	3
84	216	0	0.494320841	0.239143911	0.174268436	0.00138316739	0.241684209	0.172885269	0	0	0	0	0	3
85	219	0	0.500205613	0.238848278	0.175028199	0.00138316739	0.241684209	0.173645032	0	0	0	0	0	3
86	221	0	0.506090384	0.238656772	0.177819653	0.00150167968	0.241684209	0.173995182	0	0	0	0	0	3
87	224	0	0.511975156	0.239589691	0.180537314	0.00150167968	0.241684209	0.176712842	0	0	0	0	0	3
88	226	0	0.517859928	0.239558444	0.183337981	0.0425336307	0.241684209	0.16983622	0	0	0	0	0	3
89	229	0	0.5237447	0.238794238	0.18564693	0.050468927	0.241684209	0.164751735	0	0	0	0	0	3
90	231	0	0.529629472	0.23831827	0.187856922	0.0518459973	0.241684209	0.16180326	0	0	0	0	0	3
91	234	0	0.535514244	0.239529173	0.190064959	0.0588909269	0.241684209	0.158895317	0	0	0	0	0	3
92	236	0	0.541399016	0.238610147	0.192144308	0.0588909269	0.241684209	0.157509505	0	0	0	0	0	3
93	239	0	0.547283788	0.237329314	0.194243583	0.0619926811	0.241684209	0.155971678	0	0	0	0	0	3
94	241	0	0.55316856	0.236841762	0.196237383	0.0619926811	0.241684209	0.155392197	0	0	0	0	0	3
95	244	0	0.559053332	0.236828915	0.198270609	0.0619926811	0.241684209	0.15519409	0	0	0	0	0	3
96	246	0	0.564938104	0.238350784	0.200305444	0.0619926811	0.241684209	0.155652578	0	0	0	0	0	3
97	249	0	0.570822876	0.238082295	0.202377086	0.0672939928	0.241684209	0.155822304	0	0	0	0	0	3
98	251	0	0.576707647	0.23950008	0.204378525	0.0672939928	0.241684209	0.156342371	0	0	0	0	0	3
99	254	0	0.582592419	0.239111796	0.206399911	0.0726323705	0.241684209	0.156724009	0	0	0	0	0	3
100	257	0	0.588477191	0.239942126	0.208368261	0.0750431848	0.241684209	0.157106904	0	0	0	0	0	3
101	264	0	0.594361963	0.238676261	0.210293356	0.0798219914	0.241684209	0.157301533	0	0	0	0	0	3
102	266	0	0.600246735	0.238037661	0.212144631	0.0798219914	0.241684209	0.157662243	0	0	0	0	0	3
103	268	0	0.606131507	0.23678134	0.213991212	0.0833631945	0.241684209	0.157853041	0	0	0	0	0	3
104	271	0	0.612016279	0.235897124	0.215755387	0.0833631945	0.241684209	0.158255965	0	0	0	0	0	3
105	273	0	0.617901051	0.234990642	0.217539239	0.101864208	0.241684209	0.139820002	0	0	0	0	0	3
106	275	0	0.623785823	0.236644279	0.219043946	0.101864208	0.241684209	0.139820002	0	0	0	0	0	3
107	278	0	0.629670595	0.236802073	0.22063145	0.106313428	0.241684209	0.135370781	0	0	0	0	0	3
108	280	0	0.635555367	0.237295304	0.222092468	0.106313428	0.241684209	0.135370781	0	0	0	0	0	3
109	283	0	0.641440138	0.237564678	0.2236366	0.114881207	0.241684209	0.126803002	0	0	0	0	0	3
110	285	0	0.64732491	0.237232045	0.225076022	0.123364106	0.241684209	0.118320103	0	0	0	0	0	3
111	287	0	0.653209682	0.237855351	0.226422977	0.129066662	0.241684209	0.112617547	0	0	0	0	0	3
112	290	0	0.659094454	0.238081193	0.227697931	0.129066662	0.241684209	0.112617547	0	0	0	0	0	3
113	292	0	0.664979226	0.238514917	0.228985558	0.132349507	0.241684209	0.109334703	0	0	0	0	0	3
114	295	0	0.670863998	0.239039558	0.230240735	0.133838556	0.241684209	0.107845653	0	0	0	0	0	3
115	297	0	0.67674877	0.238511259	0.231472178	0.177081129	0.241684209	0.06460308	0	0	0	0	0	3
116	300	0	0.682633542	0.236894421	0.232173387	0.177081129	0.241684209	0.06460308	0	0	0	0	0	3
117	302	0	0.688518314	0.237064419	0.232879073	0.179335538	0.241684209	0.0623486711	0	0	0	0	0	3
118	305	0	0.694403086	0.236276008	0.233548961	0.18082787	0.241684209	0.0608563389	0	0	0	0	0	3
119	307	0	0.700287858	0.237354963	0.234213985	0.181558079	0.241684209	0.0601261305	0	0	0	0	0	3
120	310	0	0.706172629	0.238083627	0.234878992	0.202839211	0.241684209	0.0388449987	0	0	0	0	0	3
121	312	0	0.712057401	0.238376844	0.235297082	0.20415078	0.241684209	0.0375334288	0	0	0	0	0	3
122	315	0	0.717942173	0.238359774	0.23569954	0.204312695	0.241684209	0.037371514	0	0	0	0	0	3
123	317	0	0.723826945	0.237576233	0.236090876	0.205516489	0.241684209	0.0361677206	0	0	0	0	0	3
124	320	0	0.729711717	0.23820723	0.236465875	0.205516489	0.241684209	0.0361677206	0	0	0	0	0	3
125	322	0	0.735596489	0.238173667	0.236850077	0.221909032	0.241684209	0.0197751768	0	0	0	0	0	3
126	325	0	0.741481261	0.238798027	0.237048771	0.222490829	0.241684209	0.01919338	0	0	0	0	0	3
127	327	0	0.747366033	0.2383601	0.237235468	0.223448542	0.241684209	0.0182356673	0	0	0	0	0	3
128	329	0	0.753250805	0.239201513	0.237420797	0.223884386	0.241684209	0.0177998233	0	0	0	0	0	3
129	332	0	0.759135577	0.238611153	0.237594053	0.224511717	0.241684209	0.0171724927	0	0	0	0	0	3
130	334	0	0.765020349	0.23815065	0.237754511	0.229113206	0.241684209	0.0125710037	0	0	0	0	0	3
131	337	0	0.770905121	0.237633794	0.237854754	0.230321751	0.241684209	0.0113624585	0	0	0	0	0	3
132	339	0	0.776789892	0.23859248	0.237952056	0.231446384	0.241684209	0.0102378256	0	0	0	0	0	3
133	341	0	0.782674664	0.238601325	0.238036232	0.233194148	0.241684209	0.00849006092	0	0	0	0	0	3
134	343	0	0.788559436	0.239565796	0.238111193	0.234247874	0.241684209	0.00743633533	0	0	0	0	0	3
135	346	0	0.794444208	0.239832152	0.23817689	0.234781536	0.241684209	0.00690267279	0	0	0	0	0	3
136	348	0	0.80032898	0.240659709	0.23823393	0.234781536	0.241684209	0.00690267279	0	0	0	0	0	3
137	350	0	0.806213752	0.239012879	0.238283711	0.234990642	0.241684209	0.00669356736	0	0	0	0	0	3
138	352	0	0.812098524	0.240136477	0.238332497	0.234990642	0.241684209	0.00669356736	0	0	0	0	0	3
139	355	0	0.817983296	0.239594462	0.238361655	0.234990642	0.241684209	0.00669356736	0	0	0	0	0	3
140	357	0	0.823868068	0.239593008	0.238404388	0.234990642	0.241684209	0.00669356736	0	0	0	0	0	3
141	359	0	0.82975284	0.239817364	0.23843287	0.234990642	0.241684209	0.00669356736	0	0	0	0	0	3
142	361	0	0.835637612	0.238584438	0.238456917	0.234990642	0.241684209	0.00669356736	0	0	0	0	0	3
143	364	0	0.841522383	0.237756266	0.238472958	0.234990642	0.241684209	0.00669356736	0	0	0	0	0	3
144	366	0	0.847407155	0.237309178	0.238490154	0.234990642	0.241684209	0.00669356736	0	0	0	0	0	3
145	369	0	0.853291927	0.237749968	0.238519383	0.234990642	0.241684209	0.00669356736	0	0	0	0	0	3
146	371	0	0.859176699	0.239385461	0.238560221	0.234990642	0.241684209	0.00669356736	0	0	0	0	0	3
147	374	0	0.865061471	0.239777491	0.238593708	0.234990642	0.241684209	0.00669356736	0	0	0	0	0	3
148	377	0	0.870946243	0.239891479	0.238623916	0.234990642	0.241684209	0.00669356736	0	0	0	0	0	3
149	379	0	0.876831015	0.239295144	0.238631766	0.234990642	0.241684209	0.00669356736	0	0	0	0	0	3
150	382	0	0.882715787	0.239893864	0.238653079	0.234990642	0.241684209	0.00669356736	0	0	0	0	0	3
151	384	0	0.888600559	0.239717319	0.238662947	0.234990642	0.241684209	0.00669356736	0	0	0	0	0	3
152	387	0	0.894485331	0.239855931	0.238667144	0.234990642	0.241684209	0.00669356736	0	0	0	0	0	3
153	389	0	0.900370103	0.239926458	0.2386769	0.234990642	0.241684209	0.00669356736	0	0	0	0	0	3
154	392	0	0.906254875	0.240020434	0.238686336	0.234990642	0.241684209	0.00669356736	0	0	0	0	0	3
155	394	0	0.912139646	0.240308076	0.238695565	0.234990642	0.241684209	0.00669356736	0	0	0	0	0	3
156	397	0	0.918024418	0.237975308	0.238692561	0.234990642	0.241684209	0.00669356736	0	0	0	0	0	3
157	399	0	0.92390919	0.238326416	0.238685414	0.234990642	0.241684209	0.00669356736	0	0	0	0	0	3
158	402	0	0.929793962	0.238982895	0.238669098	0.234990642	0.241684209	0.00669356736	0	0	0	0	0	3
159	405	0	0.935678734	0.239933305	0.238656289	0.234990642	0.241684209	0.00669356736	0	0	0	0	0	3
160	407	0	0.941563506	0.240198196	0.238656071	0.234990642	0.241684209	0.00669356736	0	0	0	0	0	3
161	410	0	0.947448278	0.238785742	0.238649423	0.234990642	0.241684209	0.00669356736	0	0	0	0	0	3
162	412	0	0.95333305	0.238231293	0.238634405	0.234990642	0.241684209	0.00669356736	0	0	0	0	0	3
163	414	0	0.959217822	0.238679976	0.238599061	0.234990642	0.241393232	0.0064025897	0	0	0	0	0	3
164	417	0	0.965102594	0.239533849	0.238577186	0.234990642	0.240724278	0.00573363633	0	0	0	0	0	3
165	419	0	0.970987366	0.238689901	0.238553252	0.234990642	0.240659709	0.00566906721	0	0	0	0	0	3
166	421	0	0.976872137	0.241071088	0.238578451	0.234990642	0.241071088	0.00608044611	0	0	0	0	0	3
167	424	0	0.982756909	0.241278689	0.238603705	0.234990642	0.241278689	0.00628804659	0	0	0	0	0	3
168	426	0	0.988641681	0.240728446	0.238627934	0.234990642	0.241278689	0.00628804659	0	0	0	0	0	3
169	428	0	0.994526453	0.241204842	0.23865218	0.234990642	0.241278689	0.00628804659	0	0	0	0	0	3
170	431	0	1.00041123	0.241798969	0.238686894	0.234990642	0.241798969	0.00680832688	0.00720891867	0	100	0	0	3
171	433	0	1.006296	0.239770246	0.238699994	0.234990642	0.241798969	0.00680832688	0.00720891867	0	100	0	0	3
172	436	0	1.01218077	0.240211193	0.238707305	0.234990642	0.241798969	0.00680832688	0.00720891867	0	100	0	0	3
173	438	0	1.01806554	0.239810178	0.238710267	0.234990642	0.241798969	0.00680832688	0.00720891867	0	100	0	0	3
174	440	0	1.02395031	0.240579542	0.238731271	0.234990642	0.241798969	0.00680832688	0.00720891867	0	100	0	0	3
175	443	0	1.02983508	0.237862469	0.238725908	0.234990642	0.241798969	0.00680832688	0.00720891867	0	100	0	0	3
176	445	0	1.03571986	0.23963625	0.238727168	0.234990642	0.241798969	0.00680832688	0.00720891867	0	100	0	0	3
177	448	0	1.04160463	0.23872617	0.238728533	0.234990642	0.241798969	0.00680832688	0.00720891867	0	100	0	0	3
178	450	0	1.0474894	0.239701721	0.238756444	0.234990642	0.241798969	0.00680832688	0.00720891867	0	100	0	0	3
179	453	0	1.05337417	0.240044553	0.238794124	0.234990642	0.241798969	0.00680832688	0.00720891867	0	100	0	0	3
180	455	0	1.05925894	0.240513245	0.238837469	0.234990642	0.241798969	0.00680832688	0.00720891867	0	100	0	0	3
181	458	0	1.06514372	0.240793899	0.238866211	0.234990642	0.241798969	0.00680832688	0.00720891867	0	100	0	0	3
182	460	0	1.07102849	0.241013845	0.2389007	0.234990642	0.241798969	0.00680832688	0.00720891867	0	100	0	0	3
183	463	0	1.07691326	0.241827604	0.238928083	0.234990642	0.241827604	0.00683696193	0.00720891867	0	100	0	0	3
184	465	0	1.08279803	0.241385356	0.23895483	0.234990642	0.241827604	0.00683696193	0.00720891867	0	100	0	0	3
185	468	0	1.0886828	0.241404471	0.238972034	0.234990642	0.241827604	0.00683696193	0.00720891867	0	100	0	0	3
186	471	0	1.09456758	0.240916498	0.23899839	0.234990642	0.241827604	0.00683696193	0.00720891867	0	100	0	0	3
187	473	0	1.10045235	0.241612587	0.239040448	0.234990642	0.241827604	0.00683696193	0.00720891867	0	100	0	0	3
188	475	0	1.10633712	0.242295793	0.239105324	0.234990642	0.242295793	0.00730515151	0.00720891867	0	98.6	0	0	3
189	478	0	1.11222189	0.242151535	0.239178905	0.234990642	0.242295793	0.00730515151	0.00720891867	0	98.6	0	0	3
190	480	0	1.11810666	0.241384294	0.239254125	0.236276008	0.242295793	0.00601978519	0.00720891867	0	100	0	0	3
191	482	0	1.12399144	0.240981955	0.239305156	0.236276008	0.242295793	0.00601978519	0.00720891867	0	100	0	0	3
192	484	0	1.12987621	0.240175247	0.239344841	0.236276008	0.242295793	0.00601978519	0.00720891867	0	100	0	0	3
193	486	0	1.13576098	0.240380993	0.239381143	0.236276008	0.242295793	0.00601978519	0.00720891867	0	100	0	0	3
194	489	0	1.14164575	0.238771888	0.239395345	0.236276008	0.242295793	0.00601978519	0.00720891867	0	100	0	0	3
195	491	0	1.14753052	0.23860969	0.239411553	0.236276008	0.242295793	0.00601978519	0.00720891867	0	100	0	0	3
196	493	0	1.15341529	0.237198762	0.239403828	0.236276008	0.242295793	0.00601978519	0.00720891867	0	100	0	0	3
197	495	0	1.15930007	0.237178008	0.239393203	0.236276008	0.242295793	0.00601978519	0.00720891867	0	100	0	0	3
198	497	0	1.16518484	0.236063645	0.239364364	0.236063645	0.242295793	0.00623214858	0.00720891867	0	100	0	0	3
199	500	0	1.17106961	0.236651373	0.239336268	0.236063645	0.242295793	0.00623214858	0.00720891867	0	100	0	0	3
200	502	0	1.17695438	0.235511897	0.239300981	0.235511897	0.242295793	0.00678389623	0.00720891867	0	100	0	0	3
201	509	0	1.18283915	0.237148894	0.239303975	0.235511897	0.242295793	0.00653247993	0.00720891867	0	100	0	0	3
202	511	0	1.18872393	0.237500023	0.2393091	0.235511897	0.242295793	0.00586259205	0.00720891867	0	100	0	0	3
203	513	0	1.1946087	0.238244301	0.239332256	0.235511897	0.242295793	0.00519756742	0.00720891867	0	100	0	0	3
204	515	0	1.20049347	0.238896849	0.239350396	0.235511897	0.242295793	0.00453256098	0.00720891867	0	100	0	0	3
205	517	0	1.20637824	0.238321113	0.23935319	0.235511897	0.242295793	0.00411447117	0.00720891867	0	100	0	0	3
206	520	0	1.21226301	0.238603931	0.239355862	0.235511897	0.242295793	0.00371201241	0.00720891867	0	100	0	0	3
207	522	0	1.21814779	0.238769936	0.239360687	0.235511897	0.242295793	0.00332067668	0.00720891867	0	100	0	0	3
208	524	0	1.22403256	0.23866952	0.239373549	0.235511897	0.242295793	0.00294567815	0.00720891867	0	100	0	0	3
209	526	0	1.22991733	0.238291407	0.23937454	0.235511897	0.242295793	0.00256147605	0.00720891867	0	100	0	0	3
210	528	0	1.2358021	0.238474157	0.239378075	0.235511897	0.242295793	0.002362782	0.00720891867	0	100	0	0	3
211	530	0	1.24168687	0.239160294	0.239382337	0.235511897	0.242295793	0.0021760847	0.00720891867	0	100	0	0	3
212	533	0	1.24757165	0.239016609	0.23939006	0.235511897	0.242295793	0.00199075562	0.00720891867	0	100	0	0	3
213	535	0	1.25345642	0.237967274	0.23937554	0.235511897	0.242295793	0.00181749954	0.00720891867	0	100	0	0	3
214	537	0	1.25934119	0.238844329	0.239378283	0.235511897	0.242295793	0.0016570415	0.00720891867	0	100	0	0	3
215	539	0	1.26522596	0.237567378	0.239371421	0.235511897	0.242295793	0.00155679928	0.00720891867	0	100	0	0	3
216	541	0	1.27111073	0.237266742	0.239367103	0.235511897	0.242295793	0.00145949659	0.00720891867	0	100	0	0	3
217	544	0	1.2769955	0.23670857	0.239344939	0.235511897	0.242295793	0.00137532081	0.00720891867	0	100	0	0	3
218	546	0	1.28288028	0.237907948	0.239336782	0.235511897	0.242295793	0.00130036024	0.00720891867	0	100	0	0	3
219	549	0	1.28876505	0.237896242	0.23931714	0.235511897	0.242295793	0.00123466285	0.00720891867	0	100	0	0	3
220	551	0	1.29464982	0.238790448	0.239304885	0.235511897	0.242295793	0.00117762246	0.00720891867	0	100	0	0	3
221	554	0	1.30053459	0.239399901	0.239290063	0.235511897	0.242295793	0.00112784196	0.00720891867	0	100	0	0	3
222	556	0	1.30641936	0.240122228	0.239303115	0.235511897	0.242295793	0.00107905545	0.00720891867	0	100	0	0	3
223	559	0	1.31230414	0.240777886	0.239310661	0.235511897	0.242295793	0.00104989788	0.00720891867	0	100	0	0	3
224	561	0	1.31818891	0.240222711	0.239318052	0.235511897	0.242295793	0.00100716469	0.00720891867	0	100	0	0	3
225	564	0	1.32407368	0.240853204	0.239332877	0.235511897	0.242295793	0.000978683086	0.00720891867	0	100	0	0	3
226	566	0	1.32995845	0.241053131	0.239347416	0.235511897	0.242295793	0.000954635901	0.00720891867	0	100	0	0	3
227	569	0	1.33584322	0.240272071	0.23936727	0.235511897	0.242295793	0.000938594662	0.00720891867	0	100	0	0	3
228	571	0	1.341728	0.239579948	0.239388726	0.235511897	0.242295793	0.000921398573	0.00720891867	0	100	0	0	3
229	574	0	1.34761277	0.238703458	0.239405129	0.235511897	0.242295793	0.000892169905	0.00720891867	0	100	0	0	3
230	576	0	1.35349754	0.24020883	0.239434057	0.235511897	0.242295793	0.00088080409	0.00720891867	0	100	0	0	3
231	579	0	1.35938231	0.241330557	0.23945694	0.235511897	0.242295793	0.000903687574	0.00720891867	0	100	0	0	3
232	581	0	1.36526708	0.241571075	0.239478041	0.235511897	0.242295793	0.000924788569	0.00720891867	0	100	0	0	3
233	584	0	1.37115186	0.242288115	0.239506237	0.235511897	0.242295793	0.000952984282	0.00720891867	0	100	0	0	3
234	586	0	1.37703663	0.242660479	0.239545829	0.235511897	0.242660479	0.000992576462	0.00720891867	0	100	0	0	3
235	588	0	1.3829214	0.24337307	0.239586761	0.235511897	0.24337307	0.0010335083	0.00720891867	0	100	0	0	3
236	591	0	1.38880617	0.242667617	0.23962147	0.235511897	0.24337307	0.00106821769	0.00720891867	0	100	0	0	3
237	593	0	1.39469094	0.243727511	0.239667018	0.235511897	0.243727511	0.00111376569	0.00720891867	0	100	0	0	3
238	595	0	1.40057572	0.243042759	0.239703681	0.235511897	0.243727511	0.00115042806	0.00720891867	0	100	0	0	3
239	598	0	1.40646049	0.24258553	0.239733858	0.235511897	0.243727511	0.00118060566	0.00720891867	0	100	0	0	3
240	600	0	1.41234526	0.242244678	0.239756642	0.235511897	0.243727511	0.00120338921	0.00720891867	0	100	0	0	3
241	602	0	1.41823003	0.241939302	0.239803277	0.235511897	0.243727511	0.00125002444	0.00720891867	0	100	0	0	3
242	604	0	1.4241148	0.241142331	0.239836405	0.235511897	0.243727511	0.00128315285	0.00720891867	0	100	0	0	3
243	607	0	1.42999957	0.240849053	0.23985836	0.235511897	0.243727511	0.00130510764	0.00720891867	0	100	0	0	3
244	609	0	1.43588435	0.240237779	0.239861942	0.235511897	0.243727511	0.00130868968	0.00720891867	0	100	0	0	3
245	611	0	1.44176912	0.240055777	0.239860267	0.235511897	0.243727511	0.00130868968	0.00720891867	0	100	0	0	3
246	614	0	1.44765389	0.23942995	0.239867846	0.235511897	0.243727511	0.00131459308	0.00720891867	0	100	0	0	3
247	616	0	1.45353866	0.238811776	0.239874675	0.235511897	0.243727511	0.0013214223	0.00720891867	0	100	0	0	3
248	619	0	1.45942343	0.238487088	0.239872406	0.235511897	0.243727511	0.0013214223	0.00720891867	0	100	0	0	3
249	621	0	1.46530821	0.238694789	0.239862534	0.235511897	0.243727511	0.0013214223	0.00720891867	0	100	0	0	3
250	624	0	1.47119298	0.238083001	0.239855394	0.235511897	0.243727511	0.00129622342	0.00720891867	0	100	0	0	3
251	626	0	1.47707775	0.238765013	0.239828264	0.235511897	0.243727511	0.00127096944	0.00720891867	0	100	0	0	3
252	629	0	1.48296252	0.238506464	0.23979565	0.235511897	0.243727511	0.00124674105	0.00720891867	0	100	0	0	3
253	631	0	1.48884729	0.238924548	0.239774427	0.235511897	0.243727511	0.0012224948	0.00720891867	0	100	0	0	3
254	633	0	1.49473207	0.238814276	0.239746303	0.235511897	0.243727511	0.00118778079	0.00720891867	0	100	0	0	3
255	636	0	1.50061684	0.238952582	0.239712816	0.235511897	0.243727511	0.0011746811	0.00720891867	0	100	0	0	3
256	638	0	1.50650161	0.238339329	0.239695982	0.235511897	0.243727511	0.00116736931	0.00720891867	0	100	0	0	3
257	641	0	1.51238638	0.238215853	0.239672507	0.235511897	0.243727511	0.00116440774	0.00720891867	0	100	0	0	3
258	643	0	1.51827115	0.236927511	0.239638593	0.235511897	0.243727511	0.00114876653	0.00720891867	0	100	0	0	3
259	645	0	1.52415593	0.236916195	0.239595495	0.235511897	0.243727511	0.00114876653	0.00720891867	0	100	0	0	3
260	648	0	1.5300407	0.238029764	0.239597463	0.235511897	0.243727511	0.0011475068	0.00720891867	0	100	0	0	3
261	650	0	1.53592547	0.237996294	0.23957817	0.235511897	0.243727511	0.00114614183	0.00720891867	0	100	0	0	3
262	653	0	1.54181024	0.237159986	0.239559744	0.235511897	0.243727511	0.00111823115	0.00720891867	0	100	0	0	3
263	655	0	1.54769501	0.236826559	0.239525919	0.235511897	0.243727511	0.00108055126	0.00720891867	0	100	0	0	3
264	657	0	1.55357978	0.236648469	0.239485965	0.235511897	0.243727511	0.0010372062	0.00720891867	0	100	0	0	3
265	660	0	1.55946456	0.234962763	0.239420665	0.234962763	0.243727511	0.00100846366	0.00720891867	0	100	0	0	3
266	4264	0	1.56534933	0.235003331	0.239352541	0.234962763	0.243727511	0.000973974838	0.00720891867	0	100	0	0	3
267	4266	0	1.5712341	0.235311075	0.239285449	0.234962763	0.243727511	0.00094659221	0.00720891867	0	100	0	0	3
268	4268	0	1.57711887	0.235460557	0.239210543	0.234962763	0.243727511	0.000919844443	0.00720891867	0	100	0	0	3
269	4271	0	1.58300364	0.236703167	0.239155458	0.234962763	0.243727511	0.000902640391	0.00720891867	0	100	0	0	3
270	4274	0	1.58888842	0.237042809	0.239104145	0.234962763	0.243727511	0.000876284655	0.00720891867	0	100	0	0	3
271	4277	0	1.59477319	0.236211525	0.239048792	0.234962763	0.243727511	0.0008342267	0.00720891867	0	100	0	0	3
272	58057	0	1.60065796	0.236081915	0.238983725	0.234962763	0.243727511	0.000890949648	0.00720891867	0	100	0	0	3
273	58061	0	1.60654273	0.236799401	0.238919062	0.234962763	0.243727511	0.000955613082	0.00720891867	0	100	0	0	3
274	58065	0	1.6124275	0.23644602	0.238851938	0.234962763	0.243727511	0.00102273679	0.00720891867	0	100	0	0	3
275	58069	0	1.61831228	0.236588227	0.238795514	0.234962763	0.243727511	0.00107916111	0.00720891867	0	100	0	0	3
276	58072	0	1.62419705	0.236771922	0.238745984	0.234962763	0.243727511	0.0011286909	0.00720891867	0	100	0	0	3
277	58076	0	1.63008182	0.236770521	0.238705928	0.234962763	0.243727511	0.0011687465	0.00720891867	0	100	0	0	3
278	58080	0	1.63596659	0.234991215	0.238642519	0.234962763	0.243727511	0.00123215565	0.00720891867	0	100	0	0	3
279	58083	0	1.64185136	0.234975758	0.238597859	0.234962763	0.243727511	0.001276816	0.00720891867	0	100	0	0	3
280	58086	0	1.64773614	0.235679388	0.238563385	0.234962763	0.243727511	0.00131129015	0.00720891867	0	100	0	0	3
281	58089	0	1.65362091	0.235195722	0.238539819	0.234962763	0.243727511	0.00133485532	0.00720891867	0	100	0	0	3
282	58092	0	1.65950568	0.235416917	0.238519101	0.234962763	0.243727511	0.00135557404	0.00720891867	0	100	0	0	3
283	58095	0	1.66539045	0.236319829	0.238522115	0.234962763	0.243727511	0.00135557404	0.00720891867	0	100	0	0	3
284	58098	0	1.67127522	0.236195997	0.238516757	0.234962763	0.243727511	0.00135791747	0.00720891867	0	100	0	0	3
285	58101	0	1.67716	0.237154018	0.238536076	0.234962763	0.243727511	0.00135791747	0.00720891867	0	100	0	0	3
286	58104	0	1.68304477	0.237151176	0.238536103	0.234962763	0.243727511	0.00135791747	0.00720891867	0	100	0	0	3
287	58107	0	1.68892954	0.236446618	0.23852371	0.234962763	0.243727511	0.00135791747	0.00720891867	0	100	0	0	3
288	58110	0	1.69481431	0.237047563	0.238509631	0.234962763	0.243727511	0.00136504383	0.00720891867	0	100	0	0	3
289	58113	0	1.70069908	0.237114824	0.238488666	0.234962763	0.243727511	0.00138600883	0.00720891867	0	100	0	0	3
290	58116	0	1.70658385	0.237026866	0.23847344	0.234962763	0.243727511	0.00140123527	0.00720891867	0	100	0	0	3
291	58118	0	1.71246863	0.237951862	0.238465768	0.234962763	0.243727511	0.00140890667	0.00720891867	0	100	0	0	3
292	58121	0	1.7183534	0.237518971	0.238451051	0.234962763	0.243727511	0.0014236239	0.00720891867	0	100	0	0	3
293	58123	0	1.72423817	0.237589275	0.238438342	0.234962763	0.243727511	0.00143633266	0.00720891867	0	100	0	0	3
294	58126	0	1.73012294	0.237561573	0.238429756	0.234962763	0.243727511	0.00144491894	0.00720891867	0	100	0	0	3
295	58129	0	1.73600771	0.237468595	0.238417926	0.234962763	0.243727511	0.00145674908	0.00720891867	0	100	0	0	3
296	58132	0	1.74189249	0.238785547	0.238413517	0.234962763	0.243727511	0.00146115788	0.00720891867	0	100	0	0	3
297	58134	0	1.74777726	0.240397753	0.238429766	0.234962763	0.243727511	0.00146115788	0.00720891867	0	100	0	0	3
298	58137	0	1.75366203	0.240320873	0.238457455	0.234962763	0.243727511	0.00146115788	0.00720891867	0	100	0	0	3
299	58140	0	1.7595468	0.239626771	0.23846666	0.234962763	0.243727511	0.00146115788	0.00720891867	0	100	0	0	3
300	58142	0	1.76543157	0.240318943	0.238499032	0.234962763	0.243727511	0.00146115788	0.00720891867	0	100	0	0	3
301	58149	0	1.77131635	0.241315851	0.238546668	0.234962763	0.243727511	0.00146115788	0.00720891867	0	100	0	0	3
302	58151	0	1.77720112	0.241950285	0.238608335	0.234962763	0.243727511	0.00146115788	0.00720891867	0	100	0	0	3
303	58154	0	1.78308589	0.241682845	0.238652746	0.234962763	0.243727511	0.00146115788	0.00720891867	0	100	0	0	3
304	58157	0	1.78897066	0.241978277	0.23870077	0.234962763	0.243727511	0.00146115788	0.00720891867	0	100	0	0	3
305	58159	0	1.79485543	0.241843773	0.238736691	0.234962763	0.243727511	0.00146115788	0.00720891867	0	100	0	0	3
306	58162	0	1.80074021	0.241291211	0.238758942	0.234962763	0.243727511	0.00146115788	0.00720891867	0	100	0	0	3
307	58164	0	1.80662498	0.240154057	0.238759317	0.234962763	0.243727511	0.00146115788	0.00720891867	0	100	0	0	3
308	58167	0	1.81250975	0.239447595	0.238743666	0.234962763	0.243727511	0.00146115788	0.00720891867	0	100	0	0	3
309	58169	0	1.81839452	0.238942014	0.238728599	0.234962763	0.243727511	0.00146115788	0.00720891867	0	100	0	0	3
310	58172	0	1.82427929	0.239209712	0.238709264	0.234962763	0.243727511	0.00146115788	0.00720891867	0	100	0	0	3
311	58174	0	1.83016406	0.239023829	0.23868539	0.234962763	0.243727511	0.00146115788	0.00720891867	0	100	0	0	3
312	58177	0	1.83604884	0.240507492	0.238688159	0.234962763	0.243727511	0.00146115788	0.00720891867	0	100	0	0	3
313	58179	0	1.84193361	0.239525314	0.238687517	0.234962763	0.243727511	0.00146115788	0.00720891867	0	100	0	0	3
314	58182	0	1.84781838	0.239432784	0.238696097	0.234962763	0.243727511	0.00146115788	0.00720891867	0	100	0	0	3
315	58184	0	1.85370315	0.238607647	0.238677259	0.234962763	0.243727511	0.00146115788	0.00720891867	0	100	0	0	3
316	58187	0	1.85958792	0.238612995	0.238645288	0.234962763	0.243727511	0.00146115788	0.00720891867	0	100	0	0	3
317	58189	0	1.8654727	0.238350948	0.238607404	0.234962763	0.243727511	0.00146115788	0.00720891867	0	100	0	0	3
318	58192	0	1.87135747	0.239345575	0.238572786	0.234962763	0.243727511	0.00146115788	0.00720891867	0	100	0	0	3
319	58195	0	1.87724224	0.238380942	0.238522439	0.234962763	0.243727511	0.00146115788	0.00720891867	0	100	0	0	3
320	58198	0	1.88312701	0.238634887	0.238466695	0.234962763	0.243727511	0.00146115788	0.00720891867	0	100	0	0	3
321	58200	0	1.88901178	0.238196384	0.238414093	0.234962763	0.243727511	0.00146115788	0.00720891867	0	100	0	0	3
322	58203	0	1.89489656	0.239338789	0.238362461	0.234962763	0.243042759	0.00151221417	0.00720891867	0	100	0	0	3
323	58206	0	1.90078133	0.239065768	0.238315672	0.234962763	0.24258553	0.0015590023	0.00720891867	0	100	0	0	3
324	58208	0	1.9066661	0.239436542	0.238278626	0.234962763	0.242244678	0.00159604922	0.00720891867	0	100	0	0	3
325	58211	0	1.91255087	0.23899328	0.238240374	0.234962763	0.241978277	0.00163430096	0.00720891867	0	100	0	0	3
326	58214	0	1.91843564	0.240927071	0.238228465	0.234962763	0.241978277	0.00164620956	0.00720891867	0	100	0	0	3
327	58216	0	1.92432042	0.238728792	0.238200071	0.234962763	0.241978277	0.00167460413	0.00720891867	0	100	0	0	3
328	58219	0	1.93020519	0.239494306	0.238184132	0.234962763	0.241978277	0.00169054233	0.00720891867	0	100	0	0	3
329	58221	0	1.93608996	0.2394086	0.238174377	0.234962763	0.241978277	0.00170029737	0.00720891867	0	100	0	0	3
330	58224	0	1.94197473	0.239346601	0.238166034	0.234962763	0.241978277	0.00170864061	0.00720891867	0	100	0	0	3
331	58226	0	1.9478595	0.238994063	0.238160906	0.234962763	0.241978277	0.00171376869	0.00720891867	0	100	0	0	3
332	58229	0	1.95374427	0.239525361	0.238169301	0.234962763	0.241978277	0.00171149943	0.00720891867	0	100	0	0	3
333	58231	0	1.95962905	0.238272194	0.238166773	0.234962763	0.241978277	0.00170162814	0.00720891867	0	100	0	0	3
334	58233	0	1.96551382	0.238076207	0.238159496	0.234962763	0.241978277	0.00169589863	0.00720891867	0	100	0	0	3
335	58236	0	1.97139859	0.237642168	0.238154309	0.234962763	0.241978277	0.0016739546	0.00720891867	0	100	0	0	3
336	58238	0	1.97728336	0.237822233	0.238143218	0.234962763	0.241978277	0.00165243173	0.00720891867	0	100	0	0	3
337	58241	0	1.98316813	0.235969969	0.238113377	0.234962763	0.241978277	0.00166105052	0.00720891867	0	100	0	0	3
338	58243	0	1.98905291	0.236430742	0.238084038	0.234962763	0.241978277	0.00166226512	0.00720891867	0	100	0	0	3
339	58246	0	1.99493768	0.235313534	0.238042853	0.234962763	0.241978277	0.00166996342	0.00720891867	0	100	0	0	3
340	58248	0	2.00082245	0.236181303	0.238010249	0.234962763	0.241978277	0.00168573239	0.00720891867	0	100	0	0	3
341	58251	0	2.00670722	0.23674705	0.237991517	0.234962763	0.241978277	0.00168099048	0.00720891867	0	100	0	0	3
342	58253	0	2.01259199	0.237475968	0.237982812	0.234962763	0.241978277	0.00165578127	0.00720891867	0	100	0	0	3
343	58256	0	2.01847677	0.238913699	0.238006179	0.234962763	0.241978277	0.00161465126	0.00720891867	0	100	0	0	3
344	58259	0	2.02436154	0.238518648	0.238025031	0.234962763	0.241978277	0.00161465126	0.00720891867	0	100	0	0	3
345	58262	0	2.03024631	0.239012827	0.238036597	0.234962763	0.241978277	0.00159535766	0.00720891867	0	100	0	0	3
346	58264	0	2.03613108	0.238036071	0.238037065	0.234962763	0.241978277	0.00157693197	0.00720891867	0	100	0	0	3
347	58267	0	2.04201585	0.236999069	0.238035172	0.234962763	0.241978277	0.00154310654	0.00720891867	0	100	0	0	3
348	58270	0	2.04790063	0.236463471	0.2380309	0.234962763	0.241978277	0.00150315261	0.00720891867	0	100	0	0	3
349	58273	0	2.0537854	0.235608739	0.238018668	0.234962763	0.241978277	0.00143785283	0.00720891867	0	100	0	0	3
350	58275	0	2.05967017	0.235432875	0.238024199	0.234975758	0.241978277	0.0013697285	0.00720891867	0	100	0	0	3
351	58278	0	2.06555494	0.235924181	0.238035032	0.234975758	0.241978277	0.00130263709	0.00720891867	0	100	0	0	3
352	58280	0	2.07143971	0.236141085	0.238044797	0.234975758	0.241978277	0.00122773065	0.00720891867	0	100	0	0	3
353	58283	0	2.07732449	0.236997713	0.238062881	0.234975758	0.241978277	0.00117264607	0.00720891867	0	100	0	0	3
354	58285	0	2.08320926	0.237270622	0.238069557	0.234975758	0.241978277	0.00112133241	0.00720891867	0	100	0	0	3
355	58288	0	2.08909403	0.235402878	0.238050264	0.234975758	0.241978277	0.00106597978	0.00720891867	0	100	0	0	3
356	58290	0	2.0949788	0.236918545	0.238058582	0.234975758	0.241978277	0.00100091305	0.00720891867	0	100	0	0	3
357	58293	0	2.10086357	0.237470748	0.238074921	0.234975758	0.241978277	0.000936249612	0.00720891867	0	100	0	0	3
358	58295	0	2.10674834	0.236964763	0.238076866	0.234975758	0.241978277	0.000869125903	0.00720891867	0	100	0	0	3
359	58298	0	2.11263312	0.238477292	0.238100764	0.234975758	0.241978277	0.000812701587	0.00720891867	0	100	0	0	3
360	58300	0	2.11851789	0.237074078	0.23810648	0.234975758	0.241978277	0.000776504472	0.00720891867	0	100	0	0	3
361	58303	0	2.12440266	0.238460565	0.238126346	0.234975758	0.241978277	0.000776504472	0.00720891867	0	100	0	0	3
362	58306	0	2.13028743	0.238759416	0.238149745	0.234975758	0.241978277	0.000776504472	0.00720891867	0	100	0	0	3
363	58308	0	2.1361722	0.240301984	0.238212224	0.234975758	0.241978277	0.000776504472	0.00720891867	0	100	0	0	3
364	58311	0	2.14205698	0.240129453	0.238272856	0.235195722	0.241978277	0.000776504472	0.00720891867	0	100	0	0	3
365	58314	0	2.14794175	0.239773818	0.238321026	0.235195722	0.241978277	0.000776504472	0.00720891867	0	100	0	0	3
366	58316	0	2.15382652	0.239830971	0.238375558	0.235313534	0.241978277	0.000776504472	0.00720891867	0	100	0	0	3
367	58319	0	2.15971129	0.240319261	0.238433233	0.235313534	0.241978277	0.000776504472	0.00720891867	0	100	0	0	3
368	58321	0	2.16559606	0.241015284	0.238488473	0.235313534	0.241978277	0.000776504472	0.00720891867	0	100	0	0	3
369	58324	0	2.17148084	0.242250138	0.238559699	0.235313534	0.242250138	0.000776504472	0.00720891867	0	100	0	0	3
370	58327	0	2.17736561	0.241987479	0.238616563	0.235313534	0.242250138	0.000776504472	0.00720891867	0	100	0	0	3
371	58329	0	2.18325038	0.239450113	0.238643609	0.235313534	0.242250138	0.000776504472	0.00720891867	0	100	0	0	3
372	58332	0	2.18913515	0.241274314	0.238700406	0.235313534	0.242250138	0.000776504472	0.00720891867	0	100	0	0	3
373	58335	0	2.19501992	0.239410622	0.238728206	0.235313534	0.242250138	0.000776504472	0.00720891867	0	100	0	0	3
374	58337	0	2.2009047	0.238979104	0.238750139	0.235313534	0.242250138	0.000776504472	0.00720891867	0	100	0	0	3
375	58340	0	2.20678947	0.237908299	0.238760509	0.235313534	0.242250138	0.000777696699	0.00720891867	0	100	0	0	3
376	58342	0	2.21267424	0.237307986	0.238752934	0.235313534	0.242250138	0.000777696699	0.00720891867	0	100	0	0	3
377	58344	0	2.21855901	0.237019642	0.238747059	0.235313534	0.242250138	0.000777696699	0.00720891867	0	100	0	0	3
378	58347	0	2.22444378	0.238005092	0.238751951	0.235313534	0.242250138	0.000777696699	0.00720891867	0	100	0	0	3
379	58349	0	2.23032855	0.238582569	0.238763963	0.235313534	0.242250138	0.000781150898	0.00720891867	0	100	0	0	3
380	58352	0	2.23621333	0.238931222	0.23878117	0.235313534	0.242250138	0.000798358264	0.00720891867	0	100	0	0	3
381	58354	0	2.2420981	0.237974648	0.23877163	0.235313534	0.242250138	0.000798358264	0.00720891867	0	100	0	0	3
382	58357	0	2.24798287	0.238243806	0.23874629	0.235313534	0.242250138	0.000798358264	0.00720891867	0	100	0	0	3
383	58359	0	2.25386764	0.237912861	0.23871796	0.235313534	0.242250138	0.000798358264	0.00720891867	0	100	0	0	3
384	58362	0	2.25975241	0.237081363	0.238688014	0.235313534	0.242250138	0.000798358264	0.00720891867	0	100	0	0	3
385	58365	0	2.26563719	0.237527805	0.238655177	0.235313534	0.242250138	0.000798358264	0.00720891867	0	100	0	0	3
386	58368	0	2.27152196	0.237420024	0.238609344	0.235313534	0.242250138	0.000798358264	0.00720891867	0	100	0	0	3
387	58371	0	2.27740673	0.237666007	0.238558941	0.235313534	0.242250138	0.000798358264	0.00720891867	0	100	0	0	3
388	58373	0	2.2832915	0.237954189	0.238515074	0.235313534	0.242250138	0.000798358264	0.00720891867	0	100	0	0	3
389	58376	0	2.28917627	0.238653922	0.238475964	0.235313534	0.242250138	0.000798358264	0.00720891867	0	100	0	0	3
390	58379	0	2.29506105	0.238827886	0.238440483	0.235313534	0.242250138	0.000798358264	0.00720891867	0	100	0	0	3
391	58381	0	2.30094582	0.238958552	0.23841304	0.235313534	0.242250138	0.000798358264	0.00720891867	0	100	0	0	3
392	58384	0	2.30683059	0.238124955	0.238389168	0.235313534	0.242250138	0.000798358264	0.00720891867	0	100	0	0	3
393	58387	0	2.31271536	0.236659377	0.238356366	0.235313534	0.242250138	0.000798358264	0.00720891867	0	100	0	0	3
394	58390	0	2.31860013	0.236038757	0.23832221	0.235313534	0.242250138	0.000798358264	0.00720891867	0	100	0	0	3
395	58392	0	2.32448491	0.236544973	0.23829086	0.235313534	0.242250138	0.000798358264	0.00720891867	0	100	0	0	3
396	58395	0	2.33036968	0.237701323	0.238275301	0.235313534	0.242250138	0.000798358264	0.00720891867	0	100	0	0	3
397	58397	0	2.33625445	0.238089498	0.238246854	0.235313534	0.242250138	0.000798358264	0.00720891867	0	100	0	0	3
398	58400	0	2.34213922	0.237733017	0.238225768	0.235313534	0.242250138	0.000798358264	0.00720891867	0	100	0	0	3
399	58402	0	2.34802399	0.237816653	0.238206755	0.235313534	0.242250138	0.000798358264	0.00720891867	0	100	0	0	3
400	58405	0	2.35390876	0.237649691	0.238195485	0.235313534	0.242250138	0.000798358264	0.00720891867	0	100	0	0	3
401	58412	0	2.35979354	0.23860542	0.238195396	0.235313534	0.242250138	0.000798358264	0.00720891867	0	100	0	0	3
402	58415	0	2.36567831	0.238281042	0.238194573	0.235313534	0.242250138	0.000798358264	0.00720891867	0	100	0	0	3
403	58418	0	2.37156308	0.240085326	0.238203276	0.235313534	0.242250138	0.000798358264	0.00720891867	0	100	0	0	3
404	58420	0	2.37744785	0.239090446	0.238211623	0.235313534	0.242250138	0.000798358264	0.00720891867	0	100	0	0	3
405	58423	0	2.38333262	0.239835556	0.238225749	0.235313534	0.242250138	0.000798358264	0.00720891867	0	100	0	0	3
406	58426	0	2.3892174	0.239655077	0.23824291	0.235313534	0.242250138	0.000798358264	0.00720891867	0	100	0	0	3
407	58428	0	2.39510217	0.240387499	0.238255248	0.235313534	0.242250138	0.000798358264	0.00720891867	0	100	0	0	3
408	58431	0	2.40098694	0.239045712	0.238255012	0.235313534	0.242250138	0.000798358264	0.00720891867	0	100	0	0	3
409	58433	0	2.40687171	0.239537738	0.238256202	0.235313534	0.242250138	0.000798358264	0.00720891867	0	100	0	0	3
410	58436	0	2.41275648	0.239299611	0.238259806	0.235313534	0.242250138	0.000798358264	0.00720891867	0	100	0	0	3
411	58438	0	2.41864126	0.238351341	0.238229504	0.235313534	0.242250138	0.000798358264	0.00720891867	0	100	0	0	3
412	58441	0	2.42452603	0.23674037	0.23820611	0.235313534	0.242250138	0.000798358264	0.00720891867	0	100	0	0	3
413	58443	0	2.4304108	0.237348185	0.238180862	0.235313534	0.242250138	0.000798358264	0.00720891867	0	100	0	0	3
414	58446	0	2.43629557	0.23723955	0.238155344	0.235313534	0.242250138	0.000798358264	0.00720891867	0	100	0	0	3
415	58448	0	2.44218034	0.239377058	0.238155702	0.235313534	0.242250138	0.000798358264	0.00720891867	0	100	0	0	3
416	58450	0	2.44806512	0.238483451	0.238149695	0.235313534	0.242250138	0.000798358264	0.00720891867	0	100	0	0	3
417	58453	0	2.45394989	0.238904454	0.23814239	0.235313534	0.242250138	0.000798358264	0.00720891867	0	100	0	0	3
418	58455	0	2.45983466	0.238681532	0.238147206	0.235313534	0.242250138	0.000798358264	0.00720891867	0	100	0	0	3
419	58457	0	2.46571943	0.239836857	0.238167919	0.235313534	0.242250138	0.000798358264	0.00720891867	0	100	0	0	3
420	58460	0	2.4716042	0.239887024	0.238194329	0.235313534	0.242250138	0.000798358264	0.00720891867	0	100	0	0	3
421	58463	0	2.47748898	0.240712561	0.238228333	0.235313534	0.242250138	0.000798358264	0.00720891867	0	100	0	0	3
422	58465	0	2.48337375	0.240263992	0.238278851	0.235313534	0.242250138	0.000798358264	0.00720891867	0	100	0	0	3
423	58467	0	2.48925852	0.240602466	0.23832793	0.235313534	0.242250138	0.000798358264	0.00720891867	0	100	0	0	3
424	58470	0	2.49514329	0.239659825	0.238379063	0.235402878	0.242250138	0.000798358264	0.00720891867	0	100	0	0	3
425	58473	0	2.50102806	0.239607106	0.238419367	0.235402878	0.242250138	0.000798358264	0.00720891867	0	100	0	0	3
426	58475	0	2.50691283	0.238493589	0.238439914	0.235402878	0.242250138	0.000798358264	0.00720891867	0	100	0	0	3
427	58478	0	2.51279761	0.238659195	0.238453834	0.235402878	0.242250138	0.000774991351	0.00720891867	0	100	0	0	3
428	58480	0	2.51868238	0.23796951	0.238442726	0.235402878	0.242250138	0.000762502454	0.00720891867	0	100	0	0	3
429	58483	0	2.52456715	0.2381879	0.238438835	0.235402878	0.242250138	0.000762502454	0.00720891867	0	100	0	0	3
430	58485	0	2.53045192	0.237165591	0.238417103	0.235402878	0.242250138	0.000762502454	0.00720891867	0	100	0	0	3
431	58488	0	2.53633669	0.238873605	0.238426956	0.235402878	0.242250138	0.000762502454	0.00720891867	0	100	0	0	3
432	58490	0	2.54222147	0.2384466	0.238443986	0.235402878	0.242250138	0.000762502454	0.00720891867	0	100	0	0	3
433	58493	0	2.54810624	0.239143172	0.238475512	0.235402878	0.242250138	0.000762502454	0.00720891867	0	100	0	0	3
434	58495	0	2.55399101	0.239112062	0.238516728	0.235402878	0.242250138	0.000756971723	0.00720891867	0	100	0	0	3
435	58498	0	2.55987578	0.237891761	0.238545656	0.235402878	0.242250138	0.000746138195	0.00720891867	0	100	0	0	3
436	58500	0	2.56576055	0.237248784	0.238561239	0.235402878	0.242250138	0.000736373369	0.00720891867	0	100	0	0	3
437	58503	0	2.57164533	0.240516406	0.238612714	0.235402878	0.242250138	0.000730906545	0.00720891867	0	100	0	0	3
438	58505	0	2.5775301	0.238951297	0.238635697	0.235402878	0.242250138	0.000730906545	0.00720891867	0	100	0	0	3
439	58508	0	2.58341487	0.23974436	0.2386648	0.235402878	0.242250138	0.000730906545	0.00720891867	0	100	0	0	3
440	58510	0	2.58929964	0.238757896	0.23870427	0.236038757	0.242250138	0.000722588668	0.00720891867	0	100	0	0	3
441	58513	0	2.59518441	0.240753021	0.238749382	0.236038757	0.242250138	0.00070624946	0.00720891867	0	100	0	0	3
442	58516	0	2.60106919	0.240104326	0.238780365	0.236038757	0.242250138	0.000704304035	0.00720891867	0	100	0	0	3
443	58518	0	2.60695396	0.240688236	0.238824171	0.236038757	0.242250138	0.000723407172	0.00720891867	0	100	0	0	3
444	58521	0	2.61283873	0.24196573	0.238865211	0.236038757	0.242250138	0.000758731728	0.00720891867	0	100	0	0	3
445	58523	0	2.6187235	0.242175181	0.238925224	0.236038757	0.242250138	0.000798878321	0.00720891867	0	100	0	0	3
446	58526	0	2.62460827	0.241080597	0.238956048	0.236038757	0.242250138	0.000813658199	0.00720891867	0	100	0	0	3
447	58529	0	2.63049304	0.239548954	0.238965337	0.236038757	0.242250138	0.000822946877	0.00720891867	0	100	0	0	3
448	58531	0	2.63637782	0.238769291	0.238947305	0.236038757	0.242250138	0.000822946877	0.00720891867	0	100	0	0	3
449	58534	0	2.64226259	0.241404362	0.238962304	0.236038757	0.242250138	0.000822946877	0.00720891867	0	100	0	0	3
450	58536	0	2.64814736	0.24009396	0.23896607	0.236038757	0.242250138	0.00082368051	0.00720891867	0	100	0	0	3
451	58539	0	2.65403213	0.239195969	0.2389586	0.236038757	0.242250138	0.00082368051	0.00720891867	0	100	0	0	3
452	58542	0	2.6599169	0.242164621	0.23898031	0.236038757	0.242250138	0.000837920016	0.00720891867	0	100	0	0	3
453	58544	0	2.66580168	0.24273302	0.239000519	0.236038757	0.24273302	0.000858128676	0.00720891867	0	100	0	0	3
454	58547	0	2.67168645	0.241520436	0.238991934	0.236038757	0.24273302	0.000858128676	0.00720891867	0	100	0	0	3
455	58549	0	2.67757122	0.242054264	0.23899272	0.236038757	0.24273302	0.000858128676	0.00720891867	0	100	0	0	3
456	58552	0	2.68345599	0.243376604	0.239038914	0.236038757	0.243376604	0.000896523675	0.00720891867	0	100	0	0	3
457	58554	0	2.68934076	0.243655006	0.239066922	0.236038757	0.243655006	0.000924531815	0.00720891867	0	100	0	0	3
458	58557	0	2.69522554	0.244367126	0.239125234	0.236038757	0.244367126	0.000982843624	0.00720891867	0	100	0	0	3
459	58559	0	2.70111031	0.243695534	0.239180721	0.236038757	0.244367126	0.00103833103	0.00720891867	0	100	0	0	3
460	58562	0	2.70699508	0.24255041	0.239235334	0.236038757	0.244367126	0.00109294409	0.00720891867	0	100	0	0	3
461	58564	0	2.71287985	0.242700603	0.239298777	0.236038757	0.244367126	0.00115638664	0.00720891867	0	100	0	0	3
462	58566	0	2.71876462	0.242000516	0.239357375	0.236038757	0.244367126	0.00121498516	0.00720891867	0	100	0	0	3
463	58569	0	2.7246494	0.24114295	0.239394291	0.236038757	0.244367126	0.00125190114	0.00720891867	0	100	0	0	3
464	58571	0	2.73053417	0.237652209	0.239383346	0.236038757	0.244367126	0.00125190114	0.00720891867	0	100	0	0	3
465	58574	0	2.73641894	0.24014258	0.239397597	0.236038757	0.244367126	0.00125520699	0.00720891867	0	100	0	0	3
466	58576	0	2.74230371	0.24052718	0.239427627	0.236038757	0.244367126	0.00128523678	0.00720891867	0	100	0	0	3
467	58579	0	2.74818848	0.240290685	0.239451708	0.236038757	0.244367126	0.0013093177	0.00720891867	0	100	0	0	3
468	58581	0	2.75407326	0.240643859	0.239483837	0.236038757	0.244367126	0.00134144709	0.00720891867	0	100	0	0	3
469	58584	0	2.75995803	0.245485441	0.239582709	0.236038757	0.245485441	0.00144031859	0.00720891867	0	100	0	0	3
470	58587	0	2.7658428	0.244807979	0.239668358	0.236038757	0.245485441	0.0015259677	0.00720891867	0	100	0	0	3
471	58589	0	2.77172757	0.245465639	0.239763012	0.236038757	0.245485441	0.00162062199	0.00720891867	0	100	0	0	3
472	58592	0	2.77761234	0.244901038	0.23984813	0.236038757	0.245485441	0.00170574	0.00720891867	0	100	0	0	3
473	58594	0	2.78349711	0.244026751	0.239919572	0.236038757	0.245485441	0.0017771819	0.00720891867	0	100	0	0	3
474	58596	0	2.78938189	0.242906885	0.239969607	0.236038757	0.245485441	0.00182721676	0.00720891867	0	100	0	0	3
475	58599	0	2.79526666	0.242331436	0.240010825	0.236038757	0.245485441	0.001868435	0.00720891867	0	100	0	0	3
476	58601	0	2.80115143	0.24173845	0.24004353	0.236038757	0.245485441	0.00190113968	0.00720891867	0	100	0	0	3
477	58603	0	2.8070362	0.242358567	0.240093337	0.236038757	0.245485441	0.00195094689	0.00720891867	0	100	0	0	3
478	58606	0	2.81292097	0.242442626	0.240161375	0.236038757	0.245485441	0.00201898511	0.00720891867	0	100	0	0	3
479	58608	0	2.81880575	0.243440991	0.24024846	0.236544973	0.245485441	0.00210607022	0.00720891867	0	100	0	0	3
480	58611	0	2.82469052	0.243758994	0.240333331	0.23674037	0.245485441	0.00219094106	0.00720891867	0	100	0	0	3
481	58613	0	2.83057529	0.242811219	0.240393447	0.23674037	0.245485441	0.00225105748	0.00720891867	0	100	0	0	3
482	58616	0	2.83646006	0.245198756	0.240477086	0.23674037	0.245485441	0.00233469581	0.00720891867	0	100	0	0	3
483	58618	0	2.84234483	0.244382114	0.24055531	0.23674037	0.245485441	0.00241292047	0.00720891867	0	100	0	0	3
484	58620	0	2.84822961	0.244615722	0.240635299	0.23674037	0.245485441	0.00249290951	0.00720891867	0	100	0	0	3
485	58623	0	2.85411438	0.244189294	0.240712236	0.23674037	0.245485441	0.00256984603	0.00720891867	0	100	0	0	3
486	58625	0	2.85999915	0.24309657	0.240765073	0.23674037	0.245485441	0.00262268309	0.00720891867	0	100	0	0	3
487	58628	0	2.86588392	0.242918456	0.240819631	0.23674037	0.245485441	0.0026772409	0.00720891867	0	100	0	0	3
488	58631	0	2.87176869	0.241218501	0.240832962	0.23674037	0.245485441	0.00269057237	0.00720891867	0	100	0	0	3
489	58633	0	2.87765347	0.24124582	0.24085832	0.23674037	0.245485441	0.00271592972	0.00720891867	0	100	0	0	3
490	58636	0	2.88353824	0.23962237	0.240855812	0.23674037	0.245485441	0.00271592972	0.00720891867	0	100	0	0	3
491	58638	0	2.88942301	0.239188417	0.240850321	0.23674037	0.245485441	0.00271592972	0.00720891867	0	100	0	0	3
492	58641	0	2.89530778	0.239578782	0.240840807	0.23674037	0.245485441	0.00271592972	0.00720891867	0	100	0	0	3
493	58643	0	2.90119255	0.240100251	0.240853214	0.23674037	0.245485441	0.00271592972	0.00720891867	0	100	0	0	3
494	58646	0	2.90707732	0.240758334	0.240867573	0.23674037	0.245485441	0.00272518351	0.00720891867	0	100	0	0	3
495	58649	0	2.9129621	0.241758421	0.240896501	0.23674037	0.245485441	0.00275411069	0.00720891867	0	100	0	0	3
496	58651	0	2.91884687	0.241661325	0.240935442	0.23674037	0.245485441	0.00279305168	0.00720891867	0	100	0	0	3
497	58654	0	2.92473164	0.240816492	0.240983396	0.237165591	0.245485441	0.00284100606	0.00720891867	0	100	0	0	3
498	58656	0	2.93061641	0.240830311	0.241024362	0.237165591	0.245485441	0.00288197224	0.00720891867	0	100	0	0	3
499	58659	0	2.93650118	0.240350465	0.241060961	0.237165591	0.245485441	0.00291857125	0.00720891867	0	100	0	0	3
500	58661	0	2.94238596	0.238037284	0.241045199	0.237165591	0.245485441	0.00291857125	0.00720891867	0	100	0	0	3
501	58668	0	2.94827073	0.238235711	0.241042285	0.237165591	0.245485441	0.00291857125	0.00720891867	0	100	0	0	3
502	58671	0	2.9541555	0.239631785	0.241050841	0.237165591	0.245485441	0.00291375551	0.00720891867	0	100	0	0	3
503	58673	0	2.96004027	0.24144557	0.241083359	0.237165591	0.245485441	0.00291544027	0.00720891867	0	100	0	0	3
504	58676	0	2.96592504	0.242509592	0.241114803	0.237165591	0.245485441	0.00292047413	0.00720891867	0	100	0	0	3
505	58678	0	2.97180982	0.241360484	0.241132138	0.237165591	0.245485441	0.0029038051	0.00720891867	0	100	0	0	3
506	58680	0	2.97769459	0.243908294	0.241169735	0.237165591	0.245485441	0.00289088406	0.00720891867	0	100	0	0	3
507	58683	0	2.98357936	0.244385558	0.241218224	0.237165591	0.245485441	0.00289029397	0.00720891867	0	100	0	0	3
508	58685	0	2.98946413	0.243493845	0.24125224	0.237165591	0.245485441	0.00287317735	0.00720891867	0	100	0	0	3
509	58688	0	2.9953489	0.244633376	0.241310753	0.237165591	0.245485441	0.00289364975	0.00720891867	0	100	0	0	3
510	58690	0	3.00123368	0.243106663	0.241351924	0.237165591	0.245485441	0.00293482102	0.00720891867	0	100	0	0	3
511	58693	0	3.00711845	0.242734441	0.241401816	0.237165591	0.245485441	0.00298471339	0.00720891867	0	100	0	0	3
512	58695	0	3.01300322	0.241379802	0.241433823	0.237165591	0.245485441	0.00301672054	0.00720891867	0	100	0	0	3
513	58698	0	3.01888799	0.241087418	0.241470505	0.237165591	0.245485441	0.0030534018	0.00720891867	0	100	0	0	3
514	58700	0	3.02477276	0.242113279	0.241516686	0.237165591	0.245485441	0.00309958273	0.00720891867	0	100	0	0	3
515	58703	0	3.03065753	0.240853524	0.241560073	0.237248784	0.245485441	0.00313311683	0.00720891867	0	100	0	0	3
516	58705	0	3.03654231	0.243794618	0.241617967	0.237248784	0.245485441	0.00317398133	0.00720891867	0	100	0	0	3
517	58708	0	3.04242708	0.244838926	0.241693171	0.237248784	0.245485441	0.00321765927	0.00720891867	0	100	0	0	3
518	58711	0	3.04831185	0.243147566	0.241740282	0.237248784	0.245485441	0.00322355422	0.00720891867	0	100	0	0	3
519	58713	0	3.05419662	0.243853618	0.241796065	0.237248784	0.245485441	0.00325040917	0.00720891867	0	100	0	0	3
520	58716	0	3.06008139	0.243243585	0.241859027	0.237248784	0.245485441	0.00329778824	0.00720891867	0	100	0	0	3
521	58718	0	3.06596617	0.242745583	0.241923696	0.237652209	0.245485441	0.00331098211	0.00720891867	0	100	0	0	3
522	58721	0	3.07185094	0.242119918	0.24194256	0.237652209	0.245485441	0.00330686363	0.00720891867	0	100	0	0	3
523	58723	0	3.07773571	0.242233467	0.241981174	0.237652209	0.245485441	0.0033163746	0.00720891867	0	100	0	0	3
524	58726	0	3.08362048	0.23966352	0.241980223	0.237652209	0.245485441	0.00327690379	0.00720891867	0	100	0	0	3
525	58729	0	3.08950525	0.240126198	0.241996321	0.237652209	0.245485441	0.0032469389	0.00720891867	0	100	0	0	3
526	58731	0	3.09539003	0.242037194	0.242011429	0.237652209	0.245485441	0.00323106354	0.00720891867	0	100	0	0	3
527	58734	0	3.1012748	0.242081498	0.24203469	0.237652209	0.245485441	0.00321051882	0.00720891867	0	100	0	0	3
528	58736	0	3.10715957	0.2432666	0.242065023	0.237652209	0.245485441	0.00319981207	0.00720891867	0	100	0	0	3
529	58739	0	3.11304434	0.242781941	0.242074626	0.237652209	0.245485441	0.00314940157	0.00720891867	0	100	0	0	3
530	58742	0	3.11892911	0.242742247	0.242081297	0.237652209	0.245485441	0.00313399204	0.00720891867	0	100	0	0	3
531	58744	0	3.12481389	0.242924426	0.242102989	0.237652209	0.245485441	0.00315568414	0.00720891867	0	100	0	0	3
532	58747	0	3.13069866	0.243717895	0.242152036	0.237652209	0.245485441	0.0032047305	0.00720891867	0	100	0	0	3
533	58750	0	3.13658343	0.24300615	0.242201881	0.237652209	0.245485441	0.00324328121	0.00720891867	0	100	0	0	3
534	58752	0	3.1424682	0.242852102	0.242218913	0.237652209	0.245485441	0.00326031345	0.00720891867	0	100	0	0	3
535	58755	0	3.14835297	0.241847019	0.242239538	0.237652209	0.245485441	0.00328093767	0.00720891867	0	100	0	0	3
536	58757	0	3.15423775	0.242335943	0.242276478	0.237652209	0.245485441	0.00329616842	0.00720891867	0	100	0	0	3
537	58760	0	3.16012252	0.241879142	0.24227312	0.237652209	0.245485441	0.00328454448	0.00720891867	0	100	0	0	3
538	58762	0	3.16600729	0.242659531	0.242272255	0.237652209	0.245485441	0.00328454448	0.00720891867	0	100	0	0	3
539	58765	0	3.17189206	0.239423762	0.242247588	0.237652209	0.245485441	0.00328375878	0.00720891867	0	100	0	0	3
540	58768	0	3.17777683	0.241578451	0.242241991	0.237652209	0.245485441	0.00323756476	0.00720891867	0	100	0	0	3
541	58770	0	3.1836616	0.24124546	0.242216918	0.237652209	0.245485441	0.00320955662	0.00720891867	0	100	0	0	3
542	58772	0	3.18954638	0.242544813	0.242203857	0.237652209	0.245485441	0.00315124481	0.00720891867	0	100	0	0	3
543	58775	0	3.19543115	0.243183016	0.242189927	0.237652209	0.245485441	0.00309575741	0.00720891867	0	100	0	0	3
544	58777	0	3.20131592	0.244454759	0.242198859	0.237652209	0.245485441	0.00304114435	0.00720891867	0	100	0	0	3
545	58780	0	3.20720069	0.2434411	0.242209337	0.237652209	0.245485441	0.0029777018	0.00720891867	0	100	0	0	3
546	58782	0	3.21308546	0.242740758	0.24220981	0.237652209	0.245485441	0.00291910328	0.00720891867	0	100	0	0	3
547	58785	0	3.21897024	0.243202389	0.242223949	0.237652209	0.245485441	0.00289313272	0.00720891867	0	100	0	0	3
548	58788	0	3.22485501	0.242822593	0.24224371	0.237652209	0.245485441	0.00289313272	0.00720891867	0	100	0	0	3
549	58790	0	3.23073978	0.242032573	0.242295244	0.238037284	0.245485441	0.00289764674	0.00720891867	0	100	0	0	3
550	58792	0	3.23662455	0.242003553	0.242317137	0.238037284	0.245485441	0.00288951075	0.00720891867	0	100	0	0	3
551	58795	0	3.24250932	0.241666196	0.242330538	0.238037284	0.245485441	0.00287883001	0.00720891867	0	100	0	0	3
552	58797	0	3.2483941	0.241572241	0.242345615	0.238037284	0.245485441	0.00286177775	0.00720891867	0	100	0	0	3
553	58800	0	3.25427887	0.240805141	0.242347512	0.238037284	0.245485441	0.00276480368	0.00720891867	0	100	0	0	3
554	58802	0	3.26016364	0.240950845	0.242294164	0.238037284	0.245465639	0.00267915458	0.00720891867	0	100	0	0	3
555	58805	0	3.26604841	0.237948124	0.24221346	0.237948124	0.245465639	0.00258450029	0.00720891867	0	100	0	0	3
556	58807	0	3.27193318	0.238299916	0.242129157	0.237948124	0.245198756	0.00249938228	0.00720891867	0	100	0	0	3
557	58810	0	3.27781796	0.240095904	0.242072626	0.237948124	0.245198756	0.00242794038	0.00720891867	0	100	0	0	3
558	58812	0	3.28370273	0.241477095	0.24204263	0.237948124	0.245198756	0.00237790551	0.00720891867	0	100	0	0	3
559	58815	0	3.2895875	0.241765688	0.242029204	0.237948124	0.245198756	0.00233668728	0.00720891867	0	100	0	0	3
560	58817	0	3.29547227	0.242710484	0.242033664	0.237948124	0.245198756	0.0023039826	0.00720891867	0	100	0	0	3
561	58820	0	3.30135704	0.242780922	0.242045928	0.237948124	0.245198756	0.00225417539	0.00720891867	0	100	0	0	3
562	58822	0	3.30724181	0.24304958	0.242054058	0.237948124	0.245198756	0.00218613717	0.00720891867	0	100	0	0	3
563	58825	0	3.31312659	0.243322234	0.242064406	0.237948124	0.245198756	0.00209905206	0.00720891867	0	100	0	0	3
564	58828	0	3.31901136	0.24227052	0.242050636	0.237948124	0.245198756	0.00201418122	0.00720891867	0	100	0	0	3
565	58830	0	3.32489613	0.241231137	0.242020896	0.237948124	0.245198756	0.0019540648	0.00720891867	0	100	0	0	3
566	58833	0	3.3307809	0.24140717	0.242004378	0.237948124	0.245198756	0.00187042647	0.00720891867	0	100	0	0	3
567	58835	0	3.33666567	0.240701997	0.241951475	0.237948124	0.244838926	0.00179220181	0.00720891867	0	100	0	0	3
568	58838	0	3.34255045	0.240125147	0.241901393	0.237948124	0.244838926	0.00171221277	0.00720891867	0	100	0	0	3
569	58840	0	3.34843522	0.240711737	0.241855464	0.237948124	0.244838926	0.00163527625	0.00720891867	0	100	0	0	3
570	58843	0	3.35431999	0.241412489	0.241822796	0.237948124	0.244838926	0.00158243919	0.00720891867	0	100	0	0	3
571	58846	0	3.36020476	0.242130442	0.241811429	0.237948124	0.244838926	0.00152788137	0.00720891867	0	100	0	0	3
572	58848	0	3.36608953	0.243134609	0.241813972	0.237948124	0.244838926	0.00151454991	0.00720891867	0	100	0	0	3
573	58851	0	3.37197431	0.242628037	0.241830555	0.237948124	0.244838926	0.00150670506	0.00720891867	0	100	0	0	3
574	58853	0	3.37785908	0.243142289	0.241852867	0.237948124	0.244838926	0.00150670506	0.00720891867	0	100	0	0	3
575	58856	0	3.38374385	0.242387903	0.241885402	0.237948124	0.244838926	0.00150670506	0.00720891867	0	100	0	0	3
576	58858	0	3.38962862	0.241450833	0.241912019	0.237948124	0.244838926	0.00150670506	0.00720891867	0	100	0	0	3
577	58861	0	3.39551339	0.240712867	0.241925361	0.237948124	0.244838926	0.00149429872	0.00720891867	0	100	0	0	3
578	58864	0	3.40139817	0.239782902	0.241921628	0.237948124	0.244838926	0.00147993877	0.00720891867	0	100	0	0	3
579	58866	0	3.40728294	0.238185801	0.241891362	0.237948124	0.244838926	0.00145101159	0.00720891867	0	100	0	0	3
580	58869	0	3.41316771	0.238920847	0.241857979	0.237948124	0.244838926	0.0014120706	0.00720891867	0	100	0	0	3
581	58871	0	3.41905248	0.237877224	0.24181346	0.237877224	0.244838926	0.00136411622	0.00720891867	0	100	0	0	3
582	58874	0	3.42493725	0.238426917	0.241785348	0.237877224	0.244838926	0.00132315003	0.00720891867	0	100	0	0	3
583	58877	0	3.43082202	0.238248901	0.241754978	0.237877224	0.244838926	0.00130522767	0.00720891867	0	100	0	0	3
584	58879	0	3.4367068	0.239749215	0.241747905	0.237877224	0.244838926	0.00130522767	0.00720891867	0	100	0	0	3
585	58881	0	3.44259157	0.239915503	0.241770001	0.237877224	0.244838926	0.00130522767	0.00720891867	0	100	0	0	3
586	58884	0	3.44847634	0.23972959	0.241787576	0.237877224	0.244838926	0.00129667084	0.00720891867	0	100	0	0	3
587	58886	0	3.45436111	0.240393766	0.241796541	0.237877224	0.244838926	0.00126415274	0.00720891867	0	100	0	0	3
588	58889	0	3.46024588	0.240379357	0.241783997	0.237877224	0.244838926	0.0012327088	0.00720891867	0	100	0	0	3
589	58891	0	3.46613066	0.2380992	0.24173211	0.237877224	0.244838926	0.00121537398	0.00720891867	0	100	0	0	3
590	58893	0	3.47201543	0.240306429	0.24171971	0.237877224	0.244838926	0.00117777711	0.00720891867	0	100	0	0	3
591	58896	0	3.4779002	0.238891454	0.241660688	0.237877224	0.244838926	0.00112928809	0.00720891867	0	100	0	0	3
592	58898	0	3.48378497	0.238105459	0.241586804	0.237877224	0.244838926	0.00109527187	0.00720891867	0	100	0	0	3
593	58901	0	3.48966974	0.238112503	0.241523495	0.237877224	0.244838926	0.00103675951	0.00720891867	0	100	0	0	3
594	58904	0	3.49555452	0.238060454	0.241446166	0.237877224	0.244838926	0.000995588248	0.00720891867	0	100	0	0	3
595	58906	0	3.50143929	0.239109424	0.24139914	0.237877224	0.244838926	0.000948372512	0.00720891867	0	100	0	0	3
596	58909	0	3.50732406	0.238525524	0.241349623	0.237877224	0.244838926	0.000997889182	0.00720891867	0	100	0	0	3
597	58911	0	3.51320883	0.23988724	0.241332063	0.237877224	0.244838926	0.00101544873	0.00720891867	0	100	0	0	3
598	58914	0	3.5190936	0.240241006	0.241322106	0.237877224	0.244838926	0.00102540652	0.00720891867	0	100	0	0	3
599	58916	0	3.52497838	0.240513698	0.241303287	0.237877224	0.244838926	0.00104422513	0.00720891867	0	100	0	0	3
600	58919	0	3.53086315	0.24072672	0.241301795	0.237877224	0.244838926	0.00104571694	0.00720891867	0	100	0	0	3
601	58926	0	3.53674792	0.240970133	0.241268566	0.237877224	0.244838926	0.00107894619	0.00720891867	0	100	0	0	3
602	58928	0	3.54263269	0.240789165	0.241220922	0.237877224	0.244454759	0.00112659044	0.00720891867	0	100	0	0	3
603	58931	0	3.54851746	0.241686852	0.241203737	0.237877224	0.244454759	0.00114377532	0.00720891867	0	100	0	0	3
604	58933	0	3.55440224	0.240209973	0.24116087	0.237877224	0.244454759	0.00118664173	0.00720891867	0	100	0	0	3
605	58936	0	3.56028701	0.23847199	0.241104734	0.237877224	0.244454759	0.00124277814	0.00720891867	0	100	0	0	3
606	58938	0	3.56617178	0.240041213	0.241072918	0.237877224	0.244454759	0.00127459426	0.00720891867	0	100	0	0	3
607	58941	0	3.57205655	0.241260588	0.241062808	0.237877224	0.244454759	0.00128470403	0.00720891867	0	100	0	0	3
608	58943	0	3.57794132	0.240967268	0.241047912	0.237877224	0.244454759	0.0012996005	0.00720891867	0	100	0	0	3
609	58946	0	3.58382609	0.241560332	0.241070227	0.237877224	0.244454759	0.0012996005	0.00720891867	0	100	0	0	3
610	58949	0	3.58971087	0.240933881	0.241079729	0.237877224	0.244454759	0.0012996005	0.00720891867	0	100	0	0	3
611	58951	0	3.59559564	0.243356012	0.241095245	0.237877224	0.244454759	0.0012996005	0.00720891867	0	100	0	0	3
612	58954	0	3.60148041	0.242696934	0.241102485	0.237877224	0.244454759	0.0012996005	0.00720891867	0	100	0	0	3
613	58956	0	3.60736518	0.24443374	0.241116216	0.237877224	0.244454759	0.0012996005	0.00720891867	0	100	0	0	3
614	58959	0	3.61324995	0.243492728	0.241124579	0.237877224	0.244454759	0.0012996005	0.00720891867	0	100	0	0	3
615	58961	0	3.61913473	0.243738316	0.241136297	0.237877224	0.244454759	0.0012996005	0.00720891867	0	100	0	0	3
616	58964	0	3.6250195	0.242081842	0.241126384	0.237877224	0.244454759	0.0012996005	0.00720891867	0	100	0	0	3
617	58966	0	3.63090427	0.242027131	0.241106493	0.237877224	0.244454759	0.0012996005	0.00720891867	0	100	0	0	3
618	58969	0	3.63678904	0.241373307	0.241087283	0.237877224	0.244454759	0.0012996005	0.00720891867	0	100	0	0	3
619	58971	0	3.64267381	0.242265804	0.241080385	0.237877224	0.244454759	0.0012996005	0.00720891867	0	100	0	0	3
620	58974	0	3.64855859	0.24223348	0.241084932	0.237877224	0.244454759	0.0012996005	0.00720891867	0	100	0	0	3
621	58976	0	3.65444336	0.243058385	0.241093431	0.237877224	0.244454759	0.0012996005	0.00720891867	0	100	0	0	3
622	58979	0	3.66032813	0.243580156	0.241113443	0.237877224	0.244454759	0.0012996005	0.00720891867	0	100	0	0	3
623	58981	0	3.6662129	0.243849732	0.241127446	0.237877224	0.244454759	0.0012996005	0.00720891867	0	100	0	0	3
624	58984	0	3.67209767	0.242153282	0.241159558	0.237877224	0.244454759	0.0012996005	0.00720891867	0	100	0	0	3
625	58986	0	3.67798245	0.244431584	0.241193124	0.237877224	0.244454759	0.0012996005	0.00720891867	0	100	0	0	3
626	58988	0	3.68386722	0.24277463	0.241211114	0.237877224	0.244454759	0.0012996005	0.00720891867	0	100	0	0	3
627	58991	0	3.68975199	0.242287401	0.241208086	0.237877224	0.244454759	0.0012996005	0.00720891867	0	100	0	0	3
628	58993	0	3.69563676	0.241519991	0.241188521	0.237877224	0.244454759	0.0012996005	0.00720891867	0	100	0	0	3
629	58995	0	3.70152153	0.241270778	0.241151062	0.237877224	0.24443374	0.0012996005	0.00720891867	0	100	0	0	3
630	58998	0	3.7074063	0.239725891	0.241107354	0.237877224	0.24443374	0.0012996005	0.00720891867	0	100	0	0	3
631	59000	0	3.71329108	0.239736955	0.241072015	0.237877224	0.24443374	0.0012996005	0.00720891867	0	100	0	0	3
632	59003	0	3.71917585	0.239144301	0.241024273	0.237877224	0.24443374	0.00132323958	0.00720891867	0	100	0	0	3
633	59005	0	3.72506062	0.23920217	0.240981679	0.237877224	0.24443374	0.0013658328	0.00720891867	0	100	0	0	3
634	59008	0	3.73094539	0.239221781	0.240948611	0.237877224	0.24443374	0.00139890094	0.00720891867	0	100	0	0	3
635	59011	0	3.73683016	0.239172535	0.240915305	0.237877224	0.24443374	0.00143220703	0.00720891867	0	100	0	0	3
636	59013	0	3.74271494	0.240208796	0.240898159	0.237877224	0.24443374	0.0014493529	0.00720891867	0	100	0	0	3
637	59016	0	3.74859971	0.239856157	0.24087797	0.237877224	0.24443374	0.00146954212	0.00720891867	0	100	0	0	3
638	59018	0	3.75448448	0.24046225	0.240873936	0.237877224	0.24443374	0.00142022795	0.00720891867	0	100	0	0	3
639	59021	0	3.76036925	0.240053365	0.240863377	0.237877224	0.24443374	0.00135008236	0.00720891867	0	100	0	0	3
640	59023	0	3.76625402	0.239798375	0.240885145	0.237877224	0.24443374	0.00126577974	0.00720891867	0	100	0	0	3
641	59026	0	3.7721388	0.240087381	0.240906174	0.237877224	0.24443374	0.00120924875	0.00720891867	0	100	0	0	3
642	59028	0	3.77802357	0.23834279	0.240885549	0.237877224	0.24443374	0.00120102861	0.00720891867	0	100	0	0	3
643	59031	0	3.78390834	0.240875315	0.24087847	0.237877224	0.24443374	0.00120102861	0.00720891867	0	100	0	0	3
644	59034	0	3.78979311	0.239989184	0.240857569	0.237877224	0.24443374	0.00120683663	0.00720891867	0	100	0	0	3
645	59036	0	3.79567788	0.239935129	0.240824918	0.237877224	0.24443374	0.00123948787	0.00720891867	0	100	0	0	3
646	59039	0	3.80156266	0.239275507	0.240783678	0.237877224	0.24443374	0.00128072805	0.00720891867	0	100	0	0	3
647	59041	0	3.80744743	0.239443208	0.24074125	0.237877224	0.24443374	0.00132315596	0.00720891867	0	100	0	0	3
648	59044	0	3.8133322	0.239719352	0.240698863	0.237877224	0.24443374	0.00135177256	0.00720891867	0	100	0	0	3
649	59046	0	3.81921697	0.240699204	0.240680377	0.237877224	0.24443374	0.00134051914	0.00720891867	0	100	0	0	3
650	59049	0	3.82510174	0.240890071	0.240676365	0.237877224	0.24443374	0.00132801347	0.00720891867	0	100	0	0	3
651	59052	0	3.83098651	0.241115935	0.240672938	0.237877224	0.24443374	0.00127853672	0.00720891867	0	100	0	0	3
652	59054	0	3.83687129	0.240179417	0.24066679	0.237877224	0.24443374	0.00125857069	0.00720891867	0	100	0	0	3
653	59057	0	3.84275606	0.238889784	0.240652257	0.237877224	0.24443374	0.00127310437	0.00720891867	0	100	0	0	3
654	59059	0	3.84864083	0.239104786	0.240633351	0.237877224	0.24443374	0.00129200968	0.00720891867	0	100	0	0	3
655	59062	0	3.8545256	0.240848352	0.240626714	0.237877224	0.24443374	0.00129864659	0.00720891867	0	100	0	0	3
656	59064	0	3.86041037	0.240497141	0.240607499	0.237877224	0.24443374	0.0013178619	0.00720891867	0	100	0	0	3
657	59067	0	3.86629515	0.240667304	0.240578472	0.237877224	0.24443374	0.00134688901	0.00720891867	0	100	0	0	3
658	59069	0	3.87217992	0.241396568	0.240563984	0.237877224	0.24443374	0.00136137689	0.00720891867	0	100	0	0	3
659	59072	0	3.87806469	0.239993639	0.240526941	0.237877224	0.24443374	0.00139841982	0.00720891867	0	100	0	0	3
660	59075	0	3.88394946	0.239886545	0.240497514	0.237877224	0.24443374	0.00142784755	0.00720891867	0	100	0	0	3
661	59077	0	3.88983423	0.241192066	0.240494469	0.237877224	0.24443374	0.00143089188	0.00720891867	0	100	0	0	3
662	59080	0	3.89571901	0.241888656	0.240508302	0.237877224	0.24443374	0.00142715836	0.00720891867	0	100	0	0	3
663	59082	0	3.90160378	0.241314741	0.240526324	0.237877224	0.24443374	0.00139689326	0.00720891867	0	100	0	0	3
664	59085	0	3.90748855	0.243345645	0.240587028	0.237877224	0.24443374	0.00136351003	0.00720891867	0	100	0	0	3
665	59088	0	3.91337332	0.241027704	0.240611814	0.237877224	0.24443374	0.0013189912	0.00720891867	0	100	0	0	3
666	59090	0	3.91925809	0.242326132	0.240664154	0.238060454	0.24443374	0.00130207173	0.00720891867	0	100	0	0	3
667	59093	0	3.92514287	0.242097089	0.240707333	0.238060454	0.24443374	0.00130207173	0.00720891867	0	100	0	0	3
668	59095	0	3.93102764	0.241833264	0.240749502	0.238060454	0.24443374	0.00130207173	0.00720891867	0	100	0	0	3
669	59098	0	3.93691241	0.24109318	0.240765313	0.238060454	0.24443374	0.00130207173	0.00720891867	0	100	0	0	3
670	59100	0	3.94279718	0.240975934	0.240777789	0.238060454	0.24443374	0.00130207173	0.00720891867	0	100	0	0	3
671	59103	0	3.94868195	0.240067735	0.240781767	0.238060454	0.24443374	0.00130207173	0.00720891867	0	100	0	0	3
672	59105	0	3.95456673	0.240448249	0.240782408	0.238060454	0.24443374	0.00128952804	0.00720891867	0	100	0	0	3
673	59108	0	3.9604515	0.23838304	0.240758922	0.238060454	0.24443374	0.00123764108	0.00720891867	0	100	0	0	3
674	59111	0	3.96633627	0.239551652	0.24077601	0.238060454	0.24443374	0.00122524044	0.00720891867	0	100	0	0	3
675	59113	0	3.97222104	0.240006797	0.240772484	0.238060454	0.24443374	0.00116621878	0.00720891867	0	100	0	0	3
676	59116	0	3.97810581	0.240480338	0.240791177	0.238060454	0.24443374	0.00109233527	0.00720891867	0	100	0	0	3
677	59118	0	3.98399058	0.240830008	0.240823231	0.238060454	0.24443374	0.00102902536	0.00720891867	0	100	0	0	3
678	59121	0	3.98987536	0.241363701	0.24086148	0.238060454	0.24443374	0.000951696865	0.00720891867	0	100	0	0	3
679	59124	0	3.99576013	0.240339926	0.240888297	0.23834279	0.24443374	0.000904670518	0.00720891867	0	100	0	0	3
680	59127	0	4.0016449	0.239453556	0.240892346	0.23834279	0.24443374	0.000855153848	0.00720891867	0	100	0	0	3
