Iteration	CPUTime	PhysTime	Travels	Value	AvValue	MinValue	MaxValue	Delta	Criteria	Progress	CriteriaType	CriteriaVarType	CriteriaPercentage
1	14	0	0.00588477191	19.8756082	19.8756082	19.8756082	19.8756082	0	0	0	0	0	0	3
2	18	0	0.0117695438	16.3961157	18.135862	16.3961157	19.8756082	1.73974626	0	0	0	0	0	3
3	20	0	0.0176543157	16.8175242	17.696416	16.3961157	19.8756082	2.17919218	0	0	0	0	0	3
4	23	0	0.0235390876	16.124357	17.3034013	16.124357	19.8756082	2.57220694	0	0	0	0	0	3
5	26	0	0.0294238596	16.0140039	17.0455218	16.0140039	19.8756082	2.83008642	0	0	0	0	0	3
6	28	0	0.0353086315	16.065227	16.8821393	16.0140039	19.8756082	2.99346888	0	0	0	0	0	3
7	30	0	0.0411934034	16.0455238	16.7626228	16.0140039	19.8756082	3.11298539	0	0	0	0	0	3
8	33	0	0.0470781753	16.0324674	16.6713534	16.0140039	19.8756082	3.20425481	0	0	0	0	0	3
9	35	0	0.0529629472	16.0135489	16.598264	16.0135489	19.8756082	3.2773442	0	0	0	0	0	3
10	37	0	0.0588477191	16.0009872	16.5385363	16.0009872	19.8756082	3.33707189	0	0	0	0	0	3
11	39	0	0.064732491	15.8733604	16.4780658	15.8733604	19.8756082	3.39754243	0	0	0	0	0	3
12	41	0	0.0706172629	15.8515891	16.4258594	15.8515891	19.8756082	3.44974881	0	0	0	0	0	3
13	44	0	0.0765020349	15.8277599	16.3798518	15.8277599	19.8756082	3.49575646	0	0	0	0	0	3
14	46	0	0.0823868068	15.8069422	16.3389296	15.8069422	19.8756082	3.53667858	0	0	0	0	0	3
15	48	0	0.0882715787	15.7840376	16.3019368	15.7840376	19.8756082	3.57367138	0	0	0	0	0	3
16	50	0	0.0941563506	15.5841563	16.2570756	15.5841563	19.8756082	3.61853266	0	0	0	0	0	3
17	52	0	0.100041123	15.5532858	16.2156762	15.5532858	19.8756082	3.65993206	0	0	0	0	0	3
18	55	0	0.105925894	15.524106	16.1772556	15.524106	19.8756082	3.69835263	0	0	0	0	0	3
19	57	0	0.111810666	15.492751	16.141229	15.492751	19.8756082	3.73437918	0	0	0	0	0	3
20	59	0	0.117695438	15.464525	16.1073938	15.464525	19.8756082	3.76821438	0	0	0	0	0	3
21	62	0	0.12358021	15.1297035	16.0608371	15.1297035	19.8756082	3.81477107	0	0	0	0	0	3
22	64	0	0.129464982	15.0927401	16.0168327	15.0927401	19.8756082	3.85877548	0	0	0	0	0	3
23	66	0	0.135349754	15.0520485	15.9748856	15.0520485	19.8756082	3.90072262	0	0	0	0	0	3
24	69	0	0.141234526	15.0182357	15.9350252	15.0182357	19.8756082	3.94058304	0	0	0	0	0	3
25	71	0	0.147119298	14.9828316	15.8969374	14.9828316	19.8756082	3.97867078	0	0	0	0	0	3
26	73	0	0.15300407	14.5030956	15.8433281	14.5030956	19.8756082	4.03228008	0	0	0	0	0	3
27	76	0	0.158888842	14.4628773	15.7922003	14.4628773	19.8756082	4.08340789	0	0	0	0	0	3
28	78	0	0.164773614	14.4284881	15.7434963	14.4284881	19.8756082	4.1321119	0	0	0	0	0	3
29	80	0	0.170658385	14.3984069	15.6971139	14.3984069	19.8756082	4.17849429	0	0	0	0	0	3
30	82	0	0.176543157	14.3726551	15.6529653	14.3726551	19.8756082	4.22264292	0	0	0	0	0	3
31	85	0	0.182427929	13.6116253	15.5871156	13.6116253	19.8756082	4.2884926	0	0	0	0	0	3
32	87	0	0.188312701	13.5875366	15.5246288	13.5875366	19.8756082	4.35097944	0	0	0	0	0	3
33	89	0	0.194197473	13.5679107	15.4653343	13.5679107	19.8756082	4.41027393	0	0	0	0	0	3
34	92	0	0.200082245	13.5529565	15.4090879	13.5529565	19.8756082	4.46652034	0	0	0	0	0	3
35	94	0	0.205967017	13.540307	15.3556941	13.540307	19.8756082	4.51991408	0	0	0	0	0	3
36	96	0	0.211851789	12.8787599	15.2868904	12.8787599	19.8756082	4.5887178	0	0	0	0	0	3
37	99	0	0.217736561	12.8715442	15.2216108	12.8715442	19.8756082	4.65399743	0	0	0	0	0	3
38	101	0	0.223621333	12.866832	15.1596429	12.866832	19.8756082	4.71596529	0	0	0	0	0	3
39	104	0	0.229506105	12.863475	15.1007668	12.863475	19.8756082	4.7748414	0	0	0	0	0	3
40	106	0	0.235390876	12.8611769	15.0447771	12.8611769	19.8756082	4.83083114	0	0	0	0	0	3
41	109	0	0.241275648	12.3455334	14.9789419	12.3455334	19.8756082	4.89666636	0	0	0	0	0	3
42	111	0	0.24716042	12.3506953	14.9163646	12.3455334	19.8756082	4.95924365	0	0	0	0	0	3
43	114	0	0.253045192	12.3555625	14.856811	12.3455334	19.8756082	5.01879719	0	0	0	0	0	3
44	116	0	0.258929964	12.3593064	14.8000496	12.3455334	19.8756082	5.07555866	0	0	0	0	0	3
45	119	0	0.264814736	12.3626403	14.7458849	12.3455334	19.8756082	5.12972331	0	0	0	0	0	3
46	121	0	0.270699508	12.0194326	14.6866142	12.0194326	19.8756082	5.18899401	0	0	0	0	0	3
47	124	0	0.27658428	12.0239559	14.6299619	12.0194326	19.8756082	5.24564632	0	0	0	0	0	3
48	127	0	0.282469052	12.0276097	14.5757462	12.0194326	19.8756082	5.29986199	0	0	0	0	0	3
49	129	0	0.288353824	12.0298749	14.5237897	12.0194326	19.8756082	5.35181855	0	0	0	0	0	3
50	132	0	0.294238596	12.0314189	14.4739423	12.0194326	19.8756082	5.40166596	0	0	0	0	0	3
51	134	0	0.300123368	11.8613807	14.4227156	11.8613807	19.8756082	5.45289266	0	0	0	0	0	3
52	136	0	0.306008139	11.8636787	14.3735033	11.8613807	19.8756082	5.50210491	0	0	0	0	0	3
53	139	0	0.311892911	11.866123	14.3261942	11.8613807	19.8756082	5.54941397	0	0	0	0	0	3
54	141	0	0.317777683	11.8684166	14.2806798	11.8613807	19.8756082	5.59492837	0	0	0	0	0	3
55	144	0	0.323662455	11.8702757	14.2368543	11.8613807	19.8756082	5.6387539	0	0	0	0	0	3
56	146	0	0.329547227	11.7563441	14.1925595	11.7563441	19.8756082	5.68304872	0	0	0	0	0	3
57	148	0	0.335431999	11.7607831	14.1498967	11.7563441	19.8756082	5.72571147	0	0	0	0	0	3
58	151	0	0.341316771	11.7647822	14.1087741	11.7563441	19.8756082	5.76683413	0	0	0	0	0	3
59	153	0	0.347201543	11.76847	14.0691079	11.7563441	19.8756082	5.8065003	0	0	0	0	0	3
60	156	0	0.353086315	11.7717833	14.0308192	11.7563441	19.8756082	5.84478905	0	0	0	0	0	3
61	159	0	0.358971087	11.6589797	13.9919366	11.6589797	19.8756082	5.88367166	0	0	0	0	0	3
62	161	0	0.364855859	11.6608833	13.9543389	11.6589797	19.8756082	5.9212693	0	0	0	0	0	3
63	164	0	0.37074063	11.6614648	13.9179441	11.6589797	19.8756082	5.95766412	0	0	0	0	0	3
64	166	0	0.376625402	11.6610001	13.8826793	11.6589797	19.8756082	5.99292887	0	0	0	0	0	3
65	169	0	0.382510174	11.6597818	13.8484809	11.6589797	19.8756082	6.0271273	0	0	0	0	0	3
66	172	0	0.388394946	11.6054626	13.8144958	11.6054626	19.8756082	6.06111242	0	0	0	0	0	3
67	174	0	0.394279718	11.6042612	13.7815072	11.6042612	19.8756082	6.094101	0	0	0	0	0	3
68	177	0	0.40016449	11.6026653	13.7494654	11.6026653	19.8756082	6.12614279	0	0	0	0	0	3
69	179	0	0.406049262	11.601497	13.7183354	11.601497	19.8756082	6.15727277	0	0	0	0	0	3
70	181	0	0.411934034	11.5999825	13.6880733	11.5999825	19.8756082	6.18753495	0	0	0	0	0	3
71	184	0	0.417818806	11.5976043	13.65863	11.5976043	19.8756082	6.21697818	0	0	0	0	0	3
72	187	0	0.423703578	11.5977365	13.6300065	11.5976043	19.8756082	6.2456017	0	0	0	0	0	3
73	189	0	0.42958835	11.5979642	13.6021703	11.5976043	19.8756082	6.2734379	0	0	0	0	0	3
74	192	0	0.435473122	11.5978947	13.5750855	11.5976043	19.8756082	6.3005227	0	0	0	0	0	3
75	194	0	0.441357893	11.597507	13.5487178	11.597507	19.8756082	6.32689042	0	0	0	0	0	3
76	197	0	0.447242665	11.5693023	13.5226729	11.5693023	19.8756082	6.35293536	0	0	0	0	0	3
77	199	0	0.453127437	11.5699307	13.4973126	11.5693023	19.8756082	6.37829564	0	0	0	0	0	3
78	202	0	0.459012209	11.5702434	13.4726066	11.5693023	19.8756082	6.40300166	0	0	0	0	0	3
79	204	0	0.464896981	11.5708281	13.4485334	11.5693023	19.8756082	6.42707481	0	0	0	0	0	3
80	207	0	0.470781753	11.570143	13.4250535	11.5693023	19.8756082	6.45055469	0	0	0	0	0	3
81	209	0	0.476666525	11.5960618	13.4024734	11.5693023	19.8756082	6.47313483	0	0	0	0	0	3
82	211	0	0.482551297	11.5955564	13.3804378	11.5693023	19.8756082	6.4951704	0	0	0	0	0	3
83	214	0	0.488436069	11.5956927	13.3589349	11.5693023	19.8756082	6.51667336	0	0	0	0	0	3
84	216	0	0.494320841	11.596033	13.3379479	11.5693023	19.8756082	6.53766028	0	0	0	0	0	3
85	219	0	0.500205613	11.5961541	13.3174562	11.5693023	19.8756082	6.55815198	0	0	0	0	0	3
86	221	0	0.506090384	11.6145591	13.2202674	11.5693023	16.8175242	4.91559453	0	0	0	0	0	3
87	224	0	0.511975156	11.6125064	13.1639897	11.5693023	16.8175242	4.53242637	0	0	0	0	0	3
88	226	0	0.517859928	11.6101971	13.102727	11.5693023	16.124357	4.20067428	0	0	0	0	0	3
89	229	0	0.5237447	11.6078874	13.0495921	11.5693023	16.065227	3.99592973	0	0	0	0	0	3
90	231	0	0.529629472	11.6056315	12.9977289	11.5693023	16.065227	3.88441047	0	0	0	0	0	3
91	234	0	0.535514244	11.5905092	12.9450851	11.5693023	16.0455238	3.81753771	0	0	0	0	0	3
92	236	0	0.541399016	11.5898746	12.8926657	11.5693023	16.0324674	3.77868768	0	0	0	0	0	3
93	239	0	0.547283788	11.5890147	12.8403898	11.5693023	16.0135489	3.75787421	0	0	0	0	0	3
94	241	0	0.55316856	11.5880901	12.7883256	11.5693023	16.0009872	3.75021075	0	0	0	0	0	3
95	244	0	0.559053332	11.5882166	12.7364106	11.5693023	15.8733604	3.74165516	0	0	0	0	0	3
96	246	0	0.564938104	11.5740928	12.685831	11.5693023	15.8515891	3.74002839	0	0	0	0	0	3
97	249	0	0.570822876	11.5754951	12.635524	11.5693023	15.8277599	3.74432773	0	0	0	0	0	3
98	251	0	0.576707647	11.5767839	12.5855125	11.5693023	15.8069422	3.7534171	0	0	0	0	0	3
99	254	0	0.582592419	11.5780298	12.5357606	11.5693023	15.7840376	3.7661762	0	0	0	0	0	3
100	257	0	0.588477191	11.5790451	12.4862901	11.5693023	15.5841563	3.77078542	0	0	0	0	0	3
101	264	0	0.594361963	11.5534466	12.43887	11.5534466	15.5532858	3.77680614	0	0	0	0	0	3
102	266	0	0.600246735	11.5551543	12.3918332	11.5534466	15.524106	3.78542241	0	0	0	0	0	3
103	268	0	0.606131507	11.5559857	12.3451494	11.5534466	15.492751	3.79607962	0	0	0	0	0	3
104	271	0	0.612016279	11.5564622	12.2988401	11.5534466	15.464525	3.8085537	0	0	0	0	0	3
105	273	0	0.617901051	11.5569982	12.2528692	11.5534466	15.1297035	3.57625684	0	0	0	0	0	3
106	275	0	0.623785823	11.6079426	12.2114367	11.5534466	15.0927401	3.53929345	0	0	0	0	0	3
107	278	0	0.629670595	11.6092289	12.1704543	11.5534466	15.0520485	3.49860187	0	0	0	0	0	3
108	280	0	0.635555367	11.6103617	12.1299638	11.5534466	15.0182357	3.46478907	0	0	0	0	0	3
109	283	0	0.641440138	11.6114936	12.0898845	11.5534466	14.9828316	3.42938502	0	0	0	0	0	3
110	285	0	0.64732491	11.6116061	12.050223	11.5534466	14.5030956	2.94964898	0	0	0	0	0	3
111	287	0	0.653209682	11.5975214	12.0160398	11.5534466	14.4628773	2.90943069	0	0	0	0	0	3
112	290	0	0.659094454	11.5976738	11.9823315	11.5534466	14.4284881	2.87504152	0	0	0	0	0	3
113	292	0	0.664979226	11.5979395	11.949031	11.5534466	14.3984069	2.84496028	0	0	0	0	0	3
114	295	0	0.670863998	11.5982596	11.9160881	11.5534466	14.3726551	2.81920845	0	0	0	0	0	3
115	297	0	0.67674877	11.5984833	11.8834507	11.5534466	13.6116253	2.05817865	0	0	0	0	0	3
116	300	0	0.682633542	11.6017042	11.8598046	11.5534466	13.5875366	2.03408998	0	0	0	0	0	3
117	302	0	0.688518314	11.6004238	11.8364268	11.5534466	13.5679107	2.01446406	0	0	0	0	0	3
118	305	0	0.694403086	11.5985805	11.8132582	11.5534466	13.5529565	1.99950986	0	0	0	0	0	3
119	307	0	0.700287858	11.5968231	11.7902449	11.5534466	13.540307	1.98686042	0	0	0	0	0	3
120	310	0	0.706172629	11.595229	11.7673616	11.5534466	12.8787599	1.3253133	0	0	0	0	0	3
121	312	0	0.712057401	11.5974141	11.752287	11.5534466	12.8715442	1.31809761	0	0	0	0	0	3
122	315	0	0.717942173	11.595913	11.7372795	11.5534466	12.866832	1.31338537	0	0	0	0	0	3
123	317	0	0.723826945	11.5942678	11.7223082	11.5534466	12.863475	1.31002837	0	0	0	0	0	3
124	320	0	0.729711717	11.5935917	11.7073684	11.5534466	12.8611769	1.30773029	0	0	0	0	0	3
125	322	0	0.735596489	11.5941191	11.6924618	11.5534466	12.3626403	0.809193656	0	0	0	0	0	3
126	325	0	0.741481261	11.5899641	11.6835728	11.5534466	12.3626403	0.809193656	0	0	0	0	0	3
127	327	0	0.747366033	11.5896938	11.6746198	11.5534466	12.3626403	0.809193656	0	0	0	0	0	3
128	329	0	0.753250805	11.5891182	11.6656028	11.5534466	12.3626403	0.809193656	0	0	0	0	0	3
129	332	0	0.759135577	11.5886836	11.6565367	11.5534466	12.3626403	0.809193656	0	0	0	0	0	3
130	334	0	0.765020349	11.5869103	11.6474104	11.5534466	12.0314189	0.477972264	0	0	0	0	0	3
131	337	0	0.770905121	11.6146989	11.6426489	11.5534466	12.0314189	0.477972264	0	0	0	0	0	3
132	339	0	0.776789892	11.6133611	11.6378183	11.5534466	12.0314189	0.477972264	0	0	0	0	0	3
133	341	0	0.782674664	11.6133384	11.6329446	11.5534466	12.0314189	0.477972264	0	0	0	0	0	3
134	343	0	0.788559436	11.6139073	11.6280508	11.5534466	12.0314189	0.477972264	0	0	0	0	0	3
135	346	0	0.794444208	11.6148469	11.62315	11.5534466	11.8702757	0.316829061	0	0	0	0	0	3
136	348	0	0.80032898	11.5943814	11.6200088	11.5534466	11.8702757	0.316829061	0	0	0	0	0	3
137	350	0	0.806213752	11.5968121	11.6168692	11.5534466	11.8702757	0.316829061	0	0	0	0	0	3
138	352	0	0.812098524	11.600309	11.613742	11.5534466	11.8702757	0.316829061	0	0	0	0	0	3
139	355	0	0.817983296	11.6043639	11.6106355	11.5534466	11.8702757	0.316829061	0	0	0	0	0	3
140	357	0	0.823868068	11.6089348	11.6075609	11.5534466	11.7717833	0.218336669	0	0	0	0	0	3
141	359	0	0.82975284	11.6065813	11.605799	11.5534466	11.7717833	0.218336669	0	0	0	0	0	3
142	361	0	0.835637612	11.6096915	11.6040214	11.5534466	11.7717833	0.218336669	0	0	0	0	0	3
143	364	0	0.841522383	11.6116826	11.6022202	11.5534466	11.7717833	0.218336669	0	0	0	0	0	3
144	366	0	0.847407155	11.6135663	11.6003978	11.5534466	11.7717833	0.218336669	0	0	0	0	0	3
145	369	0	0.853291927	11.6155581	11.5985599	11.5534466	11.6614648	0.108018179	0	0	0	0	0	3
146	371	0	0.859176699	11.6013413	11.5978818	11.5534466	11.6614648	0.108018179	0	0	0	0	0	3
147	374	0	0.865061471	11.6034008	11.5972055	11.5534466	11.6614648	0.108018179	0	0	0	0	0	3
148	377	0	0.870946243	11.6058466	11.5965512	11.5534466	11.6610001	0.10755353	0	0	0	0	0	3
149	379	0	0.876831015	11.6071945	11.5959182	11.5534466	11.6597818	0.106335171	0	0	0	0	0	3
150	382	0	0.882715787	11.6087644	11.595318	11.5534466	11.6155581	0.0621115178	0	0	0	0	0	3
151	384	0	0.888600559	11.5544387	11.5947177	11.5534466	11.6155581	0.0621115178	0	0	0	0	0	3
152	387	0	0.894485331	11.5548055	11.5941359	11.5534466	11.6155581	0.0621115178	0	0	0	0	0	3
153	389	0	0.900370103	11.5541566	11.5935652	11.5534466	11.6155581	0.0621115178	0	0	0	0	0	3
154	392	0	0.906254875	11.5534801	11.5930003	11.5534466	11.6155581	0.0621115178	0	0	0	0	0	3
155	394	0	0.912139646	11.5525461	11.5924422	11.5525461	11.6155581	0.0630120771	0	0	0	0	0	3
156	397	0	0.918024418	11.5887343	11.5923379	11.5525461	11.6155581	0.0630120771	0	0	0	0	0	3
157	399	0	0.92390919	11.5874375	11.5922167	11.5525461	11.6155581	0.0630120771	0	0	0	0	0	3
158	402	0	0.929793962	11.5863631	11.5920802	11.5525461	11.6155581	0.0630120771	0	0	0	0	0	3
159	405	0	0.935678734	11.5852762	11.5919318	11.5525461	11.6155581	0.0630120771	0	0	0	0	0	3
160	407	0	0.941563506	11.5838182	11.5917707	11.5525461	11.6155581	0.0630120771	0	0	0	0	0	3
161	410	0	0.947448278	11.5797013	11.5918931	11.5525461	11.6155581	0.0630120771	0	0	0	0	0	3
162	412	0	0.95333305	11.578462	11.5919934	11.5525461	11.6155581	0.0630120771	0	0	0	0	0	3
163	414	0	0.959217822	11.577262	11.592076	11.5525461	11.6155581	0.0630120771	0	0	0	0	0	3
164	417	0	0.965102594	11.5765733	11.5921436	11.5525461	11.6155581	0.0630120771	0	0	0	0	0	3
165	419	0	0.970987366	11.5758398	11.5922106	11.5525461	11.6155581	0.0630120771	0	0	0	0	0	3
166	421	0	0.976872137	11.5821468	11.5920469	11.5525461	11.6155581	0.0630120771	0	0	0	0	0	3
167	424	0	0.982756909	11.5803972	11.5918686	11.5525461	11.6155581	0.0630120771	0	0	0	0	0	3
168	426	0	0.988641681	11.5788128	11.59167	11.5525461	11.6155581	0.0630120771	0	0	0	0	0	3
169	428	0	0.994526453	11.57694	11.5914453	11.5525461	11.6155581	0.0630120771	0	0	0	0	0	3
170	431	0	1.00041123	11.5751843	11.5911986	11.5525461	11.6155581	0.0630120771	0.157949345	0	100	0	0	3
171	433	0	1.006296	11.5879499	11.5908856	11.5525461	11.6155581	0.0630120771	0.157949345	0	100	0	0	3
172	436	0	1.01218077	11.5986799	11.5907229	11.5525461	11.6155581	0.0630120771	0.157949345	0	100	0	0	3
173	438	0	1.01806554	11.5971102	11.590569	11.5525461	11.6155581	0.0630120771	0.157949345	0	100	0	0	3
174	440	0	1.02395031	11.6046242	11.5905306	11.5525461	11.6155581	0.0630120771	0.157949345	0	100	0	0	3
175	443	0	1.02983508	11.5953365	11.5904095	11.5525461	11.6155581	0.0630120771	0.157949345	0	100	0	0	3
176	445	0	1.03571986	11.5909627	11.5904148	11.5525461	11.6155581	0.0630120771	0.157949345	0	100	0	0	3
177	448	0	1.04160463	11.6113528	11.5906675	11.5525461	11.6155581	0.0630120771	0.157949345	0	100	0	0	3
178	450	0	1.0474894	11.5957219	11.5907464	11.5525461	11.6155581	0.0630120771	0.157949345	0	100	0	0	3
179	453	0	1.05337417	11.6140032	11.5910512	11.5525461	11.6155581	0.0630120771	0.157949345	0	100	0	0	3
180	455	0	1.05925894	11.5896698	11.5910683	11.5525461	11.6155581	0.0630120771	0.157949345	0	100	0	0	3
181	458	0	1.06514372	11.5991505	11.5913631	11.5525461	11.6155581	0.0630120771	0.157949345	0	100	0	0	3
182	460	0	1.07102849	11.5830843	11.5914524	11.5525461	11.6155581	0.0630120771	0.157949345	0	100	0	0	3
183	463	0	1.07691326	11.5920056	11.5916315	11.5525461	11.6155581	0.0630120771	0.157949345	0	100	0	0	3
184	465	0	1.08279803	11.5758569	11.5916059	11.5525461	11.6155581	0.0630120771	0.157949345	0	100	0	0	3
185	468	0	1.0886828	11.6038834	11.5918982	11.5525461	11.6155581	0.0630120771	0.157949345	0	100	0	0	3
186	471	0	1.09456758	11.5814448	11.5922275	11.5525461	11.6155581	0.0630120771	0.157949345	0	100	0	0	3
187	473	0	1.10045235	11.5995675	11.59275	11.5525461	11.6155581	0.0630120771	0.157949345	0	100	0	0	3
188	475	0	1.10633712	11.5791449	11.5930225	11.5525461	11.6155581	0.0630120771	0.157949345	0	100	0	0	3
189	478	0	1.11222189	11.5991998	11.5935253	11.5525461	11.6155581	0.0630120771	0.157949345	0	100	0	0	3
190	480	0	1.11810666	11.5818537	11.5938177	11.5525461	11.6155581	0.0630120771	0.157949345	0	100	0	0	3
191	482	0	1.12399144	11.5842843	11.5935394	11.5525461	11.6155581	0.0630120771	0.157949345	0	100	0	0	3
192	484	0	1.12987621	11.586998	11.5932779	11.5525461	11.6155581	0.0630120771	0.157949345	0	100	0	0	3
193	486	0	1.13576098	11.600001	11.593156	11.5525461	11.6155581	0.0630120771	0.157949345	0	100	0	0	3
194	489	0	1.14164575	11.595613	11.5929691	11.5525461	11.6155581	0.0630120771	0.157949345	0	100	0	0	3
195	491	0	1.14753052	11.5912776	11.59273	11.5525461	11.6155581	0.0630120771	0.157949345	0	100	0	0	3
196	493	0	1.15341529	11.5837715	11.5925682	11.5525461	11.6155581	0.0630120771	0.157949345	0	100	0	0	3
197	495	0	1.15930007	11.5674725	11.5922129	11.5525461	11.6155581	0.0630120771	0.157949345	0	100	0	0	3
198	497	0	1.16518484	11.571833	11.5919058	11.5525461	11.6155581	0.0630120771	0.157949345	0	100	0	0	3
199	500	0	1.17106961	11.5747067	11.5916287	11.5525461	11.6155581	0.0630120771	0.157949345	0	100	0	0	3
200	502	0	1.17695438	11.5820002	11.5914347	11.5525461	11.6155581	0.0630120771	0.157949345	0	100	0	0	3
201	509	0	1.18283915	11.6086484	11.5915164	11.5525461	11.6155581	0.0630120771	0.157949345	0	100	0	0	3
202	511	0	1.18872393	11.6117128	11.5916493	11.5525461	11.6155581	0.0630120771	0.157949345	0	100	0	0	3
203	513	0	1.1946087	11.6158706	11.5918527	11.5525461	11.6158706	0.0633245681	0.157949345	0	100	0	0	3
204	515	0	1.20049347	11.6063556	11.5919648	11.5525461	11.6158706	0.0633245681	0.157949345	0	100	0	0	3
205	517	0	1.20637824	11.6036659	11.5920641	11.5525461	11.6158706	0.0633245681	0.157949345	0	100	0	0	3
206	520	0	1.21226301	11.5723291	11.591769	11.5525461	11.6158706	0.0633245681	0.157949345	0	100	0	0	3
207	522	0	1.21814779	11.5920385	11.5917234	11.5525461	11.6158706	0.0633245681	0.157949345	0	100	0	0	3
208	524	0	1.22403256	11.58803	11.59165	11.5525461	11.6158706	0.0633245681	0.157949345	0	100	0	0	3
209	526	0	1.22991733	11.5930661	11.5916438	11.5525461	11.6158706	0.0633245681	0.157949345	0	100	0	0	3
210	528	0	1.2358021	11.5862178	11.5915509	11.5525461	11.6158706	0.0633245681	0.157949345	0	100	0	0	3
211	530	0	1.24168687	11.5789228	11.591421	11.5525461	11.6158706	0.0633245681	0.157949345	0	100	0	0	3
212	533	0	1.24757165	11.5910839	11.5914373	11.5525461	11.6158706	0.0633245681	0.157949345	0	100	0	0	3
213	535	0	1.25345642	11.5830185	11.5913655	11.5525461	11.6158706	0.0633245681	0.157949345	0	100	0	0	3
214	537	0	1.25934119	11.6024269	11.5915272	11.5525461	11.6158706	0.0570009847	0.157949345	0	100	0	0	3
215	539	0	1.26522596	11.5935163	11.5916049	11.5525461	11.6158706	0.052239411	0.157949345	0	100	0	0	3
216	541	0	1.27111073	11.6019005	11.5914544	11.5525461	11.6158706	0.0474088841	0.157949345	0	100	0	0	3
217	544	0	1.2769955	11.6038376	11.5913423	11.5525461	11.6158706	0.042535104	0.157949345	0	100	0	0	3
218	546	0	1.28288028	11.6079744	11.5912792	11.5525461	11.6158706	0.0376413681	0.157949345	0	100	0	0	3
219	549	0	1.28876505	11.5745841	11.5908166	11.5525461	11.6158706	0.0327405213	0.157949345	0	100	0	0	3
220	551	0	1.29464982	11.5972387	11.5906095	11.5525461	11.6158706	0.0295993529	0.157949345	0	100	0	0	3
221	554	0	1.30053459	11.5940667	11.5906057	11.5525461	11.6158706	0.0264597455	0.157949345	0	100	0	0	3
222	556	0	1.30641936	11.5884109	11.5905069	11.5525461	11.6158706	0.0233325209	0.157949345	0	100	0	0	3
223	559	0	1.31230414	11.5892084	11.5903763	11.5525461	11.6158706	0.0202591526	0.157949345	0	100	0	0	3
224	561	0	1.31818891	11.5941449	11.5902561	11.5525461	11.6158706	0.0173047764	0.157949345	0	100	0	0	3
225	564	0	1.32407368	11.5840443	11.5899633	11.5525461	11.6158706	0.0158356909	0.157949345	0	100	0	0	3
226	566	0	1.32995845	11.584443	11.5897028	11.5525461	11.6158706	0.0143185941	0.157949345	0	100	0	0	3
227	569	0	1.33584322	11.5857494	11.5894211	11.5525461	11.6158706	0.0127990935	0.157949345	0	100	0	0	3
228	571	0	1.341728	11.5869864	11.5891306	11.5525461	11.6158706	0.0112672395	0.157949345	0	100	0	0	3
229	574	0	1.34761277	11.5886499	11.5888375	11.5525461	11.6158706	0.00972243085	0.157949345	0	100	0	0	3
230	576	0	1.35349754	11.5926167	11.5885676	11.5525461	11.6158706	0.0093142317	0.157949345	0	100	0	0	3
231	579	0	1.35938231	11.6121992	11.5886953	11.5525461	11.6158706	0.00863796745	0.157949345	0	100	0	0	3
232	581	0	1.36526708	11.6097274	11.5887697	11.5525461	11.6158706	0.00798363627	0.157949345	0	100	0	0	3
233	584	0	1.37115186	11.6093056	11.5888104	11.5525461	11.6158706	0.00735062828	0.157949345	0	100	0	0	3
234	586	0	1.37703663	11.6082535	11.5888229	11.5525461	11.6158706	0.0067504242	0.157949345	0	100	0	0	3
235	588	0	1.3829214	11.6111795	11.5888513	11.5525461	11.6158706	0.00615014351	0.157949345	0	100	0	0	3
236	591	0	1.38880617	11.5979736	11.5893635	11.5525461	11.6158706	0.00556831144	0.157949345	0	100	0	0	3
237	593	0	1.39469094	11.6123171	11.5900401	11.5525461	11.6158706	0.00525015651	0.157949345	0	100	0	0	3
238	595	0	1.40057572	11.585435	11.5904081	11.5525461	11.6158706	0.00525015651	0.157949345	0	100	0	0	3
239	598	0	1.40646049	11.6029259	11.5909898	11.5525461	11.6158706	0.00525015651	0.157949345	0	100	0	0	3
240	600	0	1.41234526	11.6034269	11.5915884	11.5674725	11.6158706	0.00525015651	0.157949345	0	100	0	0	3
241	602	0	1.41823003	11.5882766	11.591583	11.5674725	11.6158706	0.00525015651	0.157949345	0	100	0	0	3
242	604	0	1.4241148	11.5824914	11.5915248	11.5674725	11.6158706	0.00525015651	0.157949345	0	100	0	0	3
243	607	0	1.42999957	11.5929409	11.5916022	11.5674725	11.6158706	0.00525015651	0.157949345	0	100	0	0	3
244	609	0	1.43588435	11.579028	11.5915287	11.5674725	11.6158706	0.00525015651	0.157949345	0	100	0	0	3
245	611	0	1.44176912	11.5948506	11.5916585	11.5674725	11.6158706	0.00525015651	0.157949345	0	100	0	0	3
246	614	0	1.44765389	11.595626	11.5918458	11.5674725	11.6158706	0.00525015651	0.157949345	0	100	0	0	3
247	616	0	1.45353866	11.6090416	11.5922056	11.5674725	11.6158706	0.00525015651	0.157949345	0	100	0	0	3
248	619	0	1.45942343	11.6048942	11.5925307	11.5674725	11.6158706	0.00525015651	0.157949345	0	100	0	0	3
249	621	0	1.46530821	11.6273463	11.593128	11.5674725	11.6273463	0.00525015651	0.157949345	0	100	0	0	3
250	624	0	1.47119298	11.6278149	11.5937395	11.5674725	11.6278149	0.00525015651	0.157949345	0	100	0	0	3
251	626	0	1.47707775	11.6097667	11.5940644	11.5674725	11.6278149	0.00549684465	0.157949345	0	100	0	0	3
252	629	0	1.48296252	11.597365	11.594264	11.5674725	11.6278149	0.00569646628	0.157949345	0	100	0	0	3
253	631	0	1.48884729	11.6064611	11.5945893	11.5674725	11.6278149	0.00602174016	0.157949345	0	100	0	0	3
254	633	0	1.49473207	11.6039602	11.5949072	11.5674725	11.6278149	0.00633962548	0.157949345	0	100	0	0	3
255	636	0	1.50061684	11.5846321	11.5950183	11.5674725	11.6278149	0.00645077719	0.157949345	0	100	0	0	3
256	638	0	1.50650161	11.592758	11.5950749	11.5674725	11.6278149	0.00650734266	0.157949345	0	100	0	0	3
257	641	0	1.51238638	11.5899815	11.5949726	11.5674725	11.6278149	0.00650734266	0.157949345	0	100	0	0	3
258	643	0	1.51827115	11.5888128	11.594875	11.5674725	11.6278149	0.00650734266	0.157949345	0	100	0	0	3
259	645	0	1.52415593	11.5795223	11.5945796	11.5674725	11.6278149	0.00650734266	0.157949345	0	100	0	0	3
260	648	0	1.5300407	11.5933877	11.5945567	11.5674725	11.6278149	0.00650734266	0.157949345	0	100	0	0	3
261	650	0	1.53592547	11.5804321	11.5944328	11.5674725	11.6278149	0.00650734266	0.157949345	0	100	0	0	3
262	653	0	1.54181024	11.5932413	11.5942197	11.5674725	11.6278149	0.00650734266	0.157949345	0	100	0	0	3
263	655	0	1.54769501	11.5856852	11.5941017	11.5674725	11.6278149	0.00650734266	0.157949345	0	100	0	0	3
264	657	0	1.55357978	11.5964196	11.5938948	11.5674725	11.6278149	0.00650734266	0.157949345	0	100	0	0	3
265	660	0	1.55946456	11.5685147	11.5936459	11.5674725	11.6278149	0.00650734266	0.157949345	0	100	0	0	3
266	4264	0	1.56534933	11.593982	11.5935851	11.5674725	11.6278149	0.00650734266	0.157949345	0	100	0	0	3
267	4266	0	1.5712341	11.5731932	11.5934687	11.5674725	11.6278149	0.00650734266	0.157949345	0	100	0	0	3
268	4268	0	1.57711887	11.5897179	11.5934418	11.5674725	11.6278149	0.00650734266	0.157949345	0	100	0	0	3
269	4271	0	1.58300364	11.5852637	11.5935525	11.5674725	11.6278149	0.00650734266	0.157949345	0	100	0	0	3
270	4274	0	1.58888842	11.5907739	11.5933983	11.5674725	11.6278149	0.00650734266	0.157949345	0	100	0	0	3
271	4277	0	1.59477319	11.5868941	11.5934624	11.5674725	11.6278149	0.00650734266	0.157949345	0	100	0	0	3
272	58057	0	1.60065796	11.6075951	11.5935568	11.5674725	11.6278149	0.00650734266	0.157949345	0	100	0	0	3
273	58061	0	1.60654273	11.6019283	11.5938249	11.5674725	11.6278149	0.00650734266	0.157949345	0	100	0	0	3
274	58065	0	1.6124275	11.6152992	11.5940143	11.5674725	11.6278149	0.00650734266	0.157949345	0	100	0	0	3
275	58069	0	1.61831228	11.6048305	11.5942846	11.5674725	11.6278149	0.00650734266	0.157949345	0	100	0	0	3
276	58072	0	1.62419705	11.6120356	11.5946111	11.5674725	11.6278149	0.00650734266	0.157949345	0	100	0	0	3
277	58076	0	1.63008182	11.6016122	11.594783	11.5674725	11.6278149	0.00650734266	0.157949345	0	100	0	0	3
278	58080	0	1.63596659	11.6143529	11.5949518	11.5674725	11.6278149	0.00650734266	0.157949345	0	100	0	0	3
279	58083	0	1.64185136	11.5811588	11.5947818	11.5674725	11.6278149	0.00650734266	0.157949345	0	100	0	0	3
280	58086	0	1.64773614	11.6192797	11.5951112	11.5674725	11.6278149	0.00654366588	0.157949345	0	100	0	0	3
281	58089	0	1.65362091	11.5747595	11.5950052	11.5674725	11.6278149	0.00654366588	0.157949345	0	100	0	0	3
282	58092	0	1.65950568	11.6143771	11.595557	11.5685147	11.6278149	0.0069894609	0.157949345	0	100	0	0	3
283	58095	0	1.66539045	11.6020222	11.5959122	11.5685147	11.6278149	0.00734462885	0.157949345	0	100	0	0	3
284	58098	0	1.67127522	11.5989893	11.5961979	11.5685147	11.6278149	0.00763030604	0.157949345	0	100	0	0	3
285	58101	0	1.67716	11.5946586	11.5963468	11.5685147	11.6278149	0.00777922909	0.157949345	0	100	0	0	3
286	58104	0	1.68304477	11.5939801	11.5961742	11.5685147	11.6278149	0.00777922909	0.157949345	0	100	0	0	3
287	58107	0	1.68892954	11.5809757	11.5958126	11.5685147	11.6278149	0.00777922909	0.157949345	0	100	0	0	3
288	58110	0	1.69481431	11.5838386	11.5954358	11.5685147	11.6278149	0.00777922909	0.157949345	0	100	0	0	3
289	58113	0	1.70069908	11.5810955	11.5951386	11.5685147	11.6278149	0.00777922909	0.157949345	0	100	0	0	3
290	58116	0	1.70658385	11.5921628	11.5950033	11.5685147	11.6278149	0.00777922909	0.157949345	0	100	0	0	3
291	58118	0	1.71246863	11.5974668	11.595299	11.5685147	11.6278149	0.00777922909	0.157949345	0	100	0	0	3
292	58121	0	1.7183534	11.6143416	11.5955614	11.5685147	11.6278149	0.00777922909	0.157949345	0	100	0	0	3
293	58123	0	1.72423817	11.6099643	11.5958194	11.5685147	11.6278149	0.00777922909	0.157949345	0	100	0	0	3
294	58126	0	1.73012294	11.6050179	11.59596	11.5685147	11.6278149	0.00777922909	0.157949345	0	100	0	0	3
295	58129	0	1.73600771	11.5985996	11.5961057	11.5685147	11.6278149	0.00777922909	0.157949345	0	100	0	0	3
296	58132	0	1.74189249	11.6002591	11.5963567	11.5685147	11.6278149	0.00778916097	0.157949345	0	100	0	0	3
297	58134	0	1.74777726	11.5927126	11.5963759	11.5685147	11.6278149	0.00780832217	0.157949345	0	100	0	0	3
298	58137	0	1.75366203	11.5842662	11.5963906	11.5685147	11.6278149	0.00782300074	0.157949345	0	100	0	0	3
299	58140	0	1.7595468	11.5954031	11.5963079	11.5685147	11.6278149	0.00782300074	0.157949345	0	100	0	0	3
300	58142	0	1.76543157	11.5735153	11.5960726	11.5685147	11.6278149	0.00782300074	0.157949345	0	100	0	0	3
301	58149	0	1.77131635	11.6138423	11.5962131	11.5685147	11.6278149	0.00782300074	0.157949345	0	100	0	0	3
302	58151	0	1.77720112	11.5793159	11.5959246	11.5685147	11.6278149	0.00782300074	0.157949345	0	100	0	0	3
303	58154	0	1.78308589	11.6060327	11.5959018	11.5685147	11.6278149	0.00782300074	0.157949345	0	100	0	0	3
304	58157	0	1.78897066	11.5777714	11.5959393	11.5685147	11.6278149	0.00782300074	0.157949345	0	100	0	0	3
305	58159	0	1.79485543	11.599049	11.5959606	11.5685147	11.6278149	0.00782300074	0.157949345	0	100	0	0	3
306	58162	0	1.80074021	11.5795926	11.5957903	11.5685147	11.6278149	0.00782300074	0.157949345	0	100	0	0	3
307	58164	0	1.80662498	11.5969442	11.5958907	11.5685147	11.6278149	0.00782300074	0.157949345	0	100	0	0	3
308	58167	0	1.81250975	11.5938262	11.595945	11.5685147	11.6278149	0.00782300074	0.157949345	0	100	0	0	3
309	58169	0	1.81839452	11.6088638	11.5961182	11.5685147	11.6278149	0.00782300074	0.157949345	0	100	0	0	3
310	58172	0	1.82427929	11.596364	11.5962631	11.5685147	11.6278149	0.00782300074	0.157949345	0	100	0	0	3
311	58174	0	1.83016406	11.6136243	11.5966064	11.5685147	11.6278149	0.00803885929	0.157949345	0	100	0	0	3
312	58177	0	1.83604884	11.6069814	11.5968562	11.5685147	11.6278149	0.00828864643	0.157949345	0	100	0	0	3
313	58179	0	1.84193361	11.6112798	11.597142	11.5685147	11.6278149	0.00857445106	0.157949345	0	100	0	0	3
314	58182	0	1.84781838	11.6019568	11.5972986	11.5685147	11.6278149	0.00873100371	0.157949345	0	100	0	0	3
315	58184	0	1.85370315	11.6093527	11.5974955	11.5685147	11.6278149	0.00880015856	0.157949345	0	100	0	0	3
316	58187	0	1.85958792	11.6175721	11.5975587	11.5685147	11.6278149	0.00878893842	0.157949345	0	100	0	0	3
317	58189	0	1.8654727	11.6110303	11.597574	11.5685147	11.6278149	0.00876357321	0.157949345	0	100	0	0	3
318	58192	0	1.87135747	11.6183934	11.5976809	11.5685147	11.6278149	0.00885802854	0.157949345	0	100	0	0	3
319	58195	0	1.87724224	11.6085178	11.597684	11.5685147	11.6278149	0.00883272489	0.157949345	0	100	0	0	3
320	58198	0	1.88312701	11.6232097	11.5978256	11.5685147	11.6278149	0.00846208189	0.157949345	0	100	0	0	3
321	58200	0	1.88901178	11.5865309	11.5976909	11.5685147	11.6278149	0.00778547545	0.157949345	0	100	0	0	3
322	58203	0	1.89489656	11.6019182	11.5975686	11.5685147	11.6278149	0.00741749345	0.157949345	0	100	0	0	3
323	58206	0	1.90078133	11.5902692	11.5976255	11.5685147	11.6278149	0.00683577759	0.157949345	0	100	0	0	3
324	58208	0	1.9066661	11.5961162	11.5975454	11.5685147	11.6278149	0.00630075364	0.157949345	0	100	0	0	3
325	58211	0	1.91255087	11.5835479	11.5973115	11.5685147	11.6278149	0.00630075364	0.157949345	0	100	0	0	3
326	58214	0	1.91843564	11.5680695	11.5970738	11.5680695	11.6278149	0.00630075364	0.157949345	0	100	0	0	3
327	58216	0	1.92432042	11.5725628	11.596957	11.5680695	11.6278149	0.00629687617	0.157949345	0	100	0	0	3
328	58219	0	1.93020519	11.5609418	11.5965805	11.5609418	11.6278149	0.00629687617	0.157949345	0	100	0	0	3
329	58221	0	1.93608996	11.5644223	11.5964087	11.5609418	11.6278149	0.00616708368	0.157949345	0	100	0	0	3
330	58224	0	1.94197473	11.5786375	11.5962179	11.5609418	11.6278149	0.00597973417	0.157949345	0	100	0	0	3
331	58226	0	1.9478595	11.5716013	11.5959353	11.5609418	11.6278149	0.00561997491	0.157949345	0	100	0	0	3
332	58229	0	1.95374427	11.6009848	11.5958405	11.5609418	11.6278149	0.00529489101	0.157949345	0	100	0	0	3
333	58231	0	1.95962905	11.5692161	11.5954207	11.5609418	11.6278149	0.0046975609	0.157949345	0	100	0	0	3
334	58233	0	1.96551382	11.5862106	11.5949368	11.5609418	11.6278149	0.00442728771	0.157949345	0	100	0	0	3
335	58236	0	1.97139859	11.5749094	11.5943144	11.5609418	11.6232097	0.00442728771	0.157949345	0	100	0	0	3
336	58238	0	1.97728336	11.5842976	11.5940147	11.5609418	11.6232097	0.00442728771	0.157949345	0	100	0	0	3
337	58241	0	1.98316813	11.5599602	11.5935747	11.5599602	11.6232097	0.00442728771	0.157949345	0	100	0	0	3
338	58243	0	1.98905291	11.576102	11.5932175	11.5599602	11.6232097	0.00460804198	0.157949345	0	100	0	0	3
339	58246	0	1.99493768	11.5741048	11.5928663	11.5599602	11.6232097	0.00495928255	0.157949345	0	100	0	0	3
340	58248	0	2.00082245	11.5917487	11.59295	11.5599602	11.6232097	0.00495928255	0.157949345	0	100	0	0	3
341	58251	0	2.00670722	11.5787573	11.5927853	11.5599602	11.6232097	0.0050402722	0.157949345	0	100	0	0	3
342	58253	0	2.01259199	11.596777	11.5928652	11.5599602	11.6232097	0.0050402722	0.157949345	0	100	0	0	3
343	58256	0	2.01847677	11.590841	11.5928891	11.5599602	11.6232097	0.0050402722	0.157949345	0	100	0	0	3
344	58259	0	2.02436154	11.5973441	11.5930988	11.5599602	11.6232097	0.0050402722	0.157949345	0	100	0	0	3
345	58262	0	2.03024631	11.5799199	11.5929403	11.5599602	11.6232097	0.0050402722	0.157949345	0	100	0	0	3
346	58264	0	2.03613108	11.5978231	11.5931449	11.5599602	11.6232097	0.0050402722	0.157949345	0	100	0	0	3
347	58267	0	2.04201585	11.6001641	11.5932264	11.5599602	11.6232097	0.0050402722	0.157949345	0	100	0	0	3
348	58270	0	2.04790063	11.6032754	11.5934333	11.5599602	11.6232097	0.0050402722	0.157949345	0	100	0	0	3
349	58273	0	2.0537854	11.5992246	11.5934663	11.5599602	11.6232097	0.0050402722	0.157949345	0	100	0	0	3
350	58275	0	2.05967017	11.6145087	11.5940074	11.5599602	11.6232097	0.0050402722	0.157949345	0	100	0	0	3
351	58278	0	2.06555494	11.6167925	11.5942758	11.5599602	11.6232097	0.0050402722	0.157949345	0	100	0	0	3
352	58280	0	2.07143971	11.6226341	11.5948574	11.5599602	11.6232097	0.0050402722	0.157949345	0	100	0	0	3
353	58283	0	2.07732449	11.6173238	11.5951822	11.5599602	11.6232097	0.0050402722	0.157949345	0	100	0	0	3
354	58285	0	2.08320926	11.6093985	11.5954661	11.5599602	11.6232097	0.0050402722	0.157949345	0	100	0	0	3
355	58288	0	2.08909403	11.6043888	11.5956263	11.5599602	11.6232097	0.0050402722	0.157949345	0	100	0	0	3
356	58290	0	2.0949788	11.6095745	11.5958931	11.5599602	11.6232097	0.0050402722	0.157949345	0	100	0	0	3
357	58293	0	2.10086357	11.6023827	11.5958318	11.5599602	11.6232097	0.0050402722	0.157949345	0	100	0	0	3
358	58295	0	2.10674834	11.6134483	11.5959674	11.5599602	11.6232097	0.0050402722	0.157949345	0	100	0	0	3
359	58298	0	2.11263312	11.6076249	11.5958771	11.5599602	11.6232097	0.0050402722	0.157949345	0	100	0	0	3
360	58300	0	2.11851789	11.6055633	11.5958857	11.5599602	11.6232097	0.0050402722	0.157949345	0	100	0	0	3
361	58303	0	2.12440266	11.5965096	11.595703	11.5599602	11.6232097	0.0050402722	0.157949345	0	100	0	0	3
362	58306	0	2.13028743	11.5984847	11.5956662	11.5599602	11.6232097	0.0050402722	0.157949345	0	100	0	0	3
363	58308	0	2.1361722	11.6097837	11.5956125	11.5599602	11.6232097	0.0050402722	0.157949345	0	100	0	0	3
364	58311	0	2.14205698	11.5917385	11.595737	11.5599602	11.6232097	0.0050402722	0.157949345	0	100	0	0	3
365	58314	0	2.14794175	11.5923141	11.5954197	11.5599602	11.6232097	0.0050402722	0.157949345	0	100	0	0	3
366	58316	0	2.15382652	11.5797184	11.595478	11.5599602	11.6232097	0.0050402722	0.157949345	0	100	0	0	3
367	58319	0	2.15971129	11.5741025	11.5950042	11.5599602	11.6232097	0.0050402722	0.157949345	0	100	0	0	3
368	58321	0	2.16559606	11.5662476	11.5945834	11.5599602	11.6232097	0.0050402722	0.157949345	0	100	0	0	3
369	58324	0	2.17148084	11.5848055	11.5944165	11.5599602	11.6232097	0.0050402722	0.157949345	0	100	0	0	3
370	58327	0	2.17736561	11.5803368	11.594248	11.5599602	11.6232097	0.0050402722	0.157949345	0	100	0	0	3
371	58329	0	2.18325038	11.593436	11.5942416	11.5599602	11.6232097	0.0050402722	0.157949345	0	100	0	0	3
372	58332	0	2.18913515	11.5681678	11.5940909	11.5599602	11.6232097	0.0050402722	0.157949345	0	100	0	0	3
373	58335	0	2.19501992	11.6000715	11.5942819	11.5599602	11.6232097	0.0050402722	0.157949345	0	100	0	0	3
374	58337	0	2.2009047	11.5786184	11.5942527	11.5599602	11.6232097	0.0050402722	0.157949345	0	100	0	0	3
375	58340	0	2.20678947	11.5789474	11.5940973	11.5599602	11.6232097	0.0050402722	0.157949345	0	100	0	0	3
376	58342	0	2.21267424	11.5862795	11.5939657	11.5599602	11.6232097	0.0050402722	0.157949345	0	100	0	0	3
377	58344	0	2.21855901	11.591897	11.5937016	11.5599602	11.6232097	0.0050402722	0.157949345	0	100	0	0	3
378	58347	0	2.22444378	11.5914018	11.5934832	11.5599602	11.6232097	0.0050402722	0.157949345	0	100	0	0	3
379	58349	0	2.23032855	11.6095663	11.5935367	11.5599602	11.6232097	0.0050402722	0.157949345	0	100	0	0	3
380	58352	0	2.23621333	11.6116822	11.5936906	11.5599602	11.6232097	0.0050402722	0.157949345	0	100	0	0	3
381	58354	0	2.2420981	11.6124867	11.5938345	11.5599602	11.6232097	0.0050402722	0.157949345	0	100	0	0	3
382	58357	0	2.24798287	11.6041929	11.5939696	11.5599602	11.6232097	0.0050402722	0.157949345	0	100	0	0	3
383	58359	0	2.25386764	11.5970127	11.5941195	11.5599602	11.6232097	0.0050402722	0.157949345	0	100	0	0	3
384	58362	0	2.25975241	11.6129316	11.5943257	11.5599602	11.6232097	0.0050402722	0.157949345	0	100	0	0	3
385	58365	0	2.26563719	11.5858674	11.5944711	11.5599602	11.6232097	0.0050402722	0.157949345	0	100	0	0	3
386	58368	0	2.27152196	11.614643	11.5944805	11.5599602	11.6232097	0.0050402722	0.157949345	0	100	0	0	3
387	58371	0	2.27740673	11.6020382	11.5947478	11.5599602	11.6232097	0.0050402722	0.157949345	0	100	0	0	3
388	58373	0	2.2832915	11.5973559	11.5946457	11.5599602	11.6232097	0.0050402722	0.157949345	0	100	0	0	3
389	58376	0	2.28917627	11.6223928	11.5951707	11.5599602	11.6232097	0.0050402722	0.157949345	0	100	0	0	3
390	58379	0	2.29506105	11.6165734	11.5953768	11.5599602	11.6232097	0.0050402722	0.157949345	0	100	0	0	3
391	58381	0	2.30094582	11.5897087	11.5954959	11.5599602	11.6232097	0.0050402722	0.157949345	0	100	0	0	3
392	58384	0	2.30683059	11.5998259	11.5955298	11.5599602	11.6232097	0.0050402722	0.157949345	0	100	0	0	3
393	58387	0	2.31271536	11.5950973	11.5955447	11.5599602	11.6232097	0.0050402722	0.157949345	0	100	0	0	3
394	58390	0	2.31860013	11.5912624	11.5953376	11.5599602	11.6232097	0.0050402722	0.157949345	0	100	0	0	3
395	58392	0	2.32448491	11.5810471	11.5951574	11.5599602	11.6232097	0.0050402722	0.157949345	0	100	0	0	3
396	58395	0	2.33036968	11.5738625	11.5946896	11.5599602	11.6232097	0.0050402722	0.157949345	0	100	0	0	3
397	58397	0	2.33625445	11.5824666	11.5944012	11.5599602	11.6232097	0.0050402722	0.157949345	0	100	0	0	3
398	58400	0	2.34213922	11.5980758	11.5942459	11.5599602	11.6232097	0.0050402722	0.157949345	0	100	0	0	3
399	58402	0	2.34802399	11.5873013	11.5940735	11.5599602	11.6232097	0.0050402722	0.157949345	0	100	0	0	3
400	58405	0	2.35390876	11.6002865	11.5939668	11.5599602	11.6232097	0.0050402722	0.157949345	0	100	0	0	3
401	58412	0	2.35979354	11.6083751	11.5938586	11.5599602	11.6232097	0.0050402722	0.157949345	0	100	0	0	3
402	58415	0	2.36567831	11.6072657	11.5938143	11.5599602	11.6232097	0.0050402722	0.157949345	0	100	0	0	3
403	58418	0	2.37156308	11.613453	11.5937562	11.5599602	11.6232097	0.0050402722	0.157949345	0	100	0	0	3
404	58420	0	2.37744785	11.5772256	11.5933881	11.5599602	11.6232097	0.0050402722	0.157949345	0	100	0	0	3
405	58423	0	2.38333262	11.5924764	11.5930265	11.5599602	11.6226341	0.00490565303	0.157949345	0	100	0	0	3
406	58426	0	2.3892174	11.5799539	11.5929491	11.5599602	11.6226341	0.00484018558	0.157949345	0	100	0	0	3
407	58428	0	2.39510217	11.574155	11.5926225	11.5599602	11.6226341	0.00500298365	0.157949345	0	100	0	0	3
408	58431	0	2.40098694	11.5865528	11.5925788	11.5599602	11.6226341	0.00496659041	0.157949345	0	100	0	0	3
409	58433	0	2.40687171	11.5893637	11.5924993	11.5599602	11.6226341	0.00481216015	0.157949345	0	100	0	0	3
410	58436	0	2.41275648	11.5896685	11.5925713	11.5599602	11.6226341	0.00457442939	0.157949345	0	100	0	0	3
411	58438	0	2.41864126	11.5965384	11.5929063	11.5599602	11.6226341	0.00445762227	0.157949345	0	100	0	0	3
412	58441	0	2.42452603	11.5992761	11.5932205	11.5599602	11.6226341	0.0040811619	0.157949345	0	100	0	0	3
413	58443	0	2.4304108	11.5968123	11.5936425	11.5599602	11.6226341	0.00390933027	0.157949345	0	100	0	0	3
414	58446	0	2.43629557	11.60651	11.5941377	11.5599602	11.6226341	0.00371858749	0.157949345	0	100	0	0	3
415	58448	0	2.44218034	11.6035021	11.5944302	11.5599602	11.6226341	0.00346802701	0.157949345	0	100	0	0	3
416	58450	0	2.44806512	11.5967315	11.5947259	11.5599602	11.6226341	0.00346802701	0.157949345	0	100	0	0	3
417	58453	0	2.45394989	11.5859285	11.5945487	11.5599602	11.6226341	0.00346802701	0.157949345	0	100	0	0	3
418	58455	0	2.45983466	11.5814576	11.5946928	11.5599602	11.6226341	0.00346802701	0.157949345	0	100	0	0	3
419	58457	0	2.46571943	11.5771742	11.5945864	11.5599602	11.6226341	0.00346802701	0.157949345	0	100	0	0	3
420	58460	0	2.4716042	11.5789315	11.5946338	11.5599602	11.6226341	0.00346802701	0.157949345	0	100	0	0	3
421	58463	0	2.47748898	11.5876837	11.5946736	11.5599602	11.6226341	0.00346802701	0.157949345	0	100	0	0	3
422	58465	0	2.48337375	11.5779751	11.5948855	11.5662476	11.6226341	0.00346802701	0.157949345	0	100	0	0	3
423	58467	0	2.48925852	11.5780448	11.5949084	11.5662476	11.6226341	0.00346802701	0.157949345	0	100	0	0	3
424	58470	0	2.49514329	11.5846249	11.5950322	11.5662476	11.6226341	0.00346802701	0.157949345	0	100	0	0	3
425	58473	0	2.50102806	11.5822747	11.5949207	11.5662476	11.6226341	0.00346802701	0.157949345	0	100	0	0	3
426	58475	0	2.50691283	11.5736634	11.5948608	11.5662476	11.6226341	0.00346802701	0.157949345	0	100	0	0	3
427	58478	0	2.51279761	11.5823431	11.594691	11.5662476	11.6226341	0.00346802701	0.157949345	0	100	0	0	3
428	58480	0	2.51868238	11.5831919	11.594601	11.5662476	11.6226341	0.00346802701	0.157949345	0	100	0	0	3
429	58483	0	2.52456715	11.5813166	11.5944124	11.5662476	11.6226341	0.00346802701	0.157949345	0	100	0	0	3
430	58485	0	2.53045192	11.5845409	11.5944668	11.5662476	11.6226341	0.00346802701	0.157949345	0	100	0	0	3
431	58488	0	2.53633669	11.5945645	11.5944284	11.5662476	11.6226341	0.00346802701	0.157949345	0	100	0	0	3
432	58490	0	2.54222147	11.5852697	11.5942532	11.5662476	11.6226341	0.00346802701	0.157949345	0	100	0	0	3
433	58493	0	2.54810624	11.5804899	11.5939851	11.5662476	11.6226341	0.00346802701	0.157949345	0	100	0	0	3
434	58495	0	2.55399101	11.5805365	11.5937653	11.5662476	11.6226341	0.00346802701	0.157949345	0	100	0	0	3
435	58498	0	2.55987578	11.543669	11.5929319	11.543669	11.6226341	0.00346802701	0.157949345	0	100	0	0	3
436	58500	0	2.56576055	11.5599224	11.5922628	11.543669	11.6226341	0.0037045361	0.157949345	0	100	0	0	3
437	58503	0	2.57164533	11.5744246	11.5916956	11.543669	11.6223928	0.00427170671	0.157949345	0	100	0	0	3
438	58505	0	2.5775301	11.576296	11.591213	11.543669	11.6223928	0.00475438662	0.157949345	0	100	0	0	3
439	58508	0	2.58341487	11.5911731	11.5909986	11.543669	11.6223928	0.00496880321	0.157949345	0	100	0	0	3
440	58510	0	2.58929964	11.5833226	11.5907507	11.543669	11.6223928	0.00521664063	0.157949345	0	100	0	0	3
441	58513	0	2.59518441	11.6116113	11.5907747	11.543669	11.6223928	0.00521664063	0.157949345	0	100	0	0	3
442	58516	0	2.60106919	11.5882042	11.5906079	11.543669	11.6223928	0.00535948278	0.157949345	0	100	0	0	3
443	58518	0	2.60695396	11.6169844	11.5906495	11.543669	11.6223928	0.00527781922	0.157949345	0	100	0	0	3
444	58521	0	2.61283873	11.6160952	11.5907491	11.543669	11.6223928	0.00527781922	0.157949345	0	100	0	0	3
445	58523	0	2.6187235	11.6104034	11.5908061	11.543669	11.6223928	0.00512907934	0.157949345	0	100	0	0	3
446	58526	0	2.62460827	11.6092463	11.5909559	11.543669	11.6223928	0.00512907934	0.157949345	0	100	0	0	3
447	58529	0	2.63049304	11.5907969	11.5908655	11.543669	11.6223928	0.00512907934	0.157949345	0	100	0	0	3
448	58531	0	2.63637782	11.5839383	11.5905614	11.543669	11.6223928	0.00517555152	0.157949345	0	100	0	0	3
449	58534	0	2.64226259	11.6015397	11.5906767	11.543669	11.6223928	0.00498331023	0.157949345	0	100	0	0	3
450	58536	0	2.64814736	11.5910938	11.5906624	11.543669	11.6223928	0.00498331023	0.157949345	0	100	0	0	3
451	58539	0	2.65403213	11.5962222	11.5908565	11.543669	11.6223928	0.00498331023	0.157949345	0	100	0	0	3
452	58542	0	2.6599169	11.6159394	11.5913487	11.543669	11.6223928	0.00498331023	0.157949345	0	100	0	0	3
453	58544	0	2.66580168	11.5923622	11.5916559	11.543669	11.6223928	0.00498331023	0.157949345	0	100	0	0	3
454	58547	0	2.67168645	11.6093615	11.5919448	11.543669	11.6223928	0.00498331023	0.157949345	0	100	0	0	3
455	58549	0	2.67757122	11.5822434	11.5919673	11.543669	11.6223928	0.00498331023	0.157949345	0	100	0	0	3
456	58552	0	2.68345599	11.6051601	11.5921052	11.543669	11.6223928	0.00498331023	0.157949345	0	100	0	0	3
457	58554	0	2.68934076	11.5840109	11.5922916	11.543669	11.6223928	0.00498331023	0.157949345	0	100	0	0	3
458	58557	0	2.69522554	11.6110823	11.5924211	11.543669	11.6223928	0.00498331023	0.157949345	0	100	0	0	3
459	58559	0	2.70111031	11.5831845	11.5924748	11.543669	11.6223928	0.00498331023	0.157949345	0	100	0	0	3
460	58562	0	2.70699508	11.5813851	11.5925035	11.543669	11.6223928	0.00498331023	0.157949345	0	100	0	0	3
461	58564	0	2.71287985	11.5712039	11.5923262	11.543669	11.6223928	0.00498331023	0.157949345	0	100	0	0	3
462	58566	0	2.71876462	11.5773916	11.5921555	11.543669	11.6223928	0.00498331023	0.157949345	0	100	0	0	3
463	58569	0	2.7246494	11.5770507	11.5919867	11.543669	11.6223928	0.00498331023	0.157949345	0	100	0	0	3
464	58571	0	2.73053417	11.5863565	11.5917136	11.543669	11.6223928	0.00498331023	0.157949345	0	100	0	0	3
465	58574	0	2.73641894	11.5858676	11.5914099	11.543669	11.6223928	0.00498331023	0.157949345	0	100	0	0	3
466	58576	0	2.74230371	11.6140767	11.5914286	11.543669	11.6223928	0.00498331023	0.157949345	0	100	0	0	3
467	58579	0	2.74818848	11.5938285	11.5913067	11.543669	11.6223928	0.00498331023	0.157949345	0	100	0	0	3
468	58581	0	2.75407326	11.6103538	11.5914636	11.543669	11.6223928	0.00498331023	0.157949345	0	100	0	0	3
469	58584	0	2.75995803	11.6077827	11.5914031	11.543669	11.6223928	0.00498331023	0.157949345	0	100	0	0	3
470	58587	0	2.7658428	11.603864	11.5916148	11.543669	11.6223928	0.00498331023	0.157949345	0	100	0	0	3
471	58589	0	2.77172757	11.5878025	11.591299	11.543669	11.6223928	0.00498331023	0.157949345	0	100	0	0	3
472	58592	0	2.77761234	11.5800014	11.5910398	11.543669	11.6223928	0.00498331023	0.157949345	0	100	0	0	3
473	58594	0	2.78349711	11.5903511	11.5909574	11.543669	11.6223928	0.00498331023	0.157949345	0	100	0	0	3
474	58596	0	2.78938189	11.5762795	11.5904148	11.543669	11.6169844	0.00512986048	0.157949345	0	100	0	0	3
475	58599	0	2.79526666	11.5824017	11.5900128	11.543669	11.6169844	0.00553188028	0.157949345	0	100	0	0	3
476	58601	0	2.80115143	11.580446	11.5899039	11.543669	11.6169844	0.00564085332	0.157949345	0	100	0	0	3
477	58603	0	2.8070362	11.5968114	11.5898684	11.543669	11.6169844	0.00567631832	0.157949345	0	100	0	0	3
478	58606	0	2.81292097	11.6035705	11.5899681	11.543669	11.6169844	0.00546924239	0.157949345	0	100	0	0	3
479	58608	0	2.81880575	11.5945647	11.5900069	11.543669	11.6169844	0.00528904394	0.157949345	0	100	0	0	3
480	58611	0	2.82469052	11.5789276	11.589982	11.543669	11.6169844	0.00516376792	0.157949345	0	100	0	0	3
481	58613	0	2.83057529	11.5680171	11.5899132	11.543669	11.6169844	0.00516376792	0.157949345	0	100	0	0	3
482	58616	0	2.83646006	11.5693948	11.5897594	11.543669	11.6169844	0.00527272212	0.157949345	0	100	0	0	3
483	58618	0	2.84234483	11.5659893	11.589382	11.543669	11.6169844	0.00565020973	0.157949345	0	100	0	0	3
484	58620	0	2.84822961	11.5692883	11.58917	11.543669	11.6169844	0.00586212806	0.157949345	0	100	0	0	3
485	58623	0	2.85411438	11.5667509	11.5887755	11.543669	11.6169844	0.00625666374	0.157949345	0	100	0	0	3
486	58625	0	2.85999915	11.587589	11.588531	11.543669	11.6169844	0.00650120575	0.157949345	0	100	0	0	3
487	58628	0	2.86588392	11.5840059	11.5882573	11.543669	11.6169844	0.00677485057	0.157949345	0	100	0	0	3
488	58631	0	2.87176869	11.5930889	11.5880177	11.543669	11.6169844	0.00701442755	0.157949345	0	100	0	0	3
489	58633	0	2.87765347	11.5939203	11.5882141	11.543669	11.6169844	0.00701442755	0.157949345	0	100	0	0	3
490	58636	0	2.88353824	11.5947536	11.5882409	11.543669	11.6169844	0.00701442755	0.157949345	0	100	0	0	3
491	58638	0	2.88942301	11.5958751	11.5884282	11.543669	11.6169844	0.00701442755	0.157949345	0	100	0	0	3
492	58641	0	2.89530778	11.5881663	11.5885931	11.543669	11.6169844	0.00701442755	0.157949345	0	100	0	0	3
493	58643	0	2.90119255	11.5998665	11.5887497	11.543669	11.6169844	0.00701442755	0.157949345	0	100	0	0	3
494	58646	0	2.90707732	11.5854995	11.5887043	11.543669	11.6169844	0.00701442755	0.157949345	0	100	0	0	3
495	58649	0	2.9129621	11.587572	11.5886796	11.543669	11.6169844	0.00701442755	0.157949345	0	100	0	0	3
496	58651	0	2.91884687	11.5861346	11.5885572	11.543669	11.6169844	0.00701442755	0.157949345	0	100	0	0	3
497	58654	0	2.92473164	11.5949272	11.588506	11.543669	11.6169844	0.00701442755	0.157949345	0	100	0	0	3
498	58656	0	2.93061641	11.5875762	11.5883974	11.543669	11.6169844	0.00701442755	0.157949345	0	100	0	0	3
499	58659	0	2.93650118	11.5999823	11.5883206	11.543669	11.6169844	0.00701442755	0.157949345	0	100	0	0	3
500	58661	0	2.94238596	11.5919558	11.5881847	11.543669	11.6169844	0.00701442755	0.157949345	0	100	0	0	3
501	58668	0	2.94827073	11.581156	11.5880015	11.543669	11.6169844	0.00703067066	0.157949345	0	100	0	0	3
502	58671	0	2.9541555	11.5775383	11.5879028	11.543669	11.6169844	0.00712937926	0.157949345	0	100	0	0	3
503	58673	0	2.96004027	11.5775541	11.5878569	11.543669	11.6169844	0.00717530233	0.157949345	0	100	0	0	3
504	58676	0	2.96592504	11.5818342	11.5879117	11.543669	11.6169844	0.00717530233	0.157949345	0	100	0	0	3
505	58678	0	2.97180982	11.5841046	11.5879725	11.543669	11.6169844	0.00717530233	0.157949345	0	100	0	0	3
506	58680	0	2.97769459	11.5641364	11.5876955	11.543669	11.6169844	0.00733664617	0.157949345	0	100	0	0	3
507	58683	0	2.98357936	11.567289	11.5875698	11.543669	11.6169844	0.00746236516	0.157949345	0	100	0	0	3
508	58685	0	2.98946413	11.5655462	11.5874228	11.543669	11.6169844	0.00760940688	0.157949345	0	100	0	0	3
509	58688	0	2.9953489	11.5608063	11.5871425	11.543669	11.6169844	0.00777816657	0.157949345	0	100	0	0	3
510	58690	0	3.00123368	11.5600789	11.5868814	11.543669	11.6169844	0.0079793652	0.157949345	0	100	0	0	3
511	58693	0	3.00711845	11.584439	11.5870082	11.543669	11.6169844	0.00780955442	0.157949345	0	100	0	0	3
512	58695	0	3.01300322	11.5747288	11.5869186	11.543669	11.6169844	0.00771956596	0.157949345	0	100	0	0	3
513	58698	0	3.01888799	11.5888696	11.5869854	11.543669	11.6169844	0.0075853711	0.157949345	0	100	0	0	3
514	58700	0	3.02477276	11.5773152	11.5869383	11.543669	11.6169844	0.0075853711	0.157949345	0	100	0	0	3
515	58703	0	3.03065753	11.5927019	11.5870343	11.543669	11.6169844	0.00754703473	0.157949345	0	100	0	0	3
516	58705	0	3.03654231	11.5806	11.58687	11.543669	11.6169844	0.00738316877	0.157949345	0	100	0	0	3
517	58708	0	3.04242708	11.608741	11.5871462	11.543669	11.6169844	0.00711510399	0.157949345	0	100	0	0	3
518	58711	0	3.04831185	11.5930264	11.5872937	11.543669	11.6169844	0.00689524388	0.157949345	0	100	0	0	3
519	58713	0	3.05419662	11.604424	11.5875747	11.543669	11.6169844	0.00606183478	0.157949345	0	100	0	0	3
520	58716	0	3.06008139	11.6148703	11.5884124	11.5599224	11.6169844	0.00563347988	0.157949345	0	100	0	0	3
521	58718	0	3.06596617	11.5907899	11.5887755	11.5600789	11.6169844	0.00563347988	0.157949345	0	100	0	0	3
522	58721	0	3.07185094	11.6100037	11.5891941	11.5600789	11.6169844	0.00563347988	0.157949345	0	100	0	0	3
523	58723	0	3.07773571	11.5885091	11.5893378	11.5600789	11.6169844	0.00563347988	0.157949345	0	100	0	0	3
524	58726	0	3.08362048	11.6115786	11.5895778	11.5600789	11.6169844	0.00563347988	0.157949345	0	100	0	0	3
525	58729	0	3.08950525	11.5883489	11.589637	11.5600789	11.6169844	0.00563347988	0.157949345	0	100	0	0	3
526	58731	0	3.09539003	11.6086481	11.5896021	11.5600789	11.6169844	0.00563347988	0.157949345	0	100	0	0	3
527	58734	0	3.1012748	11.5841329	11.5895542	11.5600789	11.6169844	0.00563347988	0.157949345	0	100	0	0	3
528	58736	0	3.10715957	11.5765472	11.5890785	11.5600789	11.6160952	0.00563347988	0.157949345	0	100	0	0	3
529	58739	0	3.11304434	11.5747835	11.5885925	11.5600789	11.6159394	0.00563347988	0.157949345	0	100	0	0	3
530	58742	0	3.11892911	11.5977675	11.5884438	11.5600789	11.6159394	0.00563347988	0.157949345	0	100	0	0	3
531	58744	0	3.12481389	11.6001206	11.5883364	11.5600789	11.6159394	0.00563347988	0.157949345	0	100	0	0	3
532	58747	0	3.13069866	11.6059767	11.588515	11.5600789	11.6159394	0.00563347988	0.157949345	0	100	0	0	3
533	58750	0	3.13658343	11.6041614	11.5887529	11.5600789	11.6159394	0.00563347988	0.157949345	0	100	0	0	3
534	58752	0	3.1424682	11.6024695	11.5887639	11.5600789	11.6159394	0.00563347988	0.157949345	0	100	0	0	3
535	58755	0	3.14835297	11.5968221	11.5888313	11.5600789	11.6159394	0.00563347988	0.157949345	0	100	0	0	3
536	58757	0	3.15423775	11.6086214	11.5889771	11.5600789	11.6159394	0.00563347988	0.157949345	0	100	0	0	3
537	58760	0	3.16012252	11.5890992	11.5886614	11.5600789	11.6148703	0.00563347988	0.157949345	0	100	0	0	3
538	58762	0	3.16600729	11.5828439	11.5885494	11.5600789	11.6148703	0.00563347988	0.157949345	0	100	0	0	3
539	58765	0	3.17189206	11.5859065	11.5882735	11.5600789	11.6148703	0.00563347988	0.157949345	0	100	0	0	3
540	58768	0	3.17777683	11.5956534	11.5884312	11.5600789	11.6148703	0.00563347988	0.157949345	0	100	0	0	3
541	58770	0	3.1836616	11.6051794	11.5884314	11.5600789	11.6148703	0.00563347988	0.157949345	0	100	0	0	3
542	58772	0	3.18954638	11.605586	11.5886853	11.5600789	11.6148703	0.00563347988	0.157949345	0	100	0	0	3
543	58775	0	3.19543115	11.6018718	11.5885769	11.5600789	11.6148703	0.00563347988	0.157949345	0	100	0	0	3
544	58777	0	3.20131592	11.5829339	11.588574	11.5600789	11.6148703	0.00563347988	0.157949345	0	100	0	0	3
545	58780	0	3.20720069	11.6041699	11.588842	11.5600789	11.6148703	0.00545611975	0.157949345	0	100	0	0	3
546	58782	0	3.21308546	11.5740342	11.5888753	11.5600789	11.6148703	0.00528546871	0.157949345	0	100	0	0	3
547	58785	0	3.21897024	11.5766369	11.5888664	11.5600789	11.6148703	0.00511663257	0.157949345	0	100	0	0	3
548	58788	0	3.22485501	11.5771408	11.5888675	11.5600789	11.6148703	0.00484357621	0.157949345	0	100	0	0	3
549	58790	0	3.23073978	11.5824496	11.5888215	11.5600789	11.6148703	0.00474475039	0.157949345	0	100	0	0	3
550	58792	0	3.23662455	11.5738469	11.5886801	11.5600789	11.6148703	0.00474475039	0.157949345	0	100	0	0	3
551	58795	0	3.24250932	11.5821981	11.5883051	11.5600789	11.6148703	0.00474475039	0.157949345	0	100	0	0	3
552	58797	0	3.2483941	11.5778006	11.5881165	11.5600789	11.6148703	0.00474475039	0.157949345	0	100	0	0	3
553	58800	0	3.25427887	11.5923206	11.5879044	11.5600789	11.6148703	0.00474475039	0.157949345	0	100	0	0	3
554	58802	0	3.26016364	11.5993361	11.587805	11.5600789	11.6148703	0.00474475039	0.157949345	0	100	0	0	3
555	58805	0	3.26604841	11.5956941	11.5877089	11.5600789	11.6148703	0.00442897998	0.157949345	0	100	0	0	3
556	58807	0	3.27193318	11.6017444	11.5878729	11.5600789	11.6148703	0.00416972376	0.157949345	0	100	0	0	3
557	58810	0	3.27781796	11.5880056	11.5879671	11.5600789	11.6148703	0.00408731409	0.157949345	0	100	0	0	3
558	58812	0	3.28370273	11.5912485	11.5879776	11.5600789	11.6148703	0.00354480474	0.157949345	0	100	0	0	3
559	58815	0	3.2895875	11.5759081	11.5879732	11.5600789	11.6148703	0.00314278494	0.157949345	0	100	0	0	3
560	58817	0	3.29547227	11.5808165	11.5879546	11.5600789	11.6148703	0.00313688288	0.157949345	0	100	0	0	3
561	58820	0	3.30135704	11.5869637	11.5880313	11.5600789	11.6148703	0.00313688288	0.157949345	0	100	0	0	3
562	58822	0	3.30724181	11.583466	11.5878743	11.5600789	11.6148703	0.00313688288	0.157949345	0	100	0	0	3
563	58825	0	3.31312659	11.5859794	11.5876673	11.5600789	11.6148703	0.00313688288	0.157949345	0	100	0	0	3
564	58828	0	3.31901136	11.5852371	11.5875576	11.5600789	11.6148703	0.00311194715	0.157949345	0	100	0	0	3
565	58830	0	3.32489613	11.5870409	11.587653	11.5600789	11.6148703	0.00304317785	0.157949345	0	100	0	0	3
566	58833	0	3.3307809	11.5821672	11.5878195	11.5600789	11.6148703	0.0028893927	0.157949345	0	100	0	0	3
567	58835	0	3.33666567	11.5783791	11.5879252	11.5600789	11.6148703	0.00276691959	0.157949345	0	100	0	0	3
568	58838	0	3.34255045	11.5790204	11.5880785	11.5600789	11.6148703	0.00276691959	0.157949345	0	100	0	0	3
569	58840	0	3.34843522	11.5759158	11.5881565	11.5600789	11.6148703	0.00276691959	0.157949345	0	100	0	0	3
570	58843	0	3.35431999	11.5778051	11.5882865	11.5600789	11.6148703	0.00276691959	0.157949345	0	100	0	0	3
571	58846	0	3.36020476	11.5680357	11.5880565	11.5600789	11.6148703	0.00276691959	0.157949345	0	100	0	0	3
572	58848	0	3.36608953	11.5792075	11.588	11.5600789	11.6148703	0.00276691959	0.157949345	0	100	0	0	3
573	58851	0	3.37197431	11.5681922	11.5877071	11.5600789	11.6148703	0.00276691959	0.157949345	0	100	0	0	3
574	58853	0	3.37785908	11.5767107	11.5875047	11.5600789	11.6148703	0.00276691959	0.157949345	0	100	0	0	3
575	58856	0	3.38374385	11.5789802	11.5873191	11.5600789	11.6148703	0.00276691959	0.157949345	0	100	0	0	3
576	58858	0	3.38962862	11.5861751	11.587205	11.5600789	11.6148703	0.00276691959	0.157949345	0	100	0	0	3
577	58861	0	3.39551339	11.5844597	11.5871614	11.5600789	11.6148703	0.00276691959	0.157949345	0	100	0	0	3
578	58864	0	3.40139817	11.5860024	11.5869983	11.5600789	11.6148703	0.00276691959	0.157949345	0	100	0	0	3
579	58866	0	3.40728294	11.5828277	11.5869668	11.5600789	11.6148703	0.00276691959	0.157949345	0	100	0	0	3
580	58869	0	3.41316771	11.5966949	11.5870742	11.5600789	11.6148703	0.00276691959	0.157949345	0	100	0	0	3
581	58871	0	3.41905248	11.58462	11.5870563	11.5600789	11.6148703	0.00276691959	0.157949345	0	100	0	0	3
582	58874	0	3.42493725	11.5705136	11.5867691	11.5600789	11.6148703	0.00286784494	0.157949345	0	100	0	0	3
583	58877	0	3.43082202	11.6105789	11.5870397	11.5600789	11.6148703	0.00286784494	0.157949345	0	100	0	0	3
584	58879	0	3.4367068	11.6055696	11.5871055	11.5600789	11.6148703	0.00286784494	0.157949345	0	100	0	0	3
585	58881	0	3.44259157	11.6129438	11.5873524	11.5600789	11.6148703	0.00286784494	0.157949345	0	100	0	0	3
586	58884	0	3.44847634	11.5974325	11.5875439	11.5600789	11.6148703	0.00286784494	0.157949345	0	100	0	0	3
587	58886	0	3.45436111	11.6032709	11.5878466	11.5600789	11.6148703	0.00286784494	0.157949345	0	100	0	0	3
588	58889	0	3.46024588	11.6138713	11.5882739	11.5600789	11.6148703	0.00286784494	0.157949345	0	100	0	0	3
589	58891	0	3.46613066	11.5825965	11.5882828	11.5600789	11.6148703	0.00286784494	0.157949345	0	100	0	0	3
590	58893	0	3.47201543	11.5914473	11.5883692	11.5600789	11.6148703	0.00286784494	0.157949345	0	100	0	0	3
591	58896	0	3.4779002	11.5883538	11.5886541	11.5600789	11.6148703	0.00286784494	0.157949345	0	100	0	0	3
592	58898	0	3.48378497	11.5920959	11.588946	11.5600789	11.6148703	0.00286784494	0.157949345	0	100	0	0	3
593	58901	0	3.48966974	11.5747316	11.589054	11.5600789	11.6148703	0.00286784494	0.157949345	0	100	0	0	3
594	58904	0	3.49555452	11.559785	11.589042	11.559785	11.6148703	0.00286784494	0.157949345	0	100	0	0	3
595	58906	0	3.50143929	11.5925459	11.589424	11.559785	11.6148703	0.00286784494	0.157949345	0	100	0	0	3
596	58909	0	3.50732406	11.613676	11.589768	11.559785	11.6148703	0.00299884518	0.157949345	0	100	0	0	3
597	58911	0	3.51320883	11.6056625	11.5901319	11.559785	11.6148703	0.00336277108	0.157949345	0	100	0	0	3
598	58914	0	3.5190936	11.6011106	11.5902759	11.559785	11.6148703	0.00350678219	0.157949345	0	100	0	0	3
599	58916	0	3.52497838	11.5753735	11.5902531	11.559785	11.6148703	0.00350678219	0.157949345	0	100	0	0	3
600	58919	0	3.53086315	11.5938994	11.5902671	11.559785	11.6148703	0.00350678219	0.157949345	0	100	0	0	3
601	58926	0	3.53674792	11.572827	11.5901757	11.559785	11.6148703	0.00350678219	0.157949345	0	100	0	0	3
602	58928	0	3.54263269	11.5769085	11.5898012	11.559785	11.6148703	0.00350678219	0.157949345	0	100	0	0	3
603	58931	0	3.54851746	11.5808031	11.5896574	11.559785	11.6148703	0.00350678219	0.157949345	0	100	0	0	3
604	58933	0	3.55440224	11.55287	11.5890509	11.55287	11.6148703	0.00350678219	0.157949345	0	100	0	0	3
605	58936	0	3.56028701	11.5607136	11.5884137	11.55287	11.6138713	0.00350678219	0.157949345	0	100	0	0	3
606	58938	0	3.56617178	11.5774818	11.5882572	11.55287	11.6138713	0.00350678219	0.157949345	0	100	0	0	3
607	58941	0	3.57205655	11.5545404	11.5876047	11.55287	11.6138713	0.00350678219	0.157949345	0	100	0	0	3
608	58943	0	3.57794132	11.5844739	11.5875572	11.55287	11.6138713	0.00350678219	0.157949345	0	100	0	0	3
609	58946	0	3.58382609	11.5780539	11.5871628	11.55287	11.6138713	0.00350678219	0.157949345	0	100	0	0	3
610	58949	0	3.58971087	11.574917	11.5870048	11.55287	11.6138713	0.00350678219	0.157949345	0	100	0	0	3
611	58951	0	3.59559564	11.5641033	11.5864807	11.55287	11.6138713	0.00379519608	0.157949345	0	100	0	0	3
612	58954	0	3.60148041	11.5682212	11.5862935	11.55287	11.6138713	0.00398239347	0.157949345	0	100	0	0	3
613	58956	0	3.60736518	11.5662619	11.5861725	11.55287	11.6138713	0.00410339654	0.157949345	0	100	0	0	3
614	58959	0	3.61324995	11.5730618	11.5861523	11.55287	11.6138713	0.00412365187	0.157949345	0	100	0	0	3
615	58961	0	3.61913473	11.5776459	11.5859155	11.55287	11.6138713	0.00436037636	0.157949345	0	100	0	0	3
616	58964	0	3.6250195	11.5805856	11.5856857	11.55287	11.6138713	0.00459020004	0.157949345	0	100	0	0	3
617	58966	0	3.63090427	11.5729005	11.5852966	11.55287	11.6138713	0.00497933244	0.157949345	0	100	0	0	3
618	58969	0	3.63678904	11.5776564	11.5849847	11.55287	11.6138713	0.00529115585	0.157949345	0	100	0	0	3
619	58971	0	3.64267381	11.5814143	11.584737	11.55287	11.6138713	0.00553886431	0.157949345	0	100	0	0	3
620	58974	0	3.64855859	11.5688406	11.5844078	11.55287	11.6138713	0.00586805853	0.157949345	0	100	0	0	3
621	58976	0	3.65444336	11.5796842	11.5840674	11.55287	11.6138713	0.0062084956	0.157949345	0	100	0	0	3
622	58979	0	3.66032813	11.5684648	11.5838246	11.55287	11.6138713	0.00645125322	0.157949345	0	100	0	0	3
623	58981	0	3.6662129	11.5702781	11.5836768	11.55287	11.6138713	0.00659908578	0.157949345	0	100	0	0	3
624	58984	0	3.67209767	11.5700212	11.5834899	11.55287	11.6138713	0.00678597152	0.157949345	0	100	0	0	3
625	58986	0	3.67798245	11.567233	11.5831556	11.55287	11.6138713	0.00712032853	0.157949345	0	100	0	0	3
626	58988	0	3.68386722	11.5767034	11.5828206	11.55287	11.6138713	0.00745533945	0.157949345	0	100	0	0	3
627	58991	0	3.68975199	11.5726905	11.5824336	11.55287	11.6138713	0.00784234435	0.157949345	0	100	0	0	3
628	58993	0	3.69563676	11.5842081	11.5822257	11.55287	11.6138713	0.00805015211	0.157949345	0	100	0	0	3
629	58995	0	3.70152153	11.5825476	11.5822212	11.55287	11.6138713	0.00805469672	0.157949345	0	100	0	0	3
630	58998	0	3.7074063	11.5919942	11.582078	11.55287	11.6138713	0.00819794103	0.157949345	0	100	0	0	3
631	59000	0	3.71329108	11.589871	11.5822643	11.55287	11.6138713	0.00819794103	0.157949345	0	100	0	0	3
632	59003	0	3.71917585	11.5929088	11.5824557	11.55287	11.6138713	0.00819794103	0.157949345	0	100	0	0	3
633	59005	0	3.72506062	11.5927731	11.5826396	11.55287	11.6138713	0.00819794103	0.157949345	0	100	0	0	3
634	59008	0	3.73094539	11.5882527	11.5827079	11.55287	11.6138713	0.00819794103	0.157949345	0	100	0	0	3
635	59011	0	3.73683016	11.5949002	11.5829556	11.55287	11.6138713	0.00819794103	0.157949345	0	100	0	0	3
636	59013	0	3.74271494	11.589783	11.5830448	11.55287	11.6138713	0.00819794103	0.157949345	0	100	0	0	3
637	59016	0	3.74859971	11.5896709	11.5831845	11.55287	11.6138713	0.00819794103	0.157949345	0	100	0	0	3
638	59018	0	3.75448448	11.6023195	11.5833021	11.55287	11.6138713	0.00819794103	0.157949345	0	100	0	0	3
639	59021	0	3.76036925	11.5915228	11.5832102	11.55287	11.6138713	0.00819794103	0.157949345	0	100	0	0	3
640	59023	0	3.76625402	11.5958446	11.5832119	11.55287	11.6138713	0.00819794103	0.157949345	0	100	0	0	3
641	59026	0	3.7721388	11.5795443	11.5829508	11.55287	11.6138713	0.00819794103	0.157949345	0	100	0	0	3
642	59028	0	3.77802357	11.581452	11.5828737	11.55287	11.6138713	0.00819794103	0.157949345	0	100	0	0	3
643	59031	0	3.78390834	11.5665887	11.5825836	11.55287	11.6138713	0.00819794103	0.157949345	0	100	0	0	3
644	59034	0	3.78979311	11.5823133	11.5826589	11.55287	11.6138713	0.00819794103	0.157949345	0	100	0	0	3
645	59036	0	3.79567788	11.5728533	11.5825652	11.55287	11.6138713	0.00819794103	0.157949345	0	100	0	0	3
646	59039	0	3.80156266	11.5667954	11.5823279	11.55287	11.6138713	0.00819794103	0.157949345	0	100	0	0	3
647	59041	0	3.80744743	11.5785895	11.5822706	11.55287	11.6138713	0.00819794103	0.157949345	0	100	0	0	3
648	59044	0	3.8133322	11.5789782	11.5821882	11.55287	11.6138713	0.00819794103	0.157949345	0	100	0	0	3
649	59046	0	3.81921697	11.5884876	11.5822264	11.55287	11.6138713	0.00819794103	0.157949345	0	100	0	0	3
650	59049	0	3.82510174	11.5721682	11.5820515	11.55287	11.6138713	0.0082244254	0.157949345	0	100	0	0	3
651	59052	0	3.83098651	11.6000419	11.5822618	11.55287	11.6138713	0.0082244254	0.157949345	0	100	0	0	3
652	59054	0	3.83687129	11.579244	11.5822719	11.55287	11.6138713	0.0082244254	0.157949345	0	100	0	0	3
653	59057	0	3.84275606	11.5795161	11.5822778	11.55287	11.6138713	0.0082244254	0.157949345	0	100	0	0	3
654	59059	0	3.84864083	11.568363	11.5821889	11.55287	11.6138713	0.0082244254	0.157949345	0	100	0	0	3
655	59062	0	3.8545256	11.5913972	11.5823488	11.55287	11.6138713	0.0082244254	0.157949345	0	100	0	0	3
656	59064	0	3.86041037	11.5765701	11.5824492	11.55287	11.6138713	0.0082244254	0.157949345	0	100	0	0	3
657	59067	0	3.86629515	11.5889537	11.5825639	11.55287	11.6138713	0.0082244254	0.157949345	0	100	0	0	3
658	59069	0	3.87217992	11.5705215	11.5825913	11.55287	11.6138713	0.0082244254	0.157949345	0	100	0	0	3
659	59072	0	3.87806469	11.5839907	11.5826769	11.55287	11.6138713	0.0082244254	0.157949345	0	100	0	0	3
660	59075	0	3.88394946	11.5929628	11.5828414	11.55287	11.6138713	0.0082244254	0.157949345	0	100	0	0	3
661	59077	0	3.88983423	11.5855335	11.5828339	11.55287	11.6138713	0.0082244254	0.157949345	0	100	0	0	3
662	59080	0	3.89571901	11.5836218	11.582824	11.55287	11.6138713	0.0082244254	0.157949345	0	100	0	0	3
663	59082	0	3.90160378	11.5741506	11.5826846	11.55287	11.6138713	0.0082244254	0.157949345	0	100	0	0	3
664	59085	0	3.90748855	11.5904729	11.5827745	11.55287	11.6138713	0.0082244254	0.157949345	0	100	0	0	3
665	59088	0	3.91337332	11.5684474	11.5824422	11.55287	11.6138713	0.0082244254	0.157949345	0	100	0	0	3
666	59090	0	3.91925809	11.5850207	11.5824469	11.55287	11.6138713	0.0082244254	0.157949345	0	100	0	0	3
667	59093	0	3.92514287	11.5749682	11.5824993	11.55287	11.6138713	0.0082244254	0.157949345	0	100	0	0	3
668	59095	0	3.93102764	11.570258	11.582025	11.55287	11.6138713	0.00825092321	0.157949345	0	100	0	0	3
669	59098	0	3.93691241	11.5875471	11.5818129	11.55287	11.6138713	0.008462953	0.157949345	0	100	0	0	3
670	59100	0	3.94279718	11.5861981	11.5814983	11.55287	11.6138713	0.0087776089	0.157949345	0	100	0	0	3
671	59103	0	3.94868195	11.5932674	11.5814493	11.55287	11.6138713	0.00882660906	0.157949345	0	100	0	0	3
672	59105	0	3.95456673	11.585063	11.5812351	11.55287	11.6138713	0.00904082002	0.157949345	0	100	0	0	3
673	59108	0	3.9604515	11.5776495	11.5808089	11.55287	11.613676	0.00946695878	0.157949345	0	100	0	0	3
674	59111	0	3.96633627	11.6152212	11.5811928	11.55287	11.6152212	0.00946695878	0.157949345	0	100	0	0	3
675	59113	0	3.97222104	11.5878223	11.5811501	11.55287	11.6152212	0.00946695878	0.157949345	0	100	0	0	3
676	59116	0	3.97810581	11.6190162	11.5815108	11.55287	11.6190162	0.00946695878	0.157949345	0	100	0	0	3
677	59118	0	3.98399058	11.6222597	11.5818657	11.55287	11.6222597	0.00946695878	0.157949345	0	100	0	0	3
678	59121	0	3.98987536	11.5825501	11.5819577	11.55287	11.6222597	0.00946695878	0.157949345	0	100	0	0	3
679	59124	0	3.99576013	11.5890641	11.5823022	11.55287	11.6222597	0.00946695878	0.157949345	0	100	0	0	3
680	59127	0	4.0016449	11.5833257	11.5821937	11.55287	11.6222597	0.00946695878	0.157949345	0	100	0	0	3
