Iteration	CPUTime	PhysTime	Travels	Value	AvValue	MinValue	MaxValue	Delta	Criteria	Progress	CriteriaType	CriteriaVarType	CriteriaPercentage
1	14	0	0.00588477191	-301.408392	-301.408392	-301.408392	-301.408392	0	0	0	0	0	0	3
2	18	0	0.0117695438	-8.46287653	-154.935634	-301.408392	-8.46287653	146.472758	0	0	0	0	0	3
3	20	0	0.0176543157	28.0558393	-93.9384764	-301.408392	28.0558393	207.469915	0	0	0	0	0	3
4	23	0	0.0235390876	-0.697534141	-70.6282408	-301.408392	28.0558393	230.780151	0	0	0	0	0	3
5	26	0	0.0294238596	15.3110774	-53.4403772	-301.408392	28.0558393	247.968015	0	0	0	0	0	3
6	28	0	0.0353086315	3.41109483	-43.9651318	-301.408392	28.0558393	257.44326	0	0	0	0	0	3
7	30	0	0.0411934034	9.43893578	-36.3359793	-301.408392	28.0558393	265.072413	0	0	0	0	0	3
8	33	0	0.0470781753	5.68398918	-31.0834833	-301.408392	28.0558393	270.324909	0	0	0	0	0	3
9	35	0	0.0529629472	4.82218611	-27.0939644	-301.408392	28.0558393	274.314427	0	0	0	0	0	3
10	37	0	0.0588477191	5.35128436	-23.8494396	-301.408392	28.0558393	277.558952	0	0	0	0	0	3
11	39	0	0.064732491	2.88929978	-21.4186451	-301.408392	28.0558393	279.989747	0	0	0	0	0	3
12	41	0	0.0706172629	2.59557002	-19.4174605	-301.408392	28.0558393	281.990931	0	0	0	0	0	3
13	44	0	0.0765020349	0.985761553	-17.8479819	-301.408392	28.0558393	283.56041	0	0	0	0	0	3
14	46	0	0.0823868068	0.973968896	-16.5035568	-301.408392	28.0558393	284.904835	0	0	0	0	0	3
15	48	0	0.0882715787	-0.387198262	-15.4291329	-301.408392	28.0558393	285.979259	0	0	0	0	0	3
16	50	0	0.0941563506	-0.546419506	-14.4989633	-301.408392	28.0558393	286.909429	0	0	0	0	0	3
17	52	0	0.100041123	-1.85194884	-13.7550213	-301.408392	28.0558393	287.653371	0	0	0	0	0	3
18	55	0	0.105925894	-0.578614852	-13.0229987	-301.408392	28.0558393	288.385393	0	0	0	0	0	3
19	57	0	0.111810666	-3.0437501	-12.4977751	-301.408392	28.0558393	288.910617	0	0	0	0	0	3
20	59	0	0.117695438	0.0733978725	-11.8692165	-301.408392	28.0558393	289.539175	0	0	0	0	0	3
21	62	0	0.12358021	-3.70598941	-11.4804914	-301.408392	28.0558393	289.9279	0	0	0	0	0	3
22	64	0	0.129464982	0.186714923	-10.9501638	-301.408392	28.0558393	290.458228	0	0	0	0	0	3
23	66	0	0.135349754	-4.13416939	-10.6538162	-301.408392	28.0558393	290.754576	0	0	0	0	0	3
24	69	0	0.141234526	-0.520151816	-10.2315802	-301.408392	28.0558393	291.176812	0	0	0	0	0	3
25	71	0	0.147119298	-3.67332127	-9.96924984	-301.408392	28.0558393	291.439142	0	0	0	0	0	3
26	73	0	0.15300407	-3.18564697	-9.70834204	-301.408392	28.0558393	291.70005	0	0	0	0	0	3
27	76	0	0.158888842	-4.16887272	-9.50317651	-301.408392	28.0558393	291.905215	0	0	0	0	0	3
28	78	0	0.164773614	-2.84870411	-9.26551678	-301.408392	28.0558393	292.142875	0	0	0	0	0	3
29	80	0	0.170658385	-3.62782013	-9.07111344	-301.408392	28.0558393	292.337278	0	0	0	0	0	3
30	82	0	0.176543157	-4.58281135	-8.92150337	-301.408392	28.0558393	292.486888	0	0	0	0	0	3
31	85	0	0.182427929	-4.42311787	-8.77639416	-301.408392	28.0558393	292.631998	0	0	0	0	0	3
32	87	0	0.188312701	-4.06265416	-8.62908979	-301.408392	28.0558393	292.779302	0	0	0	0	0	3
33	89	0	0.194197473	-5.44568024	-8.53262283	-301.408392	28.0558393	292.875769	0	0	0	0	0	3
34	92	0	0.200082245	-6.72692781	-8.47951416	-301.408392	28.0558393	292.928878	0	0	0	0	0	3
35	94	0	0.205967017	-6.10590089	-8.41169663	-301.408392	28.0558393	292.996695	0	0	0	0	0	3
36	96	0	0.211851789	-7.23248828	-8.37894085	-301.408392	28.0558393	293.029451	0	0	0	0	0	3
37	99	0	0.217736561	-7.07376136	-8.34366573	-301.408392	28.0558393	293.064726	0	0	0	0	0	3
38	101	0	0.223621333	-6.60300063	-8.29785875	-301.408392	28.0558393	293.110533	0	0	0	0	0	3
39	104	0	0.229506105	-7.87940641	-8.2871292	-301.408392	28.0558393	293.121263	0	0	0	0	0	3
40	106	0	0.235390876	-7.57150263	-8.26923854	-301.408392	28.0558393	293.139153	0	0	0	0	0	3
41	109	0	0.241275648	-8.22960788	-8.26827194	-301.408392	28.0558393	293.14012	0	0	0	0	0	3
42	111	0	0.24716042	-8.26940734	-8.26829897	-301.408392	28.0558393	293.14012	0	0	0	0	0	3
43	114	0	0.253045192	-7.87965764	-8.2592608	-301.408392	28.0558393	293.149131	0	0	0	0	0	3
44	116	0	0.258929964	-8.01869802	-8.25379346	-301.408392	28.0558393	293.154598	0	0	0	0	0	3
45	119	0	0.264814736	-7.98322146	-8.24778075	-301.408392	28.0558393	293.160611	0	0	0	0	0	3
46	121	0	0.270699508	-8.36598039	-8.25035031	-301.408392	28.0558393	293.160611	0	0	0	0	0	3
47	124	0	0.27658428	-8.50702398	-8.25581145	-301.408392	28.0558393	293.160611	0	0	0	0	0	3
48	127	0	0.282469052	-8.70693332	-8.26520982	-301.408392	28.0558393	293.160611	0	0	0	0	0	3
49	129	0	0.288353824	-8.50064985	-8.27001472	-301.408392	28.0558393	293.160611	0	0	0	0	0	3
50	132	0	0.294238596	-8.43861599	-8.27338675	-301.408392	28.0558393	293.160611	0	0	0	0	0	3
51	134	0	0.300123368	-8.27913739	-8.27349951	-301.408392	28.0558393	293.160611	0	0	0	0	0	3
52	136	0	0.306008139	-8.10335752	-8.27022754	-301.408392	28.0558393	293.160611	0	0	0	0	0	3
53	139	0	0.311892911	-8.90152362	-8.28213879	-301.408392	28.0558393	293.160611	0	0	0	0	0	3
54	141	0	0.317777683	-9.20754267	-8.2992759	-301.408392	28.0558393	293.160611	0	0	0	0	0	3
55	144	0	0.323662455	-8.58566319	-8.30448294	-301.408392	28.0558393	293.160611	0	0	0	0	0	3
56	146	0	0.329547227	-8.55816868	-8.30901304	-301.408392	28.0558393	293.160611	0	0	0	0	0	3
57	148	0	0.335431999	-8.66796359	-8.31531042	-301.408392	28.0558393	293.160611	0	0	0	0	0	3
58	151	0	0.341316771	-8.91749665	-8.32569294	-301.408392	28.0558393	293.160611	0	0	0	0	0	3
59	153	0	0.347201543	-8.78236358	-8.33343312	-301.408392	28.0558393	293.160611	0	0	0	0	0	3
60	156	0	0.353086315	-8.62182154	-8.3382396	-301.408392	28.0558393	293.160611	0	0	0	0	0	3
61	159	0	0.358971087	-8.76488256	-8.34523374	-301.408392	28.0558393	293.160611	0	0	0	0	0	3
62	161	0	0.364855859	-9.05473165	-8.35667726	-301.408392	28.0558393	293.160611	0	0	0	0	0	3
63	164	0	0.37074063	-9.0616489	-8.36786728	-301.408392	28.0558393	293.160611	0	0	0	0	0	3
64	166	0	0.376625402	-9.14957912	-8.38008153	-301.408392	28.0558393	293.160611	0	0	0	0	0	3
65	169	0	0.382510174	-8.78476228	-8.38630739	-301.408392	28.0558393	293.160611	0	0	0	0	0	3
66	172	0	0.388394946	-9.13176757	-8.39760224	-301.408392	28.0558393	293.160611	0	0	0	0	0	3
67	174	0	0.394279718	-9.20406312	-8.40963897	-301.408392	28.0558393	293.160611	0	0	0	0	0	3
68	177	0	0.40016449	-9.03747163	-8.4188718	-301.408392	28.0558393	293.160611	0	0	0	0	0	3
69	179	0	0.406049262	-9.07823075	-8.42842773	-301.408392	28.0558393	293.160611	0	0	0	0	0	3
70	181	0	0.411934034	-9.29865904	-8.44085961	-301.408392	28.0558393	293.160611	0	0	0	0	0	3
71	184	0	0.417818806	-9.22670321	-8.45192783	-301.408392	28.0558393	293.160611	0	0	0	0	0	3
72	187	0	0.423703578	-9.67770865	-8.46895256	-301.408392	28.0558393	293.160611	0	0	0	0	0	3
73	189	0	0.42958835	-10.0046367	-8.48998933	-301.408392	28.0558393	293.160611	0	0	0	0	0	3
74	192	0	0.435473122	-9.69948571	-8.50633387	-301.408392	28.0558393	293.160611	0	0	0	0	0	3
75	194	0	0.441357893	-9.28653316	-8.51673653	-301.408392	28.0558393	293.160611	0	0	0	0	0	3
76	197	0	0.447242665	-9.62032251	-8.5312574	-301.408392	28.0558393	293.160611	0	0	0	0	0	3
77	199	0	0.453127437	-9.67360967	-8.54609314	-301.408392	28.0558393	293.160611	0	0	0	0	0	3
78	202	0	0.459012209	-10.167195	-8.5668765	-301.408392	28.0558393	293.160611	0	0	0	0	0	3
79	204	0	0.464896981	-9.57250691	-8.579606	-301.408392	28.0558393	293.160611	0	0	0	0	0	3
80	207	0	0.470781753	-9.48568614	-8.590932	-301.408392	28.0558393	293.160611	0	0	0	0	0	3
81	209	0	0.476666525	-9.62355208	-8.6036804	-301.408392	28.0558393	293.160611	0	0	0	0	0	3
82	211	0	0.482551297	-9.98318707	-8.62050365	-301.408392	28.0558393	293.160611	0	0	0	0	0	3
83	214	0	0.488436069	-10.0184803	-8.63734674	-301.408392	28.0558393	293.160611	0	0	0	0	0	3
84	216	0	0.494320841	-10.1141073	-8.65492722	-301.408392	28.0558393	293.160611	0	0	0	0	0	3
85	219	0	0.500205613	-9.89573776	-8.669525	-301.408392	28.0558393	293.160611	0	0	0	0	0	3
86	221	0	0.506090384	-9.93132309	-5.24038301	-10.167195	28.0558393	38.2230343	0	0	0	0	0	3
87	224	0	0.511975156	-10.0637055	-5.25921629	-10.167195	28.0558393	38.2230343	0	0	0	0	0	3
88	226	0	0.517859928	-9.72413986	-5.70368664	-10.167195	15.3110774	25.4782724	0	0	0	0	0	3
89	229	0	0.5237447	-9.64545165	-5.80895625	-10.167195	15.3110774	25.4782724	0	0	0	0	0	3
90	231	0	0.529629472	-9.88473761	-6.10537761	-10.167195	9.43893578	19.6061308	0	0	0	0	0	3
91	234	0	0.535514244	-10.0538392	-6.2637886	-10.167195	9.43893578	19.6061308	0	0	0	0	0	3
92	236	0	0.541399016	-9.8148174	-6.49030334	-10.167195	5.68398918	15.8511842	0	0	0	0	0	3
93	239	0	0.547283788	-9.83639525	-6.6728961	-10.167195	5.35128436	15.5184793	0	0	0	0	0	3
94	241	0	0.55316856	-10.1292366	-6.84879519	-10.167195	5.35128436	15.5184793	0	0	0	0	0	3
95	244	0	0.559053332	-10.0942613	-7.03050749	-10.167195	2.88929978	13.0564948	0	0	0	0	0	3
96	246	0	0.564938104	-10.323013	-7.18594646	-10.323013	2.59557002	12.918583	0	0	0	0	0	3
97	249	0	0.570822876	-9.89485117	-7.33289259	-10.323013	0.985761553	11.3087746	0	0	0	0	0	3
98	251	0	0.576707647	-10.2137769	-7.46465187	-10.323013	0.973968896	11.2631738	0	0	0	0	0	3
99	254	0	0.582592419	-9.56347296	-7.58862178	-10.323013	0.186714923	10.1887499	0	0	0	0	0	3
100	257	0	0.588477191	-9.87474199	-7.70023994	-10.323013	0.186714923	9.25858031	0	0	0	0	0	3
101	264	0	0.594361963	-9.91035587	-7.81040389	-10.323013	0.186714923	8.51463828	0	0	0	0	0	3
102	266	0	0.600246735	-9.75059934	-7.90332919	-10.323013	0.186714923	7.7826157	0	0	0	0	0	3
103	268	0	0.606131507	-9.68268209	-8.01043587	-10.323013	0.186714923	7.25739209	0	0	0	0	0	3
104	271	0	0.612016279	-9.90024002	-8.09110045	-10.323013	0.186714923	6.62883344	0	0	0	0	0	3
105	273	0	0.617901051	-10.0526557	-8.2102305	-10.323013	0.186714923	6.24010834	0	0	0	0	0	3
106	275	0	0.623785823	-10.2470034	-8.2871836	-10.323013	0.186714923	5.70978078	0	0	0	0	0	3
107	278	0	0.629670595	-10.1206398	-8.4084466	-10.323013	-0.520151816	5.4134332	0	0	0	0	0	3
108	280	0	0.635555367	-9.98968617	-8.47733503	-10.323013	-0.520151816	4.99119719	0	0	0	0	0	3
109	283	0	0.641440138	-9.78325427	-8.58631271	-10.323013	-2.84870411	4.72886683	0	0	0	0	0	3
110	285	0	0.64732491	-9.66310035	-8.6567807	-10.323013	-2.84870411	4.46795903	0	0	0	0	0	3
111	287	0	0.653209682	-9.53981876	-8.73153566	-10.323013	-2.84870411	4.2627935	0	0	0	0	0	3
112	290	0	0.659094454	-9.70275052	-8.7966401	-10.323013	-2.84870411	4.02513377	0	0	0	0	0	3
113	292	0	0.664979226	-9.87329577	-8.87928236	-10.323013	-3.62782013	3.83073043	0	0	0	0	0	3
114	295	0	0.670863998	-9.99258444	-8.95416194	-10.323013	-4.06265416	3.71377893	0	0	0	0	0	3
115	297	0	0.67674877	-9.60906108	-9.01329429	-10.323013	-4.06265416	3.77291128	0	0	0	0	0	3
116	300	0	0.682633542	-9.85423519	-9.07718979	-10.323013	-4.06265416	3.83680678	0	0	0	0	0	3
117	302	0	0.688518314	-9.91965099	-9.14609563	-10.323013	-5.44568024	3.90571262	0	0	0	0	0	3
118	305	0	0.694403086	-9.80950793	-9.19743478	-10.323013	-6.10590089	3.95705177	0	0	0	0	0	3
119	307	0	0.700287858	-10.3579358	-9.24015252	-10.3579358	-6.10590089	3.99976951	0	0	0	0	0	3
120	310	0	0.706172629	-10.2223098	-9.28858086	-10.3579358	-6.60300063	3.75493515	0	0	0	0	0	3
121	312	0	0.712057401	-10.0001045	-9.32114105	-10.3579358	-6.60300063	3.75493515	0	0	0	0	0	3
122	315	0	0.717942173	-9.79157743	-9.35311536	-10.3579358	-6.60300063	3.75493515	0	0	0	0	0	3
123	317	0	0.723826945	-9.83300633	-9.39111543	-10.3579358	-7.57150263	2.78643316	0	0	0	0	0	3
124	320	0	0.729711717	-10.3629669	-9.42033378	-10.3629669	-7.57150263	2.79146424	0	0	0	0	0	3
125	322	0	0.735596489	-10.1749901	-9.45096305	-10.3629669	-7.87965764	2.48330923	0	0	0	0	0	3
126	325	0	0.741481261	-9.78743367	-9.46929041	-10.3629669	-7.87965764	2.48330923	0	0	0	0	0	3
127	327	0	0.747366033	-9.894721	-9.48841175	-10.3629669	-7.87965764	2.48330923	0	0	0	0	0	3
128	329	0	0.753250805	-10.3703139	-9.51771359	-10.3703139	-7.98322146	2.38709242	0	0	0	0	0	3
129	332	0	0.759135577	-10.1989197	-9.54336325	-10.3703139	-7.98322146	2.38709242	0	0	0	0	0	3
130	334	0	0.765020349	-9.90689371	-9.56599469	-10.3703139	-8.10335752	2.26695636	0	0	0	0	0	3
131	337	0	0.770905121	-9.95424729	-9.58468019	-10.3703139	-8.10335752	2.26695636	0	0	0	0	0	3
132	339	0	0.776789892	-10.336979	-9.60620907	-10.3703139	-8.10335752	2.26695636	0	0	0	0	0	3
133	341	0	0.782674664	-10.2057647	-9.62384238	-10.3703139	-8.10335752	2.26695636	0	0	0	0	0	3
134	343	0	0.788559436	-10.1157705	-9.6428438	-10.3703139	-8.10335752	2.26695636	0	0	0	0	0	3
135	346	0	0.794444208	-10.034767	-9.66162204	-10.3703139	-8.10335752	2.26695636	0	0	0	0	0	3
136	348	0	0.80032898	-9.68200991	-9.67812643	-10.3703139	-8.10335752	2.26695636	0	0	0	0	0	3
137	350	0	0.806213752	-9.41898679	-9.69360442	-10.3703139	-8.55816868	1.8121452	0	0	0	0	0	3
138	352	0	0.812098524	-10.0660286	-9.70730448	-10.3703139	-8.55816868	1.8121452	0	0	0	0	0	3
139	355	0	0.817983296	-9.98943571	-9.71650322	-10.3703139	-8.55816868	1.8121452	0	0	0	0	0	3
140	357	0	0.823868068	-9.74852914	-9.73018399	-10.3703139	-8.55816868	1.8121452	0	0	0	0	0	3
141	359	0	0.82975284	-9.90312449	-9.746007	-10.3703139	-8.62182154	1.74849234	0	0	0	0	0	3
142	361	0	0.835637612	-9.56388305	-9.75654723	-10.3703139	-8.62182154	1.74849234	0	0	0	0	0	3
143	364	0	0.841522383	-9.96751445	-9.76890038	-10.3703139	-8.62182154	1.74849234	0	0	0	0	0	3
144	366	0	0.847407155	-9.89892605	-9.78203641	-10.3703139	-8.62182154	1.74849234	0	0	0	0	0	3
145	369	0	0.853291927	-10.0882148	-9.7992881	-10.3703139	-8.76488256	1.60543132	0	0	0	0	0	3
146	371	0	0.859176699	-9.75679662	-9.81095767	-10.3703139	-8.78476228	1.5855516	0	0	0	0	0	3
147	374	0	0.865061471	-9.72130978	-9.81879977	-10.3703139	-8.78476228	1.5855516	0	0	0	0	0	3
148	377	0	0.870946243	-9.46498996	-9.82354496	-10.3703139	-8.78476228	1.5855516	0	0	0	0	0	3
149	379	0	0.876831015	-9.26276993	-9.82487662	-10.3703139	-8.78476228	1.5855516	0	0	0	0	0	3
150	382	0	0.882715787	-9.45662739	-9.83278091	-10.3703139	-9.03747163	1.33284225	0	0	0	0	0	3
151	384	0	0.888600559	-9.25368613	-9.83421525	-10.3703139	-9.03747163	1.33284225	0	0	0	0	0	3
152	387	0	0.894485331	-9.42836586	-9.8368541	-10.3703139	-9.03747163	1.33284225	0	0	0	0	0	3
153	389	0	0.900370103	-9.62240278	-9.84373565	-10.3703139	-9.07823075	1.29208313	0	0	0	0	0	3
154	392	0	0.906254875	-9.55283241	-9.8493192	-10.3703139	-9.22670321	1.14361067	0	0	0	0	0	3
155	394	0	0.912139646	-9.45924122	-9.8512084	-10.3703139	-9.22670321	1.14361067	0	0	0	0	0	3
156	397	0	0.918024418	-9.10496812	-9.84977622	-10.3703139	-9.10496812	1.26534576	0	0	0	0	0	3
157	399	0	0.92390919	-9.44978945	-9.84709482	-10.3703139	-9.10496812	1.26534576	0	0	0	0	0	3
158	402	0	0.929793962	-9.7638426	-9.84426195	-10.3703139	-9.10496812	1.26534576	0	0	0	0	0	3
159	405	0	0.935678734	-9.72227251	-9.84453003	-10.3703139	-9.10496812	1.26534576	0	0	0	0	0	3
160	407	0	0.941563506	-9.5969319	-9.84818178	-10.3703139	-9.10496812	1.26534576	0	0	0	0	0	3
161	410	0	0.947448278	-9.48584462	-9.84659968	-10.3703139	-9.10496812	1.26534576	0	0	0	0	0	3
162	412	0	0.95333305	-9.47637629	-9.84427929	-10.3703139	-9.10496812	1.26534576	0	0	0	0	0	3
163	414	0	0.959217822	-9.7267959	-9.83909812	-10.3703139	-9.10496812	1.26534576	0	0	0	0	0	3
164	417	0	0.965102594	-10.0849931	-9.84512737	-10.3703139	-9.10496812	1.26534576	0	0	0	0	0	3
165	419	0	0.970987366	-9.81055206	-9.84894933	-10.3703139	-9.10496812	1.26534576	0	0	0	0	0	3
166	421	0	0.976872137	-10.0450356	-9.85390795	-10.3703139	-9.10496812	1.26534576	0	0	0	0	0	3
167	424	0	0.982756909	-10.1255703	-9.85558305	-10.3703139	-9.10496812	1.26534576	0	0	0	0	0	3
168	426	0	0.988641681	-9.7840971	-9.8528256	-10.3703139	-9.10496812	1.26534576	0	0	0	0	0	3
169	428	0	0.994526453	-10.0635739	-9.85223109	-10.3703139	-9.10496812	1.26534576	0	0	0	0	0	3
170	431	0	1.00041123	-10.064234	-9.8542134	-10.3703139	-9.10496812	1.26534576	1.1527846	0	91.1	0	0	3
171	433	0	1.006296	-9.88534566	-9.85367249	-10.3703139	-9.10496812	1.26534576	1.1527846	0	91.1	0	0	3
172	436	0	1.01218077	-9.96734364	-9.85253882	-10.3703139	-9.10496812	1.26534576	1.1527846	0	91.1	0	0	3
173	438	0	1.01806554	-10.3989139	-9.86047734	-10.3989139	-9.10496812	1.29394581	1.1527846	0	89	0	0	3
174	440	0	1.02395031	-10.3021149	-9.86820279	-10.3989139	-9.10496812	1.29394581	1.1527846	0	89	0	0	3
175	443	0	1.02983508	-9.61196781	-9.86499373	-10.3989139	-9.10496812	1.29394581	1.1527846	0	89	0	0	3
176	445	0	1.03571986	-10.0680845	-9.86516132	-10.3989139	-9.10496812	1.29394581	1.1527846	0	89	0	0	3
177	448	0	1.04160463	-9.99198539	-9.86724565	-10.3989139	-9.10496812	1.29394581	1.1527846	0	89	0	0	3
178	450	0	1.0474894	-10.1068079	-9.87042698	-10.3989139	-9.10496812	1.29394581	1.1527846	0	89	0	0	3
179	453	0	1.05337417	-10.1221918	-9.8703441	-10.3989139	-9.10496812	1.29394581	1.1527846	0	89	0	0	3
180	455	0	1.05925894	-9.89106375	-9.86795354	-10.3989139	-9.10496812	1.29394581	1.1527846	0	89	0	0	3
181	458	0	1.06514372	-10.1145205	-9.86550069	-10.3989139	-9.10496812	1.29394581	1.1527846	0	89	0	0	3
182	460	0	1.07102849	-10.1288589	-9.86825372	-10.3989139	-9.10496812	1.29394581	1.1527846	0	89	0	0	3
183	463	0	1.07691326	-10.4249601	-9.87073823	-10.4249601	-9.10496812	1.31999196	1.1527846	0	87.3	0	0	3
184	465	0	1.08279803	-10.0267202	-9.87618819	-10.4249601	-9.10496812	1.31999196	1.1527846	0	87.3	0	0	3
185	468	0	1.0886828	-10.004818	-9.8777185	-10.4249601	-9.10496812	1.31999196	1.1527846	0	87.3	0	0	3
186	471	0	1.09456758	-10.0596331	-9.8794747	-10.4249601	-9.10496812	1.31999196	1.1527846	0	87.3	0	0	3
187	473	0	1.10045235	-10.0080336	-9.88250334	-10.4249601	-9.10496812	1.31999196	1.1527846	0	87.3	0	0	3
188	475	0	1.10633712	-10.0120717	-9.88637851	-10.4249601	-9.10496812	1.31999196	1.1527846	0	87.3	0	0	3
189	478	0	1.11222189	-9.92657029	-9.88668828	-10.4249601	-9.10496812	1.31999196	1.1527846	0	87.3	0	0	3
190	480	0	1.11810666	-9.99088554	-9.88596157	-10.4249601	-9.10496812	1.31999196	1.1527846	0	87.3	0	0	3
191	482	0	1.12399144	-9.92901456	-9.88222053	-10.4249601	-9.10496812	1.31999196	1.1527846	0	87.3	0	0	3
192	484	0	1.12987621	-10.0426832	-9.88130339	-10.4249601	-9.10496812	1.31999196	1.1527846	0	87.3	0	0	3
193	486	0	1.13576098	-10.256558	-9.88444306	-10.4249601	-9.10496812	1.30037557	1.1527846	0	88.6	0	0	3
194	489	0	1.14164575	-9.90958162	-9.88592926	-10.4249601	-9.10496812	1.22990758	1.1527846	0	93.7	0	0	3
195	491	0	1.14753052	-9.91949731	-9.8889457	-10.4249601	-9.10496812	1.15741004	1.1527846	0	99.6	0	0	3
196	493	0	1.15341529	-9.81366941	-9.89216747	-10.4249601	-9.10496812	1.09552737	1.1527846	0	100	0	0	3
197	495	0	1.15930007	-9.8216172	-9.8935659	-10.4249601	-9.10496812	1.01428354	1.1527846	0	100	0	0	3
198	497	0	1.16518484	-9.89411603	-9.89381085	-10.4249601	-9.10496812	0.939648907	1.1527846	0	100	0	0	3
199	500	0	1.17106961	-9.89813812	-9.89269971	-10.4249601	-9.10496812	0.880516557	1.1527846	0	100	0	0	3
200	502	0	1.17695438	-9.75747588	-9.89444577	-10.4249601	-9.10496812	0.817255982	1.1527846	0	100	0	0	3
201	509	0	1.18283915	-9.97017055	-9.89580971	-10.4249601	-9.10496812	0.749714083	1.1527846	0	100	0	0	3
202	511	0	1.18872393	-9.9190684	-9.89580286	-10.4249601	-9.10496812	0.698374933	1.1527846	0	100	0	0	3
203	513	0	1.1946087	-9.9340619	-9.8972682	-10.4249601	-9.10496812	0.657115679	1.1527846	0	100	0	0	3
204	515	0	1.20049347	-9.80528751	-9.89076646	-10.4249601	-9.10496812	0.608687339	1.1527846	0	100	0	0	3
205	517	0	1.20637824	-9.78780792	-9.88565467	-10.4249601	-9.10496812	0.576127148	1.1527846	0	100	0	0	3
206	520	0	1.21226301	-9.81507759	-9.88347788	-10.4249601	-9.10496812	0.544152842	1.1527846	0	100	0	0	3
207	522	0	1.21814779	-9.85002058	-9.88416545	-10.4249601	-9.10496812	0.506152775	1.1527846	0	100	0	0	3
208	524	0	1.22403256	-10.1804355	-9.88825285	-10.4249601	-9.10496812	0.476934416	1.1527846	0	100	0	0	3
209	526	0	1.22991733	-10.1820692	-9.88612464	-10.4249601	-9.10496812	0.446305151	1.1527846	0	100	0	0	3
210	528	0	1.2358021	-10.038995	-9.8845247	-10.4249601	-9.10496812	0.427977789	1.1527846	0	100	0	0	3
211	530	0	1.24168687	-10.0844614	-9.88801914	-10.4249601	-9.10496812	0.408856452	1.1527846	0	100	0	0	3
212	533	0	1.24757165	-9.96050164	-9.88879303	-10.4249601	-9.10496812	0.379554614	1.1527846	0	100	0	0	3
213	535	0	1.25345642	-9.76064789	-9.88162049	-10.4249601	-9.10496812	0.353904947	1.1527846	0	100	0	0	3
214	537	0	1.25934119	-10.2483639	-9.88220219	-10.4249601	-9.10496812	0.331273508	1.1527846	0	100	0	0	3
215	539	0	1.26522596	-9.96293335	-9.88286148	-10.4249601	-9.10496812	0.312588015	1.1527846	0	100	0	0	3
216	541	0	1.27111073	-10.1999051	-9.88575157	-10.4249601	-9.10496812	0.291059133	1.1527846	0	100	0	0	3
217	544	0	1.2769955	-9.96368875	-9.88135992	-10.4249601	-9.10496812	0.273425823	1.1527846	0	100	0	0	3
218	546	0	1.28288028	-10.3187667	-9.88268936	-10.4249601	-9.10496812	0.254424403	1.1527846	0	100	0	0	3
219	549	0	1.28876505	-10.4147818	-9.88620714	-10.4249601	-9.10496812	0.235646156	1.1527846	0	100	0	0	3
220	551	0	1.29464982	-9.99909019	-9.88578741	-10.4249601	-9.10496812	0.219141774	1.1527846	0	100	0	0	3
221	554	0	1.30053459	-9.81303106	-9.88732884	-10.4249601	-9.10496812	0.203663782	1.1527846	0	100	0	0	3
222	556	0	1.30641936	-10.174357	-9.89621554	-10.4249601	-9.10496812	0.189963724	1.1527846	0	100	0	0	3
223	559	0	1.31230414	-10.1852694	-9.89761838	-10.4249601	-9.10496812	0.18111516	1.1527846	0	100	0	0	3
224	561	0	1.31818891	-9.99432778	-9.89767593	-10.4249601	-9.10496812	0.167491937	1.1527846	0	100	0	0	3
225	564	0	1.32407368	-10.2742915	-9.90386137	-10.4249601	-9.10496812	0.157854367	1.1527846	0	100	0	0	3
226	566	0	1.32995845	-10.1941048	-9.90728467	-10.4249601	-9.10496812	0.150737437	1.1527846	0	100	0	0	3
227	569	0	1.33584322	-10.0614781	-9.91313873	-10.4249601	-9.10496812	0.144238346	1.1527846	0	100	0	0	3
228	571	0	1.341728	-9.78195645	-9.91095569	-10.4249601	-9.10496812	0.131102317	1.1527846	0	100	0	0	3
229	574	0	1.34761277	-10.6065507	-9.91928069	-10.6065507	-9.10496812	0.119992592	1.1527846	0	100	0	0	3
230	576	0	1.35349754	-10.0569266	-9.91891259	-10.6065507	-9.10496812	0.108323014	1.1527846	0	100	0	0	3
231	579	0	1.35938231	-10.2429373	-9.92463189	-10.6065507	-9.10496812	0.105832123	1.1527846	0	100	0	0	3
232	581	0	1.36526708	-10.3375362	-9.93188162	-10.6065507	-9.10496812	0.108336656	1.1527846	0	100	0	0	3
233	584	0	1.37115186	-10.0868944	-9.93919814	-10.6065507	-9.10496812	0.114321523	1.1527846	0	100	0	0	3
234	586	0	1.37703663	-9.94192293	-9.94718817	-10.6065507	-9.10496812	0.114407263	1.1527846	0	100	0	0	3
235	588	0	1.3829214	-10.1169473	-9.95495664	-10.6065507	-9.10496812	0.120741396	1.1527846	0	100	0	0	3
236	591	0	1.38880617	-10.0999795	-9.96491304	-10.6065507	-9.10496812	0.128058933	1.1527846	0	100	0	0	3
237	593	0	1.39469094	-10.6826274	-9.97966905	-10.6826274	-9.10496812	0.14057093	1.1527846	0	100	0	0	3
238	595	0	1.40057572	-10.4257735	-9.98912047	-10.6826274	-9.10496812	0.15002235	1.1527846	0	100	0	0	3
239	598	0	1.40646049	-9.90414545	-9.99325357	-10.6826274	-9.10496812	0.154155445	1.1527846	0	100	0	0	3
240	600	0	1.41234526	-9.91905863	-9.99866319	-10.6826274	-9.10496812	0.159565061	1.1527846	0	100	0	0	3
241	602	0	1.41823003	-10.2735342	-10.012411	-10.6826274	-9.44978945	0.173312898	1.1527846	0	100	0	0	3
242	604	0	1.4241148	-10.3843945	-10.0234064	-10.6826274	-9.47637629	0.184308251	1.1527846	0	100	0	0	3
243	607	0	1.42999957	-10.4293715	-10.0312361	-10.6826274	-9.47637629	0.192138003	1.1527846	0	100	0	0	3
244	609	0	1.43588435	-9.76772067	-10.0317708	-10.6826274	-9.47637629	0.192672687	1.1527846	0	100	0	0	3
245	611	0	1.44176912	-9.96912264	-10.0361495	-10.6826274	-9.47637629	0.197051402	1.1527846	0	100	0	0	3
246	614	0	1.44765389	-10.1002248	-10.0433775	-10.6826274	-9.47637629	0.204279404	1.1527846	0	100	0	0	3
247	616	0	1.45353866	-10.0962218	-10.0506698	-10.6826274	-9.61196781	0.211571704	1.1527846	0	100	0	0	3
248	619	0	1.45942343	-9.90529745	-10.0527698	-10.6826274	-9.61196781	0.207642473	1.1527846	0	100	0	0	3
249	621	0	1.46530821	-10.0279286	-10.0520985	-10.6826274	-9.61196781	0.203820521	1.1527846	0	100	0	0	3
250	624	0	1.47119298	-9.8097958	-10.0520896	-10.6826274	-9.61196781	0.200538754	1.1527846	0	100	0	0	3
251	626	0	1.47707775	-10.2281883	-10.0542443	-10.6826274	-9.61196781	0.202013248	1.1527846	0	100	0	0	3
252	629	0	1.48296252	-10.0326706	-10.0531514	-10.6826274	-9.61196781	0.202013248	1.1527846	0	100	0	0	3
253	631	0	1.48884729	-9.90997601	-10.0546323	-10.6826274	-9.61196781	0.202401238	1.1527846	0	100	0	0	3
254	633	0	1.49473207	-9.84127729	-10.0520171	-10.6826274	-9.61196781	0.20209351	1.1527846	0	100	0	0	3
255	636	0	1.50061684	-9.91282787	-10.0502358	-10.6826274	-9.61196781	0.20209351	1.1527846	0	100	0	0	3
256	638	0	1.50650161	-9.91235293	-10.0505536	-10.6826274	-9.61196781	0.20209351	1.1527846	0	100	0	0	3
257	641	0	1.51238638	-10.0312875	-10.0513058	-10.6826274	-9.61196781	0.194154991	1.1527846	0	100	0	0	3
258	643	0	1.51827115	-10.0520816	-10.0472255	-10.6826274	-9.61196781	0.189638597	1.1527846	0	100	0	0	3
259	645	0	1.52415593	-10.1906624	-10.0459143	-10.6826274	-9.61196781	0.189638597	1.1527846	0	100	0	0	3
260	648	0	1.5300407	-9.74907342	-10.0475273	-10.6826274	-9.74907342	0.189471006	1.1527846	0	100	0	0	3
261	650	0	1.53592547	-9.87005227	-10.0451975	-10.6826274	-9.74907342	0.189131644	1.1527846	0	100	0	0	3
262	653	0	1.54181024	-9.76657882	-10.0425456	-10.6826274	-9.74907342	0.189131644	1.1527846	0	100	0	0	3
263	655	0	1.54769501	-10.0485776	-10.0418606	-10.6826274	-9.74907342	0.189131644	1.1527846	0	100	0	0	3
264	657	0	1.55357978	-10.0231172	-10.040695	-10.6826274	-9.74907342	0.189131644	1.1527846	0	100	0	0	3
265	660	0	1.55946456	-9.59079936	-10.0371625	-10.6826274	-9.59079936	0.189131644	1.1527846	0	100	0	0	3
266	4264	0	1.56534933	-9.96554696	-10.0354098	-10.6826274	-9.59079936	0.186378612	1.1527846	0	100	0	0	3
267	4266	0	1.5712341	-10.1615338	-10.0357942	-10.6826274	-9.59079936	0.183894104	1.1527846	0	100	0	0	3
268	4268	0	1.57711887	-9.93230313	-10.0299983	-10.6826274	-9.59079936	0.178444137	1.1527846	0	100	0	0	3
269	4271	0	1.58300364	-10.2271514	-10.0323563	-10.6826274	-9.59079936	0.176913831	1.1527846	0	100	0	0	3
270	4274	0	1.58888842	-9.72665274	-10.0290838	-10.6826274	-9.59079936	0.175157628	1.1527846	0	100	0	0	3
271	4277	0	1.59477319	-9.72023174	-10.0250908	-10.6826274	-9.59079936	0.17332894	1.1527846	0	100	0	0	3
272	58057	0	1.60065796	-9.84567637	-10.0231807	-10.6826274	-9.59079936	0.17332894	1.1527846	0	100	0	0	3
273	58061	0	1.60654273	-10.0268853	-10.023355	-10.6826274	-9.59079936	0.17332894	1.1527846	0	100	0	0	3
274	58065	0	1.6124275	-9.74250086	-10.0211895	-10.6826274	-9.59079936	0.17332894	1.1527846	0	100	0	0	3
275	58069	0	1.61831228	-9.9633402	-10.0208654	-10.6826274	-9.59079936	0.17332894	1.1527846	0	100	0	0	3
276	58072	0	1.62419705	-9.87711588	-10.0202548	-10.6826274	-9.59079936	0.17332894	1.1527846	0	100	0	0	3
277	58076	0	1.63008182	-9.97007587	-10.0194006	-10.6826274	-9.59079936	0.173272409	1.1527846	0	100	0	0	3
278	58080	0	1.63596659	-9.59943762	-10.0116698	-10.6826274	-9.59079936	0.173272409	1.1527846	0	100	0	0	3
279	58083	0	1.64185136	-9.7587871	-10.0098957	-10.6826274	-9.59079936	0.173272409	1.1527846	0	100	0	0	3
280	58086	0	1.64773614	-9.98614311	-10.0106798	-10.6826274	-9.59079936	0.173272409	1.1527846	0	100	0	0	3
281	58089	0	1.65362091	-10.0542246	-10.0135099	-10.6826274	-9.59079936	0.173272409	1.1527846	0	100	0	0	3
282	58092	0	1.65950568	-10.070066	-10.0164328	-10.6826274	-9.59079936	0.173272409	1.1527846	0	100	0	0	3
283	58095	0	1.66539045	-10.1132642	-10.019011	-10.6826274	-9.59079936	0.173272409	1.1527846	0	100	0	0	3
284	58098	0	1.67127522	-9.90207408	-10.0190573	-10.6826274	-9.59079936	0.173272409	1.1527846	0	100	0	0	3
285	58101	0	1.67716	-10.045062	-10.0224407	-10.6826274	-9.59079936	0.173272409	1.1527846	0	100	0	0	3
286	58104	0	1.68304477	-10.1098395	-10.0240839	-10.6826274	-9.59079936	0.173272409	1.1527846	0	100	0	0	3
287	58107	0	1.68892954	-9.85086056	-10.0232814	-10.6826274	-9.59079936	0.173272409	1.1527846	0	100	0	0	3
288	58110	0	1.69481431	-10.0277108	-10.0243832	-10.6826274	-9.59079936	0.173272409	1.1527846	0	100	0	0	3
289	58113	0	1.70069908	-9.94730176	-10.0260539	-10.6826274	-9.59079936	0.173272409	1.1527846	0	100	0	0	3
290	58116	0	1.70658385	-10.1250292	-10.0300212	-10.6826274	-9.59079936	0.173272409	1.1527846	0	100	0	0	3
291	58118	0	1.71246863	-10.3156276	-10.0359101	-10.6826274	-9.59079936	0.173272409	1.1527846	0	100	0	0	3
292	58121	0	1.7183534	-10.1448053	-10.0393781	-10.6826274	-9.59079936	0.173272409	1.1527846	0	100	0	0	3
293	58123	0	1.72423817	-9.99511328	-10.0371978	-10.6826274	-9.59079936	0.173272409	1.1527846	0	100	0	0	3
294	58126	0	1.73012294	-10.1222839	-10.0364945	-10.6826274	-9.59079936	0.173272409	1.1527846	0	100	0	0	3
295	58129	0	1.73600771	-9.95701555	-10.03553	-10.6826274	-9.59079936	0.173272409	1.1527846	0	100	0	0	3
296	58132	0	1.74189249	-10.2288892	-10.0372292	-10.6826274	-9.59079936	0.173272409	1.1527846	0	100	0	0	3
297	58134	0	1.74777726	-10.2620863	-10.0407772	-10.6826274	-9.59079936	0.173272409	1.1527846	0	100	0	0	3
298	58137	0	1.75366203	-10.0354417	-10.0440101	-10.6826274	-9.59079936	0.173272409	1.1527846	0	100	0	0	3
299	58140	0	1.7595468	-9.79809518	-10.0387128	-10.6826274	-9.59079936	0.173272409	1.1527846	0	100	0	0	3
300	58142	0	1.76543157	-10.1311677	-10.040692	-10.6826274	-9.59079936	0.173272409	1.1527846	0	100	0	0	3
301	58149	0	1.77131635	-10.3877711	-10.0429022	-10.6826274	-9.59079936	0.173272409	1.1527846	0	100	0	0	3
302	58151	0	1.77720112	-10.4363691	-10.0484632	-10.6826274	-9.59079936	0.171942973	1.1527846	0	100	0	0	3
303	58154	0	1.78308589	-9.8985311	-10.0435192	-10.6826274	-9.59079936	0.16884492	1.1527846	0	100	0	0	3
304	58157	0	1.78897066	-10.1023051	-10.039843	-10.6826274	-9.59079936	0.16884492	1.1527846	0	100	0	0	3
305	58159	0	1.79485543	-9.86441741	-10.0382587	-10.6826274	-9.59079936	0.167303494	1.1527846	0	100	0	0	3
306	58162	0	1.80074021	-10.0422485	-10.0409553	-10.6826274	-9.59079936	0.158416786	1.1527846	0	100	0	0	3
307	58164	0	1.80662498	-10.1649172	-10.0408443	-10.6826274	-9.59079936	0.157013952	1.1527846	0	100	0	0	3
308	58167	0	1.81250975	-10.1686023	-10.0406482	-10.6826274	-9.59079936	0.156956398	1.1527846	0	100	0	0	3
309	58169	0	1.81839452	-10.2927491	-10.044159	-10.6826274	-9.59079936	0.150770959	1.1527846	0	100	0	0	3
310	58172	0	1.82427929	-10.3665261	-10.0452441	-10.6826274	-9.59079936	0.147347661	1.1527846	0	100	0	0	3
311	58174	0	1.83016406	-10.1676565	-10.044933	-10.6826274	-9.59079936	0.143676636	1.1527846	0	100	0	0	3
312	58177	0	1.83604884	-10.3635723	-10.048487	-10.6826274	-9.59079936	0.143676636	1.1527846	0	100	0	0	3
313	58179	0	1.84193361	-9.70304719	-10.0475587	-10.6826274	-9.59079936	0.135719738	1.1527846	0	100	0	0	3
314	58182	0	1.84781838	-9.81969683	-10.0383016	-10.6826274	-9.59079936	0.135719738	1.1527846	0	100	0	0	3
315	58184	0	1.85370315	-9.84335439	-10.035789	-10.6826274	-9.59079936	0.130000436	1.1527846	0	100	0	0	3
316	58187	0	1.85958792	-9.96943231	-10.0325713	-10.6826274	-9.59079936	0.122750714	1.1527846	0	100	0	0	3
317	58189	0	1.8654727	-10.1468549	-10.030328	-10.6826274	-9.59079936	0.115434191	1.1527846	0	100	0	0	3
318	58192	0	1.87135747	-10.2035773	-10.0317007	-10.6826274	-9.59079936	0.107444155	1.1527846	0	100	0	0	3
319	58195	0	1.87724224	-9.88740012	-10.0310592	-10.6826274	-9.59079936	0.0996756856	1.1527846	0	100	0	0	3
320	58198	0	1.88312701	-9.78901916	-10.0272013	-10.6826274	-9.59079936	0.0897192935	1.1527846	0	100	0	0	3
321	58200	0	1.88901178	-10.0052468	-10.0260868	-10.6826274	-9.59079936	0.0749632759	1.1527846	0	100	0	0	3
322	58203	0	1.89489656	-10.1176227	-10.0194397	-10.4363691	-9.59079936	0.0655118555	1.1527846	0	100	0	0	3
323	58206	0	1.90078133	-10.0436982	-10.0149447	-10.4363691	-9.59079936	0.0613787609	1.1527846	0	100	0	0	3
324	58208	0	1.9066661	-9.96558669	-10.0156675	-10.4363691	-9.59079936	0.0559691444	1.1527846	0	100	0	0	3
325	58211	0	1.91255087	-9.86807401	-10.0150677	-10.4363691	-9.59079936	0.0447365798	1.1527846	0	100	0	0	3
326	58214	0	1.91843564	-10.2198805	-10.0144364	-10.4363691	-9.59079936	0.0447365798	1.1527846	0	100	0	0	3
327	58216	0	1.92432042	-9.81287711	-10.0077127	-10.4363691	-9.59079936	0.0469196145	1.1527846	0	100	0	0	3
328	58219	0	1.93020519	-9.99150837	-10.0025614	-10.4363691	-9.59079936	0.0520709456	1.1527846	0	100	0	0	3
329	58221	0	1.93608996	-10.1583544	-10.0071571	-10.4363691	-9.59079936	0.0520709456	1.1527846	0	100	0	0	3
330	58224	0	1.94197473	-10.1367839	-10.0091296	-10.4363691	-9.59079936	0.0520709456	1.1527846	0	100	0	0	3
331	58226	0	1.9478595	-10.2839271	-10.0112908	-10.4363691	-9.59079936	0.0520709456	1.1527846	0	100	0	0	3
332	58229	0	1.95374427	-9.96267041	-10.0097196	-10.4363691	-9.59079936	0.0520709456	1.1527846	0	100	0	0	3
333	58231	0	1.95962905	-9.89306584	-10.0095757	-10.4363691	-9.59079936	0.0520709456	1.1527846	0	100	0	0	3
334	58233	0	1.96551382	-9.95185393	-10.0086807	-10.4363691	-9.59079936	0.0520709456	1.1527846	0	100	0	0	3
335	58236	0	1.97139859	-10.1318106	-10.0124691	-10.4363691	-9.59079936	0.0520709456	1.1527846	0	100	0	0	3
336	58238	0	1.97728336	-10.1065635	-10.0110382	-10.4363691	-9.59079936	0.0520709456	1.1527846	0	100	0	0	3
337	58241	0	1.98316813	-9.5509417	-10.0053708	-10.4363691	-9.5509417	0.0520709456	1.1527846	0	100	0	0	3
338	58243	0	1.98905291	-10.0456905	-10.0069674	-10.4363691	-9.5509417	0.0494556912	1.1527846	0	100	0	0	3
339	58246	0	1.99493768	-10.167556	-10.010806	-10.4363691	-9.5509417	0.048744456	1.1527846	0	100	0	0	3
340	58248	0	2.00082245	-10.2566973	-10.0148515	-10.4363691	-9.5509417	0.048744456	1.1527846	0	100	0	0	3
341	58251	0	2.00670722	-10.3413623	-10.0198987	-10.4363691	-9.5509417	0.048744456	1.1527846	0	100	0	0	3
342	58253	0	2.01259199	-10.0340514	-10.0199312	-10.4363691	-9.5509417	0.0459256458	1.1527846	0	100	0	0	3
343	58256	0	2.01847677	-9.86933266	-10.0177812	-10.4363691	-9.5509417	0.0459256458	1.1527846	0	100	0	0	3
344	58259	0	2.02436154	-9.67780082	-10.0117476	-10.4363691	-9.5509417	0.0459256458	1.1527846	0	100	0	0	3
345	58262	0	2.03024631	-9.72901604	-10.0115116	-10.4363691	-9.5509417	0.0459256458	1.1527846	0	100	0	0	3
346	58264	0	2.03613108	-9.75336288	-10.0101388	-10.4363691	-9.5509417	0.0459256458	1.1527846	0	100	0	0	3
347	58267	0	2.04201585	-10.0797528	-10.0138232	-10.4363691	-9.5509417	0.0459256458	1.1527846	0	100	0	0	3
348	58270	0	2.04790063	-9.85275711	-10.0115194	-10.4363691	-9.5509417	0.0459256458	1.1527846	0	100	0	0	3
349	58273	0	2.0537854	-9.86810894	-10.0096958	-10.4363691	-9.5509417	0.0459256458	1.1527846	0	100	0	0	3
350	58275	0	2.05967017	-10.1336357	-10.0160821	-10.4363691	-9.5509417	0.0459256458	1.1527846	0	100	0	0	3
351	58278	0	2.06555494	-10.2924953	-10.0199286	-10.4363691	-9.5509417	0.0459256458	1.1527846	0	100	0	0	3
352	58280	0	2.07143971	-10.1007265	-10.0192132	-10.4363691	-9.5509417	0.0459256458	1.1527846	0	100	0	0	3
353	58283	0	2.07732449	-10.1657431	-10.0219595	-10.4363691	-9.5509417	0.0459256458	1.1527846	0	100	0	0	3
354	58285	0	2.08320926	-9.97070252	-10.0189425	-10.4363691	-9.5509417	0.0459256458	1.1527846	0	100	0	0	3
355	58288	0	2.08909403	-9.72120527	-10.0188784	-10.4363691	-9.5509417	0.0459256458	1.1527846	0	100	0	0	3
356	58290	0	2.0949788	-9.58696228	-10.0173105	-10.4363691	-9.5509417	0.0459256458	1.1527846	0	100	0	0	3
357	58293	0	2.10086357	-9.93296923	-10.0183375	-10.4363691	-9.5509417	0.0459256458	1.1527846	0	100	0	0	3
358	58295	0	2.10674834	-10.0755854	-10.0189104	-10.4363691	-9.5509417	0.0459256458	1.1527846	0	100	0	0	3
359	58298	0	2.11263312	-10.3478927	-10.0260327	-10.4363691	-9.5509417	0.0459256458	1.1527846	0	100	0	0	3
360	58300	0	2.11851789	-10.0521716	-10.0270778	-10.4363691	-9.5509417	0.0459256458	1.1527846	0	100	0	0	3
361	58303	0	2.12440266	-10.1479937	-10.0302646	-10.4363691	-9.5509417	0.0459256458	1.1527846	0	100	0	0	3
362	58306	0	2.13028743	-10.2206044	-10.033212	-10.4363691	-9.5509417	0.0459256458	1.1527846	0	100	0	0	3
363	58308	0	2.1361722	-10.4123625	-10.0427758	-10.4363691	-9.5509417	0.0459256458	1.1527846	0	100	0	0	3
364	58311	0	2.14205698	-10.2635715	-10.0487144	-10.4363691	-9.5509417	0.0461530366	1.1527846	0	100	0	0	3
365	58314	0	2.14794175	-10.0300107	-10.0492305	-10.4363691	-9.5509417	0.0466691258	1.1527846	0	100	0	0	3
366	58316	0	2.15382652	-10.1141892	-10.049936	-10.4363691	-9.5509417	0.0473745916	1.1527846	0	100	0	0	3
367	58319	0	2.15971129	-10.3682282	-10.0534438	-10.4363691	-9.5509417	0.0508823821	1.1527846	0	100	0	0	3
368	58321	0	2.16559606	-10.3222231	-10.0559021	-10.4363691	-9.5509417	0.0533407222	1.1527846	0	100	0	0	3
369	58324	0	2.17148084	-10.4331747	-10.0621503	-10.4363691	-9.5509417	0.0595889646	1.1527846	0	100	0	0	3
370	58327	0	2.17736561	-9.93681909	-10.0608769	-10.4363691	-9.5509417	0.0595889646	1.1527846	0	100	0	0	3
371	58329	0	2.18325038	-10.0299749	-10.0599373	-10.4363691	-9.5509417	0.0595889646	1.1527846	0	100	0	0	3
372	58332	0	2.18913515	-10.0609977	-10.0624095	-10.4363691	-9.5509417	0.0598481358	1.1527846	0	100	0	0	3
373	58335	0	2.19501992	-9.89086127	-10.0607995	-10.4363691	-9.5509417	0.0598481358	1.1527846	0	100	0	0	3
374	58337	0	2.2009047	-10.175361	-10.0634826	-10.4363691	-9.5509417	0.060921191	1.1527846	0	100	0	0	3
375	58340	0	2.20678947	-10.2869884	-10.065388	-10.4363691	-9.5509417	0.0628265934	1.1527846	0	100	0	0	3
376	58342	0	2.21267424	-9.99260607	-10.0615877	-10.4363691	-9.5509417	0.0628265934	1.1527846	0	100	0	0	3
377	58344	0	2.21855901	-10.3672364	-10.0642046	-10.4363691	-9.5509417	0.0628265934	1.1527846	0	100	0	0	3
378	58347	0	2.22444378	-10.2874368	-10.0676437	-10.4363691	-9.5509417	0.0650822769	1.1527846	0	100	0	0	3
379	58349	0	2.23032855	-10.2253122	-10.0688558	-10.4363691	-9.5509417	0.066294375	1.1527846	0	100	0	0	3
380	58352	0	2.23621333	-10.0341669	-10.0697634	-10.4363691	-9.5509417	0.0672020375	1.1527846	0	100	0	0	3
381	58354	0	2.2420981	-9.67508462	-10.0632481	-10.4363691	-9.5509417	0.0672020375	1.1527846	0	100	0	0	3
382	58357	0	2.24798287	-9.66586604	-10.0562337	-10.4363691	-9.5509417	0.0672020375	1.1527846	0	100	0	0	3
383	58359	0	2.25386764	-9.8109318	-10.0535924	-10.4363691	-9.5509417	0.0672020375	1.1527846	0	100	0	0	3
384	58362	0	2.25975241	-9.7898515	-10.0534954	-10.4363691	-9.5509417	0.0672020375	1.1527846	0	100	0	0	3
385	58365	0	2.26563719	-10.0046789	-10.0520073	-10.4363691	-9.5509417	0.0672020375	1.1527846	0	100	0	0	3
386	58368	0	2.27152196	-10.0788814	-10.0483733	-10.4363691	-9.5509417	0.0672020375	1.1527846	0	100	0	0	3
387	58371	0	2.27740673	-10.0618711	-10.0439675	-10.4331747	-9.5509417	0.0672020375	1.1527846	0	100	0	0	3
388	58373	0	2.2832915	-9.87690802	-10.0437131	-10.4331747	-9.5509417	0.0672020375	1.1527846	0	100	0	0	3
389	58376	0	2.28917627	-9.87431736	-10.0410309	-10.4331747	-9.5509417	0.0672020375	1.1527846	0	100	0	0	3
390	58379	0	2.29506105	-9.99264557	-10.0425394	-10.4331747	-9.5509417	0.0672020375	1.1527846	0	100	0	0	3
391	58381	0	2.30094582	-9.94064479	-10.0413441	-10.4331747	-9.5509417	0.0672020375	1.1527846	0	100	0	0	3
392	58384	0	2.30683059	-9.77329763	-10.0367368	-10.4331747	-9.5509417	0.0672020375	1.1527846	0	100	0	0	3
393	58387	0	2.31271536	-10.0947195	-10.0358676	-10.4331747	-9.5509417	0.0672020375	1.1527846	0	100	0	0	3
394	58390	0	2.31860013	-9.84560091	-10.030607	-10.4331747	-9.5509417	0.0672020375	1.1527846	0	100	0	0	3
395	58392	0	2.32448491	-9.93995853	-10.0255886	-10.4331747	-9.5509417	0.0672020375	1.1527846	0	100	0	0	3
396	58395	0	2.33036968	-9.87025073	-10.0220897	-10.4331747	-9.5509417	0.0672020375	1.1527846	0	100	0	0	3
397	58397	0	2.33625445	-10.1066021	-10.0190665	-10.4331747	-9.5509417	0.0672020375	1.1527846	0	100	0	0	3
398	58400	0	2.34213922	-10.1090663	-10.0238432	-10.4331747	-9.5509417	0.0672020375	1.1527846	0	100	0	0	3
399	58402	0	2.34802399	-10.1699762	-10.0279642	-10.4331747	-9.5509417	0.0672020375	1.1527846	0	100	0	0	3
400	58405	0	2.35390876	-10.1319759	-10.0313597	-10.4331747	-9.5509417	0.0672020375	1.1527846	0	100	0	0	3
401	58412	0	2.35979354	-10.006697	-10.0317981	-10.4331747	-9.5509417	0.0672020375	1.1527846	0	100	0	0	3
402	58415	0	2.36567831	-9.92550708	-10.029194	-10.4331747	-9.5509417	0.0672020375	1.1527846	0	100	0	0	3
403	58418	0	2.37156308	-10.1835608	-10.0289585	-10.4331747	-9.5509417	0.0672020375	1.1527846	0	100	0	0	3
404	58420	0	2.37744785	-10.0422401	-10.0307802	-10.4331747	-9.5509417	0.0672020375	1.1527846	0	100	0	0	3
405	58423	0	2.38333262	-10.2204603	-10.035856	-10.4331747	-9.5509417	0.0672020375	1.1527846	0	100	0	0	3
406	58426	0	2.3892174	-10.1720535	-10.0378184	-10.4331747	-9.5509417	0.0672020375	1.1527846	0	100	0	0	3
407	58428	0	2.39510217	-10.4395497	-10.0416058	-10.4395497	-9.5509417	0.0672020375	1.1527846	0	100	0	0	3
408	58431	0	2.40098694	-10.0213979	-10.0413434	-10.4395497	-9.5509417	0.0672020375	1.1527846	0	100	0	0	3
409	58433	0	2.40687171	-10.0954029	-10.0428707	-10.4395497	-9.5509417	0.0672020375	1.1527846	0	100	0	0	3
410	58436	0	2.41275648	-10.1733852	-10.0464626	-10.4395497	-9.5509417	0.0672020375	1.1527846	0	100	0	0	3
411	58438	0	2.41864126	-10.1219875	-10.0453109	-10.4395497	-9.5509417	0.0672020375	1.1527846	0	100	0	0	3
412	58441	0	2.42452603	-9.95698542	-10.0470063	-10.4395497	-9.5509417	0.0672020375	1.1527846	0	100	0	0	3
413	58443	0	2.4304108	-10.2138459	-10.049622	-10.4395497	-9.5509417	0.0643926152	1.1527846	0	100	0	0	3
414	58446	0	2.43629557	-10.2869492	-10.0511349	-10.4395497	-9.5509417	0.0643926152	1.1527846	0	100	0	0	3
415	58448	0	2.44218034	-10.5105634	-10.0555323	-10.5105634	-9.5509417	0.0643926152	1.1527846	0	100	0	0	3
416	58450	0	2.44806512	-9.8972514	-10.0509832	-10.5105634	-9.5509417	0.0643926152	1.1527846	0	100	0	0	3
417	58453	0	2.45394989	-10.1694393	-10.0534157	-10.5105634	-9.5509417	0.0643926152	1.1527846	0	100	0	0	3
418	58455	0	2.45983466	-10.1476336	-10.0564107	-10.5105634	-9.5509417	0.0643926152	1.1527846	0	100	0	0	3
419	58457	0	2.46571943	-10.5051946	-10.0629205	-10.5105634	-9.5509417	0.0643926152	1.1527846	0	100	0	0	3
420	58460	0	2.4716042	-10.397204	-10.0660428	-10.5105634	-9.5509417	0.0643926152	1.1527846	0	100	0	0	3
421	58463	0	2.47748898	-10.0763251	-10.0656871	-10.5105634	-9.5509417	0.0643926152	1.1527846	0	100	0	0	3
422	58465	0	2.48337375	-9.91551418	-10.0699762	-10.5105634	-9.58696228	0.0630087153	1.1527846	0	100	0	0	3
423	58467	0	2.48925852	-10.1660085	-10.0713917	-10.5105634	-9.58696228	0.0616958757	1.1527846	0	100	0	0	3
424	58470	0	2.49514329	-10.1138588	-10.0707599	-10.5105634	-9.58696228	0.0616958757	1.1527846	0	100	0	0	3
425	58473	0	2.50102806	-10.1715226	-10.0697579	-10.5105634	-9.58696228	0.0616958757	1.1527846	0	100	0	0	3
426	58475	0	2.50691283	-10.1051034	-10.0669784	-10.5105634	-9.58696228	0.0616958757	1.1527846	0	100	0	0	3
427	58478	0	2.51279761	-9.9193689	-10.0656292	-10.5105634	-9.58696228	0.0616958757	1.1527846	0	100	0	0	3
428	58480	0	2.51868238	-9.91110173	-10.0661206	-10.5105634	-9.58696228	0.0616958757	1.1527846	0	100	0	0	3
429	58483	0	2.52456715	-10.222225	-10.0725256	-10.5105634	-9.58696228	0.0628297578	1.1527846	0	100	0	0	3
430	58485	0	2.53045192	-10.0300518	-10.0760671	-10.5105634	-9.58696228	0.0663713548	1.1527846	0	100	0	0	3
431	58488	0	2.53633669	-10.2169912	-10.0815216	-10.5105634	-9.58696228	0.0718258052	1.1527846	0	100	0	0	3
432	58490	0	2.54222147	-10.0348294	-10.0809931	-10.5105634	-9.58696228	0.0718258052	1.1527846	0	100	0	0	3
433	58493	0	2.54810624	-9.77421519	-10.0800691	-10.5105634	-9.58696228	0.0718258052	1.1527846	0	100	0	0	3
434	58495	0	2.55399101	-9.81855389	-10.0794861	-10.5105634	-9.58696228	0.0654394957	1.1527846	0	100	0	0	3
435	58498	0	2.55987578	-9.90104293	-10.0767497	-10.5105634	-9.58696228	0.064211082	1.1527846	0	100	0	0	3
436	58500	0	2.56576055	-10.1427021	-10.0749874	-10.5105634	-9.58696228	0.064211082	1.1527846	0	100	0	0	3
437	58503	0	2.57164533	-10.0913208	-10.0748768	-10.5105634	-9.58696228	0.064211082	1.1527846	0	100	0	0	3
438	58505	0	2.5775301	-9.7556555	-10.0700522	-10.5105634	-9.58696228	0.064211082	1.1527846	0	100	0	0	3
439	58508	0	2.58341487	-9.91295427	-10.0693728	-10.5105634	-9.58696228	0.064211082	1.1527846	0	100	0	0	3
440	58510	0	2.58929964	-10.1306532	-10.0741898	-10.5105634	-9.58696228	0.064211082	1.1527846	0	100	0	0	3
441	58513	0	2.59518441	-10.2303529	-10.0817591	-10.5105634	-9.66586604	0.0634216439	1.1527846	0	100	0	0	3
442	58516	0	2.60106919	-9.89344136	-10.0812941	-10.5105634	-9.66586604	0.0628487016	1.1527846	0	100	0	0	3
443	58518	0	2.60695396	-9.85256987	-10.0786704	-10.5105634	-9.66586604	0.0626926014	1.1527846	0	100	0	0	3
444	58521	0	2.61283873	-10.3533428	-10.0787345	-10.5105634	-9.66586604	0.0626926014	1.1527846	0	100	0	0	3
445	58523	0	2.6187235	-10.3560275	-10.0823093	-10.5105634	-9.66586604	0.06324275	1.1527846	0	100	0	0	3
446	58526	0	2.62460827	-9.84266395	-10.0787172	-10.5105634	-9.66586604	0.06324275	1.1527846	0	100	0	0	3
447	58529	0	2.63049304	-9.9772445	-10.0758541	-10.5105634	-9.66586604	0.06324275	1.1527846	0	100	0	0	3
448	58531	0	2.63637782	-10.2597446	-10.0740586	-10.5105634	-9.66586604	0.06324275	1.1527846	0	100	0	0	3
449	58534	0	2.64226259	-9.98661279	-10.0708003	-10.5105634	-9.66586604	0.06324275	1.1527846	0	100	0	0	3
450	58536	0	2.64814736	-10.1583224	-10.0723098	-10.5105634	-9.66586604	0.06324275	1.1527846	0	100	0	0	3
451	58539	0	2.65403213	-10.5316149	-10.0772207	-10.5316149	-9.66586604	0.06324275	1.1527846	0	100	0	0	3
452	58542	0	2.6599169	-10.3089421	-10.0765232	-10.5316149	-9.66586604	0.06324275	1.1527846	0	100	0	0	3
453	58544	0	2.66580168	-10.2145074	-10.075256	-10.5316149	-9.66586604	0.06324275	1.1527846	0	100	0	0	3
454	58547	0	2.67168645	-9.69316221	-10.06655	-10.5316149	-9.66586604	0.06324275	1.1527846	0	100	0	0	3
455	58549	0	2.67757122	-10.0722082	-10.0681428	-10.5316149	-9.66586604	0.06324275	1.1527846	0	100	0	0	3
456	58552	0	2.68345599	-10.4853555	-10.0735002	-10.5316149	-9.66586604	0.06324275	1.1527846	0	100	0	0	3
457	58554	0	2.68934076	-10.2994349	-10.0763053	-10.5316149	-9.66586604	0.06324275	1.1527846	0	100	0	0	3
458	58557	0	2.69522554	-10.0557217	-10.0782449	-10.5316149	-9.66586604	0.06324275	1.1527846	0	100	0	0	3
459	58559	0	2.70111031	-9.88719452	-10.0748547	-10.5316149	-9.66586604	0.06324275	1.1527846	0	100	0	0	3
460	58562	0	2.70699508	-10.0214245	-10.0717304	-10.5316149	-9.66586604	0.06324275	1.1527846	0	100	0	0	3
461	58564	0	2.71287985	-10.424045	-10.0768061	-10.5316149	-9.66586604	0.06324275	1.1527846	0	100	0	0	3
462	58566	0	2.71876462	-10.3259397	-10.0763203	-10.5316149	-9.66586604	0.06324275	1.1527846	0	100	0	0	3
463	58569	0	2.7246494	-10.2153888	-10.0754727	-10.5316149	-9.66586604	0.06324275	1.1527846	0	100	0	0	3
464	58571	0	2.73053417	-9.92722009	-10.0719657	-10.5316149	-9.66586604	0.06324275	1.1527846	0	100	0	0	3
465	58574	0	2.73641894	-9.93006236	-10.0707409	-10.5316149	-9.66586604	0.06324275	1.1527846	0	100	0	0	3
466	58576	0	2.74230371	-10.1738993	-10.0766094	-10.5316149	-9.66586604	0.06324275	1.1527846	0	100	0	0	3
467	58579	0	2.74818848	-10.3641034	-10.0848239	-10.5316149	-9.69316221	0.0657573788	1.1527846	0	100	0	0	3
468	58581	0	2.75407326	-10.038384	-10.0874998	-10.5316149	-9.69316221	0.0684332871	1.1527846	0	100	0	0	3
469	58584	0	2.75995803	-10.1667149	-10.0919335	-10.5316149	-9.69316221	0.0728669747	1.1527846	0	100	0	0	3
470	58587	0	2.7658428	-9.92272274	-10.0909693	-10.5316149	-9.69316221	0.0728669747	1.1527846	0	100	0	0	3
471	58589	0	2.77172757	-10.1978904	-10.0923694	-10.5316149	-9.69316221	0.0733028907	1.1527846	0	100	0	0	3
472	58592	0	2.77761234	-10.2865407	-10.0950126	-10.5316149	-9.69316221	0.0759460626	1.1527846	0	100	0	0	3
473	58594	0	2.78349711	-10.2157745	-10.0989993	-10.5316149	-9.69316221	0.0799327266	1.1527846	0	100	0	0	3
474	58596	0	2.78938189	-10.2616182	-10.1035557	-10.5316149	-9.69316221	0.0844892066	1.1527846	0	100	0	0	3
475	58599	0	2.79526666	-10.3464195	-10.1077178	-10.5316149	-9.69316221	0.0886512527	1.1527846	0	100	0	0	3
476	58601	0	2.80115143	-10.3290757	-10.1122876	-10.5316149	-9.69316221	0.0932210277	1.1527846	0	100	0	0	3
477	58603	0	2.8070362	-10.3201438	-10.118721	-10.5316149	-9.69316221	0.0996545119	1.1527846	0	100	0	0	3
478	58606	0	2.81292097	-10.2140488	-10.1201249	-10.5316149	-9.69316221	0.101058386	1.1527846	0	100	0	0	3
479	58608	0	2.81880575	-10.0357265	-10.1223617	-10.5316149	-9.69316221	0.103295158	1.1527846	0	100	0	0	3
480	58611	0	2.82469052	-10.3547021	-10.127241	-10.5316149	-9.69316221	0.108174493	1.1527846	0	100	0	0	3
481	58613	0	2.83057529	-10.1512615	-10.130547	-10.5316149	-9.69316221	0.111480502	1.1527846	0	100	0	0	3
482	58616	0	2.83646006	-10.0102971	-10.129414	-10.5316149	-9.69316221	0.106703806	1.1527846	0	100	0	0	3
483	58618	0	2.84234483	-9.70799291	-10.1246955	-10.5316149	-9.69316221	0.102582872	1.1527846	0	100	0	0	3
484	58620	0	2.84822961	-10.1891082	-10.1249206	-10.5316149	-9.69316221	0.101588497	1.1527846	0	100	0	0	3
485	58623	0	2.85411438	-10.3011131	-10.1269105	-10.5316149	-9.69316221	0.101588497	1.1527846	0	100	0	0	3
486	58625	0	2.85999915	-10.1138355	-10.1281709	-10.5316149	-9.69316221	0.101588497	1.1527846	0	100	0	0	3
487	58628	0	2.86588392	-9.95343355	-10.1284995	-10.5316149	-9.69316221	0.101588497	1.1527846	0	100	0	0	3
488	58631	0	2.87176869	-9.74699526	-10.1233634	-10.5316149	-9.69316221	0.0997668496	1.1527846	0	100	0	0	3
489	58633	0	2.87765347	-9.71256515	-10.1194849	-10.5316149	-9.69316221	0.0946910717	1.1527846	0	100	0	0	3
490	58636	0	2.88353824	-9.5852902	-10.1120123	-10.5316149	-9.5852902	0.092728641	1.1527846	0	100	0	0	3
491	58638	0	2.88942301	-9.90610313	-10.1088834	-10.5316149	-9.5852902	0.0892036209	1.1527846	0	100	0	0	3
492	58641	0	2.89530778	-10.0566633	-10.1043789	-10.5316149	-9.5852902	0.0892036209	1.1527846	0	100	0	0	3
493	58643	0	2.90119255	-9.87261963	-10.1026286	-10.5316149	-9.5852902	0.0876763715	1.1527846	0	100	0	0	3
494	58646	0	2.90707732	-9.96430592	-10.1010862	-10.5316149	-9.5852902	0.0852361566	1.1527846	0	100	0	0	3
495	58649	0	2.9129621	-9.7866614	-10.0965366	-10.5316149	-9.5852902	0.0852361566	1.1527846	0	100	0	0	3
496	58651	0	2.91884687	-9.68361695	-10.0913793	-10.5316149	-9.5852902	0.0835407647	1.1527846	0	100	0	0	3
497	58654	0	2.92473164	-9.40638361	-10.0849016	-10.5316149	-9.40638361	0.0809250293	1.1527846	0	100	0	0	3
498	58656	0	2.93061641	-9.92419816	-10.081494	-10.5316149	-9.40638361	0.0795638705	1.1527846	0	100	0	0	3
499	58659	0	2.93650118	-10.0750808	-10.0790014	-10.5316149	-9.40638361	0.0795638705	1.1527846	0	100	0	0	3
500	58661	0	2.94238596	-9.93161991	-10.0721903	-10.5316149	-9.40638361	0.0795638705	1.1527846	0	100	0	0	3
501	58668	0	2.94827073	-10.4228558	-10.0783739	-10.5316149	-9.40638361	0.0771312957	1.1527846	0	100	0	0	3
502	58671	0	2.9541555	-10.4124122	-10.0812324	-10.5316149	-9.40638361	0.0741363804	1.1527846	0	100	0	0	3
503	58673	0	2.96004027	-10.1287913	-10.0810107	-10.5316149	-9.40638361	0.06762649	1.1527846	0	100	0	0	3
504	58676	0	2.96592504	-10.0686816	-10.0758753	-10.5316149	-9.40638361	0.0649178752	1.1527846	0	100	0	0	3
505	58678	0	2.97180982	-10.0900389	-10.0722616	-10.5316149	-9.40638361	0.0649178752	1.1527846	0	100	0	0	3
506	58680	0	2.97769459	-10.1952884	-10.0736611	-10.5316149	-9.40638361	0.0649178752	1.1527846	0	100	0	0	3
507	58683	0	2.98357936	-10.2602882	-10.0777173	-10.5316149	-9.40638361	0.0649178752	1.1527846	0	100	0	0	3
508	58685	0	2.98946413	-10.2431052	-10.0786243	-10.5316149	-9.40638361	0.0649178752	1.1527846	0	100	0	0	3
509	58688	0	2.9953489	-10.5171512	-10.0833689	-10.5316149	-9.40638361	0.0649178752	1.1527846	0	100	0	0	3
510	58690	0	3.00123368	-10.2316355	-10.0840761	-10.5316149	-9.40638361	0.0649178752	1.1527846	0	100	0	0	3
511	58693	0	3.00711845	-10.1573197	-10.0846904	-10.5316149	-9.40638361	0.0649178752	1.1527846	0	100	0	0	3
512	58695	0	3.01300322	-10.2019924	-10.0880154	-10.5316149	-9.40638361	0.0644264744	1.1527846	0	100	0	0	3
513	58698	0	3.01888799	-10.2470432	-10.0919677	-10.5316149	-9.40638361	0.0639970829	1.1527846	0	100	0	0	3
514	58700	0	3.02477276	-10.4122736	-10.0942035	-10.5316149	-9.40638361	0.0639970829	1.1527846	0	100	0	0	3
515	58703	0	3.03065753	-10.169941	-10.0958493	-10.5316149	-9.40638361	0.0639970829	1.1527846	0	100	0	0	3
516	58705	0	3.03654231	-9.94188027	-10.0926127	-10.5316149	-9.40638361	0.0639970829	1.1527846	0	100	0	0	3
517	58708	0	3.04242708	-9.94048698	-10.0915028	-10.5316149	-9.40638361	0.0639970829	1.1527846	0	100	0	0	3
518	58711	0	3.04831185	-9.63922431	-10.0899147	-10.5316149	-9.40638361	0.0639970829	1.1527846	0	100	0	0	3
519	58713	0	3.05419662	-9.95566491	-10.0915277	-10.5316149	-9.40638361	0.0639970829	1.1527846	0	100	0	0	3
520	58716	0	3.06008139	-9.95418466	-10.0921529	-10.5316149	-9.40638361	0.0639970829	1.1527846	0	100	0	0	3
521	58718	0	3.06596617	-9.9685651	-10.0901043	-10.5316149	-9.40638361	0.0639970829	1.1527846	0	100	0	0	3
522	58721	0	3.07185094	-9.56084097	-10.0838633	-10.5316149	-9.40638361	0.0639970829	1.1527846	0	100	0	0	3
523	58723	0	3.07773571	-9.96487694	-10.0863248	-10.5316149	-9.40638361	0.0639970829	1.1527846	0	100	0	0	3
524	58726	0	3.08362048	-10.010315	-10.0874702	-10.5316149	-9.40638361	0.0639970829	1.1527846	0	100	0	0	3
525	58729	0	3.08950525	-9.94682333	-10.0853075	-10.5316149	-9.40638361	0.0639970829	1.1527846	0	100	0	0	3
526	58731	0	3.09539003	-9.78996663	-10.0801265	-10.5316149	-9.40638361	0.0639970829	1.1527846	0	100	0	0	3
527	58734	0	3.1012748	-10.1554996	-10.0832095	-10.5316149	-9.40638361	0.0639970829	1.1527846	0	100	0	0	3
528	58736	0	3.10715957	-10.3755972	-10.0893628	-10.5316149	-9.40638361	0.0639970829	1.1527846	0	100	0	0	3
529	58739	0	3.11304434	-10.4366538	-10.0903429	-10.5316149	-9.40638361	0.0639970829	1.1527846	0	100	0	0	3
530	58742	0	3.11892911	-10.0529977	-10.0867778	-10.5316149	-9.40638361	0.0639970829	1.1527846	0	100	0	0	3
531	58744	0	3.12481389	-10.5364005	-10.0949394	-10.5364005	-9.40638361	0.0639970829	1.1527846	0	100	0	0	3
532	58747	0	3.13069866	-10.4894867	-10.1009658	-10.5364005	-9.40638361	0.0639970829	1.1527846	0	100	0	0	3
533	58750	0	3.13658343	-10.2779886	-10.1011804	-10.5364005	-9.40638361	0.0639970829	1.1527846	0	100	0	0	3
534	58752	0	3.1424682	-10.0158959	-10.101525	-10.5364005	-9.40638361	0.0639970829	1.1527846	0	100	0	0	3
535	58755	0	3.14835297	-10.1717461	-10.1016829	-10.5364005	-9.40638361	0.0639970829	1.1527846	0	100	0	0	3
536	58757	0	3.15423775	-10.3571773	-10.0996307	-10.5364005	-9.40638361	0.0639970829	1.1527846	0	100	0	0	3
537	58760	0	3.16012252	-10.6529369	-10.1036777	-10.6529369	-9.40638361	0.0639970829	1.1527846	0	100	0	0	3
538	58762	0	3.16600729	-10.4340725	-10.1062608	-10.6529369	-9.40638361	0.0639970829	1.1527846	0	100	0	0	3
539	58765	0	3.17189206	-10.3847546	-10.1143972	-10.6529369	-9.40638361	0.0624042699	1.1527846	0	100	0	0	3
540	58768	0	3.17777683	-10.0823243	-10.1145162	-10.6529369	-9.40638361	0.0598060881	1.1527846	0	100	0	0	3
541	58770	0	3.1836616	-10.100806	-10.1099921	-10.6529369	-9.40638361	0.0598060881	1.1527846	0	100	0	0	3
542	58772	0	3.18954638	-10.3854305	-10.1110038	-10.6529369	-9.40638361	0.0598060881	1.1527846	0	100	0	0	3
543	58775	0	3.19543115	-10.5149002	-10.1164059	-10.6529369	-9.40638361	0.0598060881	1.1527846	0	100	0	0	3
544	58777	0	3.20131592	-10.4586979	-10.1231295	-10.6529369	-9.40638361	0.0598060881	1.1527846	0	100	0	0	3
545	58780	0	3.20720069	-10.067316	-10.1236694	-10.6529369	-9.40638361	0.0598060881	1.1527846	0	100	0	0	3
546	58782	0	3.21308546	-9.91555477	-10.1176871	-10.6529369	-9.40638361	0.0598060881	1.1527846	0	100	0	0	3
547	58785	0	3.21897024	-10.4379713	-10.1190051	-10.6529369	-9.40638361	0.0598060881	1.1527846	0	100	0	0	3
548	58788	0	3.22485501	-10.1360585	-10.1180718	-10.6529369	-9.40638361	0.0598060881	1.1527846	0	100	0	0	3
549	58790	0	3.23073978	-10.1852135	-10.1211071	-10.6529369	-9.40638361	0.0598060881	1.1527846	0	100	0	0	3
550	58792	0	3.23662455	-10.1367744	-10.123539	-10.6529369	-9.40638361	0.0583567362	1.1527846	0	100	0	0	3
551	58795	0	3.24250932	-10.1940647	-10.1237762	-10.6529369	-9.40638361	0.0583567362	1.1527846	0	100	0	0	3
552	58797	0	3.2483941	-10.1308726	-10.1210323	-10.6529369	-9.40638361	0.0583567362	1.1527846	0	100	0	0	3
553	58800	0	3.25427887	-10.1008677	-10.1217674	-10.6529369	-9.40638361	0.0583567362	1.1527846	0	100	0	0	3
554	58802	0	3.26016364	-10.0766031	-10.1207073	-10.6529369	-9.40638361	0.0583567362	1.1527846	0	100	0	0	3
555	58805	0	3.26604841	-10.1163142	-10.1229848	-10.6529369	-9.40638361	0.0583567362	1.1527846	0	100	0	0	3
556	58807	0	3.27193318	-10.0319111	-10.1210321	-10.6529369	-9.40638361	0.0583567362	1.1527846	0	100	0	0	3
557	58810	0	3.27781796	-10.2314721	-10.1203843	-10.6529369	-9.40638361	0.0583567362	1.1527846	0	100	0	0	3
558	58812	0	3.28370273	-10.4663132	-10.1233318	-10.6529369	-9.40638361	0.0583567362	1.1527846	0	100	0	0	3
559	58815	0	3.2895875	-9.97093942	-10.119912	-10.6529369	-9.40638361	0.0583567362	1.1527846	0	100	0	0	3
560	58817	0	3.29547227	-9.77628911	-10.1132046	-10.6529369	-9.40638361	0.0583567362	1.1527846	0	100	0	0	3
561	58820	0	3.30135704	-9.97826346	-10.1090774	-10.6529369	-9.40638361	0.0583567362	1.1527846	0	100	0	0	3
562	58822	0	3.30724181	-10.0345919	-10.105718	-10.6529369	-9.40638361	0.0583567362	1.1527846	0	100	0	0	3
563	58825	0	3.31312659	-10.3835309	-10.1077119	-10.6529369	-9.40638361	0.0583567362	1.1527846	0	100	0	0	3
564	58828	0	3.31901136	-10.0315754	-10.107663	-10.6529369	-9.40638361	0.0583567362	1.1527846	0	100	0	0	3
565	58830	0	3.32489613	-10.0929376	-10.1045835	-10.6529369	-9.40638361	0.0583567362	1.1527846	0	100	0	0	3
566	58833	0	3.3307809	-10.0493558	-10.1033846	-10.6529369	-9.40638361	0.0572237359	1.1527846	0	100	0	0	3
567	58835	0	3.33666567	-10.0776372	-10.1041768	-10.6529369	-9.40638361	0.0563091569	1.1527846	0	100	0	0	3
568	58838	0	3.34255045	-9.80342108	-10.1052995	-10.6529369	-9.40638361	0.0563091569	1.1527846	0	100	0	0	3
569	58840	0	3.34843522	-10.4129914	-10.1079334	-10.6529369	-9.40638361	0.0563091569	1.1527846	0	100	0	0	3
570	58843	0	3.35431999	-10.1753847	-10.1064543	-10.6529369	-9.40638361	0.0563091569	1.1527846	0	100	0	0	3
571	58846	0	3.36020476	-10.018812	-10.1053363	-10.6529369	-9.40638361	0.0563091569	1.1527846	0	100	0	0	3
572	58848	0	3.36608953	-9.90459075	-10.1047617	-10.6529369	-9.40638361	0.0515859029	1.1527846	0	100	0	0	3
573	58851	0	3.37197431	-9.85594198	-10.1060434	-10.6529369	-9.40638361	0.0515859029	1.1527846	0	100	0	0	3
574	58853	0	3.37785908	-10.0526736	-10.1100447	-10.6529369	-9.40638361	0.0515859029	1.1527846	0	100	0	0	3
575	58856	0	3.38374385	-10.0769799	-10.1158293	-10.6529369	-9.40638361	0.0515859029	1.1527846	0	100	0	0	3
576	58858	0	3.38962862	-9.7685172	-10.1142106	-10.6529369	-9.40638361	0.0515859029	1.1527846	0	100	0	0	3
577	58861	0	3.39551339	-10.1479988	-10.1152852	-10.6529369	-9.40638361	0.0515859029	1.1527846	0	100	0	0	3
578	58864	0	3.40139817	-9.98633102	-10.116623	-10.6529369	-9.40638361	0.0515859029	1.1527846	0	100	0	0	3
579	58866	0	3.40728294	-9.90958553	-10.1159792	-10.6529369	-9.40638361	0.0515859029	1.1527846	0	100	0	0	3
580	58869	0	3.41316771	-10.0632533	-10.1192332	-10.6529369	-9.40638361	0.0515859029	1.1527846	0	100	0	0	3
581	58871	0	3.41905248	-10.0999922	-10.1241317	-10.6529369	-9.40638361	0.0519414376	1.1527846	0	100	0	0	3
582	58874	0	3.42493725	-9.54965627	-10.1258173	-10.6529369	-9.54965627	0.0536269983	1.1527846	0	100	0	0	3
583	58877	0	3.43082202	-9.79432349	-10.1242894	-10.6529369	-9.54965627	0.0536269983	1.1527846	0	100	0	0	3
584	58879	0	3.4367068	-10.2110301	-10.1258888	-10.6529369	-9.54965627	0.0536984647	1.1527846	0	100	0	0	3
585	58881	0	3.44259157	-10.287687	-10.1300778	-10.6529369	-9.54965627	0.0578162315	1.1527846	0	100	0	0	3
586	58884	0	3.44847634	-9.95377027	-10.1245591	-10.6529369	-9.54965627	0.0578162315	1.1527846	0	100	0	0	3
587	58886	0	3.45436111	-9.78610783	-10.1171908	-10.6529369	-9.54965627	0.0578162315	1.1527846	0	100	0	0	3
588	58889	0	3.46024588	-9.75690452	-10.1128157	-10.6529369	-9.54965627	0.0578162315	1.1527846	0	100	0	0	3
589	58891	0	3.46613066	-10.1666723	-10.1139685	-10.6529369	-9.54965627	0.0578162315	1.1527846	0	100	0	0	3
590	58893	0	3.47201543	-10.2084926	-10.1153621	-10.6529369	-9.54965627	0.0564166638	1.1527846	0	100	0	0	3
591	58896	0	3.4779002	-9.8397949	-10.1111798	-10.6529369	-9.54965627	0.0523604992	1.1527846	0	100	0	0	3
592	58898	0	3.48378497	-9.95413732	-10.1075781	-10.6529369	-9.54965627	0.0514534792	1.1527846	0	100	0	0	3
593	58901	0	3.48966974	-10.4551699	-10.1100729	-10.6529369	-9.54965627	0.0499513356	1.1527846	0	100	0	0	3
594	58904	0	3.49555452	-10.3700387	-10.1083422	-10.6529369	-9.54965627	0.0499513356	1.1527846	0	100	0	0	3
595	58906	0	3.50143929	-10.1025459	-10.1068235	-10.6529369	-9.54965627	0.0499513356	1.1527846	0	100	0	0	3
596	58909	0	3.50732406	-9.97025246	-10.1046227	-10.6529369	-9.54965627	0.0499513356	1.1527846	0	100	0	0	3
597	58911	0	3.51320883	-10.2697709	-10.1054201	-10.6529369	-9.54965627	0.0499513356	1.1527846	0	100	0	0	3
598	58914	0	3.5190936	-10.4480578	-10.107785	-10.6529369	-9.54965627	0.0499513356	1.1527846	0	100	0	0	3
599	58916	0	3.52497838	-10.5246973	-10.1091076	-10.6529369	-9.54965627	0.0499513356	1.1527846	0	100	0	0	3
600	58919	0	3.53086315	-10.1945117	-10.1093967	-10.6529369	-9.54965627	0.0499513356	1.1527846	0	100	0	0	3
601	58926	0	3.53674792	-9.93550341	-10.1093217	-10.6529369	-9.54965627	0.0499513356	1.1527846	0	100	0	0	3
602	58928	0	3.54263269	-10.0429892	-10.1105276	-10.6529369	-9.54965627	0.0499513356	1.1527846	0	100	0	0	3
603	58931	0	3.54851746	-10.339133	-10.1187618	-10.6529369	-9.54965627	0.0499513356	1.1527846	0	100	0	0	3
604	58933	0	3.55440224	-10.067245	-10.1200745	-10.6529369	-9.54965627	0.0499513356	1.1527846	0	100	0	0	3
605	58936	0	3.56028701	-10.0644175	-10.1213714	-10.6529369	-9.54965627	0.0499513356	1.1527846	0	100	0	0	3
606	58938	0	3.56617178	-10.0559726	-10.1223997	-10.6529369	-9.54965627	0.0499513356	1.1527846	0	100	0	0	3
607	58941	0	3.57205655	-10.4895033	-10.1333251	-10.6529369	-9.54965627	0.0531986662	1.1527846	0	100	0	0	3
608	58943	0	3.57794132	-10.1925838	-10.136004	-10.6529369	-9.54965627	0.0558775708	1.1527846	0	100	0	0	3
609	58946	0	3.58382609	-10.0716832	-10.136726	-10.6529369	-9.54965627	0.0565995498	1.1527846	0	100	0	0	3
610	58949	0	3.58971087	-10.0010894	-10.1373644	-10.6529369	-9.54965627	0.0572379742	1.1527846	0	100	0	0	3
611	58951	0	3.59559564	-10.2872953	-10.1432154	-10.6529369	-9.54965627	0.0600058618	1.1527846	0	100	0	0	3
612	58954	0	3.60148041	-10.0853026	-10.1423895	-10.6529369	-9.54965627	0.0564375265	1.1527846	0	100	0	0	3
613	58956	0	3.60736518	-10.2705937	-10.1411542	-10.6529369	-9.54965627	0.0564375265	1.1527846	0	100	0	0	3
614	58959	0	3.61324995	-10.062069	-10.1367473	-10.6529369	-9.54965627	0.0564375265	1.1527846	0	100	0	0	3
615	58961	0	3.61913473	-10.2008464	-10.1384867	-10.6529369	-9.54965627	0.0482759199	1.1527846	0	100	0	0	3
616	58964	0	3.6250195	-9.79029173	-10.1297089	-10.6529369	-9.54965627	0.0435846786	1.1527846	0	100	0	0	3
617	58966	0	3.63090427	-10.044222	-10.1244705	-10.6529369	-9.54965627	0.0435846786	1.1527846	0	100	0	0	3
618	58969	0	3.63678904	-10.0005798	-10.1212069	-10.6529369	-9.54965627	0.0435846786	1.1527846	0	100	0	0	3
619	58971	0	3.64267381	-10.4092853	-10.125835	-10.6529369	-9.54965627	0.0435846786	1.1527846	0	100	0	0	3
620	58974	0	3.64855859	-10.1237042	-10.1252698	-10.6529369	-9.54965627	0.0435846786	1.1527846	0	100	0	0	3
621	58976	0	3.65444336	-9.83936736	-10.1191779	-10.6529369	-9.54965627	0.0398307858	1.1527846	0	100	0	0	3
622	58979	0	3.66032813	-9.966188	-10.1110985	-10.5246973	-9.54965627	0.0398307858	1.1527846	0	100	0	0	3
623	58981	0	3.6662129	-9.93457657	-10.1052221	-10.5246973	-9.54965627	0.0398307858	1.1527846	0	100	0	0	3
624	58984	0	3.67209767	-10.0461125	-10.1012381	-10.5246973	-9.54965627	0.0419772737	1.1527846	0	100	0	0	3
625	58986	0	3.67798245	-9.76028145	-10.0974493	-10.5246973	-9.54965627	0.045766013	1.1527846	0	100	0	0	3
626	58988	0	3.68386722	-9.61795449	-10.0917687	-10.5246973	-9.54965627	0.0514466187	1.1527846	0	100	0	0	3
627	58991	0	3.68975199	-9.75292811	-10.0843275	-10.5246973	-9.54965627	0.0588878237	1.1527846	0	100	0	0	3
628	58993	0	3.69563676	-9.8093004	-10.0760264	-10.5246973	-9.54965627	0.0671889973	1.1527846	0	100	0	0	3
629	58995	0	3.70152153	-10.064435	-10.071388	-10.5246973	-9.54965627	0.0718273839	1.1527846	0	100	0	0	3
630	58998	0	3.7074063	-9.80139732	-10.0682595	-10.5246973	-9.54965627	0.0749558394	1.1527846	0	100	0	0	3
631	59000	0	3.71329108	-9.7562786	-10.0663857	-10.5246973	-9.54965627	0.0768296767	1.1527846	0	100	0	0	3
632	59003	0	3.71917585	-9.53317312	-10.055741	-10.5246973	-9.53317312	0.0874743609	1.1527846	0	100	0	0	3
633	59005	0	3.72506062	-9.72596522	-10.0509164	-10.5246973	-9.53317312	0.0922989879	1.1527846	0	100	0	0	3
634	59008	0	3.73094539	-9.633548	-10.0444262	-10.5246973	-9.53317312	0.0987891704	1.1527846	0	100	0	0	3
635	59011	0	3.73683016	-9.38754109	-10.0356117	-10.5246973	-9.38754109	0.10760368	1.1527846	0	100	0	0	3
636	59013	0	3.74271494	-9.67300415	-10.0294815	-10.5246973	-9.38754109	0.113733804	1.1527846	0	100	0	0	3
637	59016	0	3.74859971	-9.93055593	-10.0271249	-10.5246973	-9.38754109	0.116090471	1.1527846	0	100	0	0	3
638	59018	0	3.75448448	-9.74297294	-10.0229144	-10.5246973	-9.38754109	0.120300998	1.1527846	0	100	0	0	3
639	59021	0	3.76036925	-9.61127668	-10.0174399	-10.5246973	-9.38754109	0.125775426	1.1527846	0	100	0	0	3
640	59023	0	3.76625402	-9.53931774	-10.0106517	-10.5246973	-9.38754109	0.132563619	1.1527846	0	100	0	0	3
641	59026	0	3.7721388	-9.99057864	-10.0101655	-10.5246973	-9.38754109	0.133049884	1.1527846	0	100	0	0	3
642	59028	0	3.77802357	-10.0633409	-10.0081875	-10.5246973	-9.38754109	0.135027899	1.1527846	0	100	0	0	3
643	59031	0	3.78390834	-10.1610808	-10.0045965	-10.5246973	-9.38754109	0.138618868	1.1527846	0	100	0	0	3
644	59034	0	3.78979311	-9.83497184	-10.0029969	-10.5246973	-9.38754109	0.140218486	1.1527846	0	100	0	0	3
645	59036	0	3.79567788	-9.97682319	-10.0053561	-10.5246973	-9.38754109	0.140218486	1.1527846	0	100	0	0	3
646	59039	0	3.80156266	-10.0397017	-10.0060789	-10.5246973	-9.38754109	0.140218486	1.1527846	0	100	0	0	3
647	59041	0	3.80744743	-10.4368746	-10.0108116	-10.5246973	-9.38754109	0.140218486	1.1527846	0	100	0	0	3
648	59044	0	3.8133322	-10.4209619	-10.011252	-10.5246973	-9.38754109	0.140218486	1.1527846	0	100	0	0	3
649	59046	0	3.81921697	-10.3599822	-10.0151156	-10.5246973	-9.38754109	0.140218486	1.1527846	0	100	0	0	3
650	59049	0	3.82510174	-10.2636661	-10.0171242	-10.5246973	-9.38754109	0.140218486	1.1527846	0	100	0	0	3
651	59052	0	3.83098651	-10.1821758	-10.0186868	-10.5246973	-9.38754109	0.140218486	1.1527846	0	100	0	0	3
652	59054	0	3.83687129	-9.99468537	-10.0177109	-10.5246973	-9.38754109	0.140218486	1.1527846	0	100	0	0	3
653	59057	0	3.84275606	-10.3774548	-10.0244642	-10.5246973	-9.38754109	0.140218486	1.1527846	0	100	0	0	3
654	59059	0	3.84864083	-10.3956026	-10.0242596	-10.5246973	-9.38754109	0.140218486	1.1527846	0	100	0	0	3
655	59062	0	3.8545256	-10.2649299	-10.0253131	-10.5246973	-9.38754109	0.140218486	1.1527846	0	100	0	0	3
656	59064	0	3.86041037	-9.90369091	-10.0239587	-10.5246973	-9.38754109	0.140218486	1.1527846	0	100	0	0	3
657	59067	0	3.86629515	-10.2537614	-10.0280666	-10.5246973	-9.38754109	0.140218486	1.1527846	0	100	0	0	3
658	59069	0	3.87217992	-10.2905352	-10.0331795	-10.5246973	-9.38754109	0.140218486	1.1527846	0	100	0	0	3
659	59072	0	3.87806469	-9.95355702	-10.0320134	-10.5246973	-9.38754109	0.140218486	1.1527846	0	100	0	0	3
660	59075	0	3.88394946	-9.96868869	-10.0307394	-10.5246973	-9.38754109	0.140218486	1.1527846	0	100	0	0	3
661	59077	0	3.88983423	-10.5725982	-10.0401992	-10.5725982	-9.38754109	0.140218486	1.1527846	0	100	0	0	3
662	59080	0	3.89571901	-10.2284736	-10.0411459	-10.5725982	-9.38754109	0.140218486	1.1527846	0	100	0	0	3
663	59082	0	3.90160378	-9.89174568	-10.0400332	-10.5725982	-9.38754109	0.140218486	1.1527846	0	100	0	0	3
664	59085	0	3.90748855	-9.95898993	-10.0406144	-10.5725982	-9.38754109	0.140218486	1.1527846	0	100	0	0	3
665	59088	0	3.91337332	-9.8066355	-10.0375954	-10.5725982	-9.38754109	0.140218486	1.1527846	0	100	0	0	3
666	59090	0	3.91925809	-9.78364459	-10.0338736	-10.5725982	-9.38754109	0.140218486	1.1527846	0	100	0	0	3
667	59093	0	3.92514287	-9.96251063	-10.0387307	-10.5725982	-9.38754109	0.140218486	1.1527846	0	100	0	0	3
668	59095	0	3.93102764	-9.90322899	-10.040012	-10.5725982	-9.38754109	0.140218486	1.1527846	0	100	0	0	3
669	59098	0	3.93691241	-10.090148	-10.0385898	-10.5725982	-9.38754109	0.140218486	1.1527846	0	100	0	0	3
670	59100	0	3.94279718	-9.92068279	-10.0342721	-10.5725982	-9.38754109	0.140218486	1.1527846	0	100	0	0	3
671	59103	0	3.94868195	-10.0717432	-10.03566	-10.5725982	-9.38754109	0.140218486	1.1527846	0	100	0	0	3
672	59105	0	3.95456673	-10.1547496	-10.039997	-10.5725982	-9.38754109	0.140218486	1.1527846	0	100	0	0	3
673	59108	0	3.9604515	-9.80169897	-10.040524	-10.5725982	-9.38754109	0.140218486	1.1527846	0	100	0	0	3
674	59111	0	3.96633627	-10.0742983	-10.0394373	-10.5725982	-9.38754109	0.140218486	1.1527846	0	100	0	0	3
675	59113	0	3.97222104	-10.4245905	-10.0419796	-10.5725982	-9.38754109	0.140218486	1.1527846	0	100	0	0	3
676	59116	0	3.97810581	-10.1223436	-10.0453037	-10.5725982	-9.38754109	0.140218486	1.1527846	0	100	0	0	3
677	59118	0	3.98399058	-9.7781016	-10.0432327	-10.5725982	-9.38754109	0.140218486	1.1527846	0	100	0	0	3
678	59121	0	3.98987536	-10.1578124	-10.0397344	-10.5725982	-9.38754109	0.140218486	1.1527846	0	100	0	0	3
679	59124	0	3.99576013	-9.96549748	-10.034975	-10.5725982	-9.38754109	0.140218486	1.1527846	0	100	0	0	3
680	59127	0	4.0016449	-10.0166372	-10.0339644	-10.5725982	-9.38754109	0.140218486	1.1527846	0	100	0	0	3
