Iteration	CPUTime	PhysTime	Travels	Value	AvValue	MinValue	MaxValue	Delta	Criteria	Progress	CriteriaType	CriteriaVarType	CriteriaPercentage
1	14	0	0.00588477191	-2.32330907	-2.32330907	-2.32330907	-2.32330907	0	0	0	0	0	0	3
2	18	0	0.0117695438	0.253134297	-1.03508739	-2.32330907	0.253134297	1.28822168	0	0	0	0	0	3
3	20	0	0.0176543157	2.02679997	-0.0144582681	-2.32330907	2.02679997	2.3088508	0	0	0	0	0	3
4	23	0	0.0235390876	-0.440617197	-0.120998	-2.32330907	2.02679997	2.3088508	0	0	0	0	0	3
5	26	0	0.0294238596	0.69413293	0.0420281857	-2.32330907	2.02679997	2.36533726	0	0	0	0	0	3
6	28	0	0.0353086315	-0.923383339	-0.118873735	-2.32330907	2.02679997	2.36533726	0	0	0	0	0	3
7	30	0	0.0411934034	-0.0938741962	-0.115302372	-2.32330907	2.02679997	2.36533726	0	0	0	0	0	3
8	33	0	0.0470781753	-0.563929737	-0.171380793	-2.32330907	2.02679997	2.36533726	0	0	0	0	0	3
9	35	0	0.0529629472	0.0402879543	-0.147862043	-2.32330907	2.02679997	2.36533726	0	0	0	0	0	3
10	37	0	0.0588477191	-0.335352896	-0.166611129	-2.32330907	2.02679997	2.36533726	0	0	0	0	0	3
11	39	0	0.064732491	-0.143686743	-0.164527093	-2.32330907	2.02679997	2.36533726	0	0	0	0	0	3
12	41	0	0.0706172629	-0.388299941	-0.183174831	-2.32330907	2.02679997	2.36533726	0	0	0	0	0	3
13	44	0	0.0765020349	-0.471066795	-0.205320366	-2.32330907	2.02679997	2.36533726	0	0	0	0	0	3
14	46	0	0.0823868068	-0.518321415	-0.227677584	-2.32330907	2.02679997	2.36533726	0	0	0	0	0	3
15	48	0	0.0882715787	-0.313281869	-0.233384536	-2.32330907	2.02679997	2.36533726	0	0	0	0	0	3
16	50	0	0.0941563506	-0.516823719	-0.251099485	-2.32330907	2.02679997	2.36533726	0	0	0	0	0	3
17	52	0	0.100041123	-0.259344312	-0.251584475	-2.32330907	2.02679997	2.36533726	0	0	0	0	0	3
18	55	0	0.105925894	-0.337576713	-0.256361822	-2.32330907	2.02679997	2.36533726	0	0	0	0	0	3
19	57	0	0.111810666	-0.0999376794	-0.248128972	-2.32330907	2.02679997	2.36533726	0	0	0	0	0	3
20	59	0	0.117695438	-0.246892516	-0.248067149	-2.32330907	2.02679997	2.36533726	0	0	0	0	0	3
21	62	0	0.12358021	-0.14151037	-0.242993017	-2.32330907	2.02679997	2.36533726	0	0	0	0	0	3
22	64	0	0.129464982	-0.200544082	-0.24106352	-2.32330907	2.02679997	2.36533726	0	0	0	0	0	3
23	66	0	0.135349754	-0.276903456	-0.242621778	-2.32330907	2.02679997	2.36533726	0	0	0	0	0	3
24	69	0	0.141234526	-0.10982415	-0.237088544	-2.32330907	2.02679997	2.36533726	0	0	0	0	0	3
25	71	0	0.147119298	-0.364480804	-0.242184234	-2.32330907	2.02679997	2.36533726	0	0	0	0	0	3
26	73	0	0.15300407	-0.16283077	-0.239132178	-2.32330907	2.02679997	2.36533726	0	0	0	0	0	3
27	76	0	0.158888842	-0.133945164	-0.235236362	-2.32330907	2.02679997	2.36533726	0	0	0	0	0	3
28	78	0	0.164773614	-0.0937572259	-0.230183536	-2.32330907	2.02679997	2.36533726	0	0	0	0	0	3
29	80	0	0.170658385	0.0782210109	-0.219548897	-2.32330907	2.02679997	2.36533726	0	0	0	0	0	3
30	82	0	0.176543157	0.0565366499	-0.210346045	-2.32330907	2.02679997	2.36533726	0	0	0	0	0	3
31	85	0	0.182427929	0.119506571	-0.199705638	-2.32330907	2.02679997	2.36533726	0	0	0	0	0	3
32	87	0	0.188312701	0.33607877	-0.182962375	-2.32330907	2.02679997	2.36533726	0	0	0	0	0	3
33	89	0	0.194197473	0.244909845	-0.16999655	-2.32330907	2.02679997	2.36533726	0	0	0	0	0	3
34	92	0	0.200082245	0.519087912	-0.14972936	-2.32330907	2.02679997	2.36533726	0	0	0	0	0	3
35	94	0	0.205967017	0.501278943	-0.131129123	-2.32330907	2.02679997	2.36533726	0	0	0	0	0	3
36	96	0	0.211851789	0.796820472	-0.105352745	-2.32330907	2.02679997	2.36533726	0	0	0	0	0	3
37	99	0	0.217736561	0.863298243	-0.079172989	-2.32330907	2.02679997	2.36533726	0	0	0	0	0	3
38	101	0	0.223621333	0.960782377	-0.0518057425	-2.32330907	2.02679997	2.36533726	0	0	0	0	0	3
39	104	0	0.229506105	1.08932874	-0.0225458841	-2.32330907	2.02679997	2.36533726	0	0	0	0	0	3
40	106	0	0.235390876	1.4123182	0.0133257179	-2.32330907	2.02679997	2.36533726	0	0	0	0	0	3
41	109	0	0.241275648	1.57951533	0.0515254645	-2.32330907	2.02679997	2.37483454	0	0	0	0	0	3
42	111	0	0.24716042	1.58803686	0.0881090691	-2.32330907	2.02679997	2.41141814	0	0	0	0	0	3
43	114	0	0.253045192	1.59582874	0.123172317	-2.32330907	2.02679997	2.44648139	0	0	0	0	0	3
44	116	0	0.258929964	1.62188815	0.157234041	-2.32330907	2.02679997	2.48054311	0	0	0	0	0	3
45	119	0	0.264814736	1.41475098	0.185178862	-2.32330907	2.02679997	2.50848793	0	0	0	0	0	3
46	121	0	0.270699508	1.49193774	0.213586663	-2.32330907	2.02679997	2.53689574	0	0	0	0	0	3
47	124	0	0.27658428	1.43186501	0.239507479	-2.32330907	2.02679997	2.56281655	0	0	0	0	0	3
48	127	0	0.282469052	1.69001124	0.269726307	-2.32330907	2.02679997	2.59303538	0	0	0	0	0	3
49	129	0	0.288353824	1.72909068	0.299509254	-2.32330907	2.02679997	2.62281833	0	0	0	0	0	3
50	132	0	0.294238596	1.93624003	0.332243869	-2.32330907	2.02679997	2.65555294	0	0	0	0	0	3
51	134	0	0.300123368	1.88019652	0.362595882	-2.32330907	2.02679997	2.68590495	0	0	0	0	0	3
52	136	0	0.306008139	1.95128505	0.393147597	-2.32330907	2.02679997	2.71645667	0	0	0	0	0	3
53	139	0	0.311892911	2.05099347	0.424427708	-2.32330907	2.05099347	2.74773678	0	0	0	0	0	3
54	141	0	0.317777683	2.39779678	0.460971579	-2.32330907	2.39779678	2.78428065	0	0	0	0	0	3
55	144	0	0.323662455	2.4313687	0.496796982	-2.32330907	2.4313687	2.82010605	0	0	0	0	0	3
56	146	0	0.329547227	2.71527081	0.536412586	-2.32330907	2.71527081	2.85972166	0	0	0	0	0	3
57	148	0	0.335431999	2.79553016	0.576046227	-2.32330907	2.79553016	2.8993553	0	0	0	0	0	3
58	151	0	0.341316771	2.95539261	0.617069441	-2.32330907	2.95539261	2.94037851	0	0	0	0	0	3
59	153	0	0.347201543	2.80017502	0.65407123	-2.32330907	2.95539261	2.9773803	0	0	0	0	0	3
60	156	0	0.353086315	2.89870325	0.691481764	-2.32330907	2.95539261	3.01479084	0	0	0	0	0	3
61	159	0	0.358971087	2.88575629	0.727453477	-2.32330907	2.95539261	3.05076255	0	0	0	0	0	3
62	161	0	0.364855859	3.01476308	0.764345568	-2.32330907	3.01476308	3.08765464	0	0	0	0	0	3
63	164	0	0.37074063	2.8921807	0.798120729	-2.32330907	3.01476308	3.1214298	0	0	0	0	0	3
64	166	0	0.376625402	2.88003252	0.8306506	-2.32330907	3.01476308	3.15395967	0	0	0	0	0	3
65	169	0	0.382510174	2.83060755	0.861419169	-2.32330907	3.01476308	3.18472824	0	0	0	0	0	3
66	172	0	0.388394946	2.76562952	0.890270841	-2.32330907	3.01476308	3.21357991	0	0	0	0	0	3
67	174	0	0.394279718	2.78235925	0.918510966	-2.32330907	3.01476308	3.24182004	0	0	0	0	0	3
68	177	0	0.40016449	2.80390559	0.946237358	-2.32330907	3.01476308	3.26954643	0	0	0	0	0	3
69	179	0	0.406049262	2.77185562	0.972695594	-2.32330907	3.01476308	3.29600467	0	0	0	0	0	3
70	181	0	0.411934034	2.80450774	0.998864338	-2.32330907	3.01476308	3.32217341	0	0	0	0	0	3
71	184	0	0.417818806	2.71873086	1.02308781	-2.32330907	3.01476308	3.34639688	0	0	0	0	0	3
72	187	0	0.423703578	2.57784358	1.04468164	-2.32330907	3.01476308	3.36799071	0	0	0	0	0	3
73	189	0	0.42958835	2.35239041	1.06259546	-2.32330907	3.01476308	3.38590453	0	0	0	0	0	3
74	192	0	0.435473122	2.35391027	1.08004566	-2.32330907	3.01476308	3.40335473	0	0	0	0	0	3
75	194	0	0.441357893	2.22692916	1.09533744	-2.32330907	3.01476308	3.41864651	0	0	0	0	0	3
76	197	0	0.447242665	2.1582571	1.10932322	-2.32330907	3.01476308	3.4326323	0	0	0	0	0	3
77	199	0	0.453127437	1.95251471	1.12027376	-2.32330907	3.01476308	3.44358284	0	0	0	0	0	3
78	202	0	0.459012209	1.91458166	1.1304572	-2.32330907	3.01476308	3.45376627	0	0	0	0	0	3
79	204	0	0.464896981	1.62510837	1.13671861	-2.32330907	3.01476308	3.46002768	0	0	0	0	0	3
80	207	0	0.470781753	1.49757875	1.14122936	-2.32330907	3.01476308	3.46453843	0	0	0	0	0	3
81	209	0	0.476666525	1.34831404	1.14378596	-2.32330907	3.01476308	3.46709503	0	0	0	0	0	3
82	211	0	0.482551297	1.436502	1.14735567	-2.32330907	3.01476308	3.47066474	0	0	0	0	0	3
83	214	0	0.488436069	1.29663589	1.14915422	-2.32330907	3.01476308	3.47246329	0	0	0	0	0	3
84	216	0	0.494320841	1.36277737	1.15169736	-2.32330907	3.01476308	3.47500643	0	0	0	0	0	3
85	219	0	0.500205613	1.36077859	1.15415713	-2.32330907	3.01476308	3.47746621	0	0	0	0	0	3
86	221	0	0.506090384	1.5588064	1.19982908	-0.923383339	3.01476308	2.23491647	0	0	0	0	0	3
87	224	0	0.511975156	1.72317812	1.21712371	-0.923383339	3.01476308	1.47348554	0	0	0	0	0	3
88	226	0	0.517859928	1.83946907	1.21491982	-0.923383339	3.01476308	1.47348554	0	0	0	0	0	3
89	229	0	0.5237447	2.0009521	1.24364417	-0.923383339	3.01476308	1.50000599	0	0	0	0	0	3
90	231	0	0.529629472	2.1041607	1.26023273	-0.923383339	3.01476308	1.51659455	0	0	0	0	0	3
91	234	0	0.535514244	2.27030491	1.29780553	-0.563929737	3.01476308	1.55416735	0	0	0	0	0	3
92	236	0	0.541399016	2.36182564	1.32669612	-0.563929737	3.01476308	1.58305794	0	0	0	0	0	3
93	239	0	0.547283788	2.34244898	1.36088881	-0.518321415	3.01476308	1.61725063	0	0	0	0	0	3
94	241	0	0.55316856	2.43278285	1.38903581	-0.518321415	3.01476308	1.64539763	0	0	0	0	0	3
95	244	0	0.559053332	2.35748002	1.42071619	-0.518321415	3.01476308	1.67707802	0	0	0	0	0	3
96	246	0	0.564938104	2.45659439	1.45130774	-0.518321415	3.01476308	1.70766956	0	0	0	0	0	3
97	249	0	0.570822876	2.43315957	1.48450138	-0.518321415	3.01476308	1.7408632	0	0	0	0	0	3
98	251	0	0.576707647	2.5500138	1.5200435	-0.518321415	3.01476308	1.77640532	0	0	0	0	0	3
99	254	0	0.582592419	2.55820374	1.55623792	-0.516823719	3.01476308	1.81259974	0	0	0	0	0	3
100	257	0	0.588477191	2.69567764	1.59163744	-0.516823719	3.01476308	1.84799926	0	0	0	0	0	3
101	264	0	0.594361963	2.74389888	1.62999888	-0.364480804	3.01476308	1.8863607	0	0	0	0	0	3
102	266	0	0.600246735	2.68831194	1.66467719	-0.364480804	3.01476308	1.92103901	0	0	0	0	0	3
103	268	0	0.606131507	2.61338278	1.69939436	-0.364480804	3.01476308	1.94752333	0	0	0	0	0	3
104	271	0	0.612016279	2.62541187	1.7314573	-0.364480804	3.01476308	1.97952445	0	0	0	0	0	3
105	273	0	0.617901051	2.57391532	1.76464327	-0.364480804	3.01476308	2.00763629	0	0	0	0	0	3
106	275	0	0.623785823	2.4651007	1.79530928	-0.364480804	3.01476308	2.03793106	0	0	0	0	0	3
107	278	0	0.629670595	2.18469088	1.82337087	-0.364480804	3.01476308	2.06599265	0	0	0	0	0	3
108	280	0	0.635555367	2.00719298	1.8502426	-0.364480804	3.01476308	2.09242683	0	0	0	0	0	3
109	283	0	0.641440138	1.77656645	1.87243543	-0.364480804	3.01476308	2.11461966	0	0	0	0	0	3
110	285	0	0.64732491	1.60820292	1.89564347	-0.16283077	3.01476308	2.13477565	0	0	0	0	0	3
111	287	0	0.653209682	1.4106922	1.9141555	-0.133945164	3.01476308	2.14939187	0	0	0	0	0	3
112	290	0	0.659094454	1.4041993	1.93225132	-0.0937572259	3.01476308	2.16243486	0	0	0	0	0	3
113	292	0	0.664979226	1.34029086	1.94912248	0.0565366499	3.01476308	2.16867137	0	0	0	0	0	3
114	295	0	0.670863998	1.27783218	1.96323555	0.0565366499	3.01476308	2.17358159	0	0	0	0	0	3
115	297	0	0.67674877	1.06441831	1.97509298	0.119506571	3.01476308	2.17479862	0	0	0	0	0	3
116	300	0	0.682633542	1.04774097	1.98601338	0.244909845	3.01476308	2.16897576	0	0	0	0	0	3
117	302	0	0.688518314	0.95171411	1.99325615	0.244909845	3.01476308	2.1632527	0	0	0	0	0	3
118	305	0	0.694403086	1.03717105	2.00257687	0.501278943	3.01476308	2.15230623	0	0	0	0	0	3
119	307	0	0.700287858	0.85132091	2.0064855	0.501278943	3.01476308	2.13761462	0	0	0	0	0	3
120	310	0	0.706172629	1.04965104	2.01293693	0.796820472	3.01476308	2.11828968	0	0	0	0	0	3
121	312	0	0.712057401	0.968880898	2.01496117	0.85132091	3.01476308	2.09413416	0	0	0	0	0	3
122	315	0	0.717942173	1.10134835	2.01776176	0.85132091	3.01476308	2.06956751	0	0	0	0	0	3
123	317	0	0.723826945	1.06844103	2.01902834	0.85132091	3.01476308	2.04157422	0	0	0	0	0	3
124	320	0	0.729711717	1.22581869	2.0206341	0.85132091	3.01476308	2.00730838	0	0	0	0	0	3
125	322	0	0.735596489	1.34028525	2.01978665	0.85132091	3.01476308	1.96910864	0	0	0	0	0	3
126	325	0	0.741481261	1.55919212	2.01954756	0.85132091	3.01476308	1.93252503	0	0	0	0	0	3
127	327	0	0.747366033	1.75735764	2.02153957	0.85132091	3.01476308	1.89836725	0	0	0	0	0	3
128	329	0	0.753250805	1.85462928	2.02458428	0.85132091	3.01476308	1.86735024	0	0	0	0	0	3
129	332	0	0.759135577	1.92270762	2.02812333	0.85132091	3.01476308	1.84294447	0	0	0	0	0	3
130	334	0	0.765020349	2.03177252	2.03538241	0.85132091	3.01476308	1.82179574	0	0	0	0	0	3
131	337	0	0.770905121	2.10306884	2.04257219	0.85132091	3.01476308	1.80306471	0	0	0	0	0	3
132	339	0	0.776789892	2.21436447	2.05177806	0.85132091	3.01476308	1.78205175	0	0	0	0	0	3
133	341	0	0.782674664	2.28221684	2.05874519	0.85132091	3.01476308	1.75923593	0	0	0	0	0	3
134	343	0	0.788559436	2.49348514	2.06773806	0.85132091	3.01476308	1.73549419	0	0	0	0	0	3
135	346	0	0.794444208	2.50348203	2.0744115	0.85132091	3.01476308	1.71181562	0	0	0	0	0	3
136	348	0	0.80032898	2.68919999	2.08392919	0.85132091	3.01476308	1.69078159	0	0	0	0	0	3
137	350	0	0.806213752	2.71065799	2.09286298	0.85132091	3.01476308	1.66843528	0	0	0	0	0	3
138	352	0	0.812098524	2.87839968	2.10259718	0.85132091	3.01476308	1.6416256	0	0	0	0	0	3
139	355	0	0.817983296	2.93408666	2.10890647	0.85132091	3.01476308	1.61210949	0	0	0	0	0	3
140	357	0	0.823868068	3.12697424	2.11709006	0.85132091	3.12697424	1.58067748	0	0	0	0	0	3
141	359	0	0.82975284	3.09309964	2.12153511	0.85132091	3.12697424	1.54548888	0	0	0	0	0	3
142	361	0	0.835637612	3.20673908	2.12637286	0.85132091	3.20673908	1.50930342	0	0	0	0	0	3
143	364	0	0.841522383	3.35926188	2.13112426	0.85132091	3.35926188	1.47705303	0	0	0	0	0	3
144	366	0	0.847407155	3.49693822	2.13932148	0.85132091	3.49693822	1.44783971	0	0	0	0	0	3
145	369	0	0.853291927	3.61244599	2.14771845	0.85132091	3.61244599	1.42026497	0	0	0	0	0	3
146	371	0	0.859176699	3.73742247	2.15773805	0.85132091	3.73742247	1.39339248	0	0	0	0	0	3
147	374	0	0.865061471	3.79352703	2.16689998	0.85132091	3.79352703	1.36877925	0	0	0	0	0	3
148	377	0	0.870946243	3.85709003	2.17825186	0.85132091	3.85709003	1.34760126	0	0	0	0	0	3
149	379	0	0.876831015	3.83922231	2.18953644	0.85132091	3.85709003	1.32811727	0	0	0	0	0	3
150	382	0	0.882715787	3.89620115	2.20207284	0.85132091	3.89620115	1.311802	0	0	0	0	0	3
151	384	0	0.888600559	3.80290137	2.21427603	0.85132091	3.89620115	1.29576507	0	0	0	0	0	3
152	387	0	0.894485331	3.76744632	2.22586529	0.85132091	3.89620115	1.27962794	0	0	0	0	0	3
153	389	0	0.900370103	3.76205198	2.23713761	0.85132091	3.89620115	1.26444201	0	0	0	0	0	3
154	392	0	0.906254875	3.79925581	2.24922467	0.85132091	3.89620115	1.25036033	0	0	0	0	0	3
155	394	0	0.912139646	3.7808437	2.26071097	0.85132091	3.89620115	1.23762316	0	0	0	0	0	3
156	397	0	0.918024418	3.69939234	2.27224817	0.85132091	3.89620115	1.22756652	0	0	0	0	0	3
157	399	0	0.92390919	3.46804184	2.28272109	0.85132091	3.89620115	1.22012563	0	0	0	0	0	3
158	402	0	0.929793962	3.43843387	2.29549807	0.85132091	3.89620115	1.21545241	0	0	0	0	0	3
159	405	0	0.935678734	3.16690575	2.30506272	0.85132091	3.89620115	1.20972528	0	0	0	0	0	3
160	407	0	0.941563506	3.1130651	2.31548785	0.85132091	3.89620115	1.20616462	0	0	0	0	0	3
161	410	0	0.947448278	2.80344174	2.32307826	0.85132091	3.89620115	1.20280449	0	0	0	0	0	3
162	412	0	0.95333305	2.69162651	2.33177369	0.85132091	3.89620115	1.20131649	0	0	0	0	0	3
163	414	0	0.959217822	2.50103244	2.33867311	0.85132091	3.89620115	1.20195451	0	0	0	0	0	3
164	417	0	0.965102594	2.32466395	2.34690318	0.85132091	3.89620115	1.20567382	0	0	0	0	0	3
165	419	0	0.970987366	2.25209689	2.35577986	0.85132091	3.89620115	1.2119939	0	0	0	0	0	3
166	421	0	0.976872137	2.36490853	2.3677398	0.85132091	3.89620115	1.22038413	0	0	0	0	0	3
167	424	0	0.982756909	2.34620737	2.37844221	0.85132091	3.89620115	1.22928799	0	0	0	0	0	3
168	426	0	0.988641681	2.3958403	2.39137403	0.85132091	3.89620115	1.23967667	0	0	0	0	0	3
169	428	0	0.994526453	2.30746767	2.40248803	0.85132091	3.89620115	1.2483309	0	0	0	0	0	3
170	431	0	1.00041123	2.27048792	2.41319049	0.85132091	3.89620115	1.21336141	0.144587535	0	11.9	0	0	3
171	433	0	1.006296	2.12752551	2.41988131	0.85132091	3.89620115	1.20496149	0.144587535	0	11.9	0	0	3
172	436	0	1.01218077	2.07064776	2.42396919	0.85132091	3.89620115	1.20904936	0.144587535	0	11.9	0	0	3
173	438	0	1.01806554	1.97624302	2.42557829	0.85132091	3.89620115	1.18193413	0.144587535	0	12.2	0	0	3
174	440	0	1.02395031	1.96716683	2.42518082	0.85132091	3.89620115	1.16534556	0.144587535	0	12.4	0	0	3
175	443	0	1.02983508	1.8972195	2.42274622	0.85132091	3.89620115	1.12777276	0.144587535	0	12.8	0	0	3
176	445	0	1.03571986	1.86046685	2.41792459	0.85132091	3.89620115	1.09888217	0.144587535	0	13.1	0	0	3
177	448	0	1.04160463	1.76510731	2.41090438	0.85132091	3.89620115	1.06468948	0.144587535	0	13.5	0	0	3
178	450	0	1.0474894	1.75286189	2.40396806	0.85132091	3.89620115	1.03654248	0.144587535	0	13.9	0	0	3
179	453	0	1.05337417	1.80151368	2.39654136	0.85132091	3.89620115	1.0048621	0.144587535	0	14.3	0	0	3
180	455	0	1.05925894	1.84939122	2.39056385	0.85132091	3.89620115	0.974270554	0.144587535	0	14.8	0	0	3
181	458	0	1.06514372	1.84020255	2.38331218	0.85132091	3.89620115	0.941076913	0.144587535	0	15.3	0	0	3
182	460	0	1.07102849	1.9497699	2.37762524	0.85132091	3.89620115	0.905534788	0.144587535	0	15.9	0	0	3
183	463	0	1.07691326	2.02121487	2.37140408	0.85132091	3.89620115	0.869340375	0.144587535	0	16.6	0	0	3
184	465	0	1.08279803	2.22789899	2.36751814	0.85132091	3.89620115	0.833940851	0.144587535	0	17.3	0	0	3
185	468	0	1.0886828	2.26892466	2.36249751	0.85132091	3.89620115	0.795579409	0.144587535	0	18.1	0	0	3
186	471	0	1.09456758	2.336155	2.35770053	0.85132091	3.89620115	0.7609011	0.144587535	0	19	0	0	3
187	473	0	1.10045235	2.33903642	2.3535914	0.85132091	3.89620115	0.726183929	0.144587535	0	19.9	0	0	3
188	475	0	1.10633712	2.38332194	2.3508848	0.85132091	3.89620115	0.694120994	0.144587535	0	20.8	0	0	3
189	478	0	1.11222189	2.36256679	2.34779251	0.85132091	3.89620115	0.660935019	0.144587535	0	21.8	0	0	3
190	480	0	1.11810666	2.28767151	2.34442494	0.85132091	3.89620115	0.630269006	0.144587535	0	22.9	0	0	3
191	482	0	1.12399144	2.09675788	2.34009149	0.85132091	3.89620115	0.602207419	0.144587535	0	24	0	0	3
192	484	0	1.12987621	2.00394506	2.33796507	0.85132091	3.89620115	0.575335696	0.144587535	0	25.1	0	0	3
193	486	0	1.13576098	1.81889165	2.33574976	0.85132091	3.89620115	0.553142865	0.144587535	0	26.1	0	0	3
194	489	0	1.14164575	1.7633826	2.33559466	0.85132091	3.89620115	0.529934821	0.144587535	0	27.2	0	0	3
195	491	0	1.14753052	1.5759038	2.33521467	0.85132091	3.89620115	0.511422787	0.144587535	0	28.2	0	0	3
196	493	0	1.15341529	1.57594684	2.33715884	0.85132091	3.89620115	0.493326969	0.144587535	0	29.3	0	0	3
197	495	0	1.15930007	1.41365463	2.33727008	0.85132091	3.89620115	0.476455815	0.144587535	0	30.3	0	0	3
198	497	0	1.16518484	1.41604028	2.33816125	0.85132091	3.89620115	0.462342743	0.144587535	0	31.2	0	0	3
199	500	0	1.17106961	1.29407844	2.33835238	0.85132091	3.89620115	0.450485311	0.144587535	0	32	0	0	3
200	502	0	1.17695438	1.2604359	2.34065847	0.85132091	3.89620115	0.439564907	0.144587535	0	32.8	0	0	3
201	509	0	1.18283915	1.26819752	2.34325208	0.85132091	3.89620115	0.432322138	0.144587535	0	33.4	0	0	3
202	511	0	1.18872393	1.31985784	2.34758318	0.85132091	3.89620115	0.423001418	0.144587535	0	34.1	0	0	3
203	513	0	1.1946087	1.26674562	2.35028406	0.85132091	3.89620115	0.419092794	0.144587535	0	34.5	0	0	3
204	515	0	1.20049347	1.28468081	2.35538241	0.968880898	3.89620115	0.412641358	0.144587535	0	35	0	0	3
205	517	0	1.20637824	1.25589962	2.35780886	0.968880898	3.89620115	0.410617118	0.144587535	0	35.2	0	0	3
206	520	0	1.21226301	1.32660407	2.36201737	1.06844103	3.89620115	0.407816528	0.144587535	0	35.4	0	0	3
207	522	0	1.21814779	1.40377448	2.36557532	1.06844103	3.89620115	0.406549956	0.144587535	0	35.5	0	0	3
208	524	0	1.22403256	1.50931276	2.37076205	1.22581869	3.89620115	0.406030735	0.144587535	0	35.6	0	0	3
209	526	0	1.22991733	1.62253346	2.37542928	1.25589962	3.89620115	0.406030735	0.144587535	0	35.6	0	0	3
210	528	0	1.2358021	1.69583647	2.37961224	1.25589962	3.89620115	0.406030735	0.144587535	0	35.6	0	0	3
211	530	0	1.24168687	1.84245278	2.38294472	1.25589962	3.89620115	0.404038725	0.144587535	0	35.7	0	0	3
212	533	0	1.24757165	1.83665159	2.38387759	1.25589962	3.89620115	0.400994013	0.144587535	0	36	0	0	3
213	535	0	1.25345642	1.89059082	2.38430066	1.25589962	3.89620115	0.397454961	0.144587535	0	36.3	0	0	3
214	537	0	1.25934119	1.87669145	2.3837593	1.25589962	3.89620115	0.390195884	0.144587535	0	37	0	0	3
215	539	0	1.26522596	1.99554569	2.3833331	1.25589962	3.89620115	0.383006106	0.144587535	0	37.7	0	0	3
216	541	0	1.27111073	2.01700512	2.38232058	1.25589962	3.89620115	0.37380023	0.144587535	0	38.6	0	0	3
217	544	0	1.2769955	1.95037116	2.37921478	1.25589962	3.89620115	0.366833105	0.144587535	0	39.4	0	0	3
218	546	0	1.28288028	1.88380829	2.37452762	1.25589962	3.89620115	0.357840229	0.144587535	0	40.4	0	0	3
219	549	0	1.28876505	1.78178556	2.36615468	1.25589962	3.89620115	0.351166794	0.144587535	0	41.1	0	0	3
220	551	0	1.29464982	1.75392822	2.3573364	1.25589962	3.89620115	0.341649106	0.144587535	0	42.3	0	0	3
221	554	0	1.30053459	1.76727807	2.34649026	1.25589962	3.89620115	0.332715307	0.144587535	0	43.4	0	0	3
222	556	0	1.30641936	1.81454299	2.33594773	1.25589962	3.89620115	0.322981116	0.144587535	0	44.7	0	0	3
223	559	0	1.31230414	1.85433283	2.32389989	1.25589962	3.89620115	0.316671823	0.144587535	0	45.6	0	0	3
224	561	0	1.31818891	2.01793403	2.31312162	1.25589962	3.89620115	0.308488229	0.144587535	0	46.8	0	0	3
225	564	0	1.32407368	2.07295115	2.30072135	1.25589962	3.89620115	0.304043184	0.144587535	0	47.5	0	0	3
226	566	0	1.32995845	2.22368773	2.29049298	1.25589962	3.89620115	0.299205432	0.144587535	0	48.3	0	0	3
227	569	0	1.33584322	2.21630831	2.27884085	1.25589962	3.89620115	0.294454029	0.144587535	0	49.1	0	0	3
228	571	0	1.341728	2.22519922	2.26549894	1.25589962	3.89620115	0.286256814	0.144587535	0	50.5	0	0	3
229	574	0	1.34761277	2.01676477	2.24808513	1.25589962	3.89620115	0.277859841	0.144587535	0	52	0	0	3
230	576	0	1.35349754	1.95961051	2.22864001	1.25589962	3.89620115	0.267840239	0.144587535	0	53.9	0	0	3
231	579	0	1.35938231	1.93900047	2.2074821	1.25589962	3.89620115	0.25867831	0.144587535	0	55.8	0	0	3
232	581	0	1.36526708	1.97029335	2.18603229	1.25589962	3.89620115	0.247326436	0.144587535	0	58.4	0	0	3
233	584	0	1.37115186	1.95716238	2.1636802	1.25589962	3.89620115	0.261898088	0.144587535	0	55.2	0	0	3
234	586	0	1.37703663	1.97410229	2.14173761	1.25589962	3.89620115	0.283840677	0.144587535	0	50.9	0	0	3
235	588	0	1.3829214	1.86768676	2.11787274	1.25589962	3.80290137	0.307705552	0.144587535	0	46.9	0	0	3
236	591	0	1.38880617	1.92281302	2.09575405	1.25589962	3.79925581	0.329824238	0.144587535	0	43.8	0	0	3
237	593	0	1.39469094	1.97338624	2.07464746	1.25589962	3.79925581	0.350930828	0.144587535	0	41.2	0	0	3
238	595	0	1.40057572	2.11813711	2.05530729	1.25589962	3.79925581	0.370271003	0.144587535	0	39	0	0	3
239	598	0	1.40646049	2.15277052	2.03593687	1.25589962	3.7808437	0.389641418	0.144587535	0	37.1	0	0	3
240	600	0	1.41234526	2.42831109	2.02002473	1.25589962	3.69939234	0.405553566	0.144587535	0	35.6	0	0	3
241	602	0	1.41823003	2.46202933	2.00546751	1.25589962	3.46804184	0.420110778	0.144587535	0	34.4	0	0	3
242	604	0	1.4241148	2.58647996	1.9950962	1.25589962	3.43843387	0.430482094	0.144587535	0	33.5	0	0	3
243	607	0	1.42999957	2.46836799	1.98368366	1.25589962	3.16690575	0.441894634	0.144587535	0	32.7	0	0	3
244	609	0	1.43588435	2.32140775	1.97373662	1.25589962	3.1130651	0.451841669	0.144587535	0	31.9	0	0	3
245	611	0	1.44176912	2.10160172	1.96183705	1.25589962	2.80344174	0.463741238	0.144587535	0	31.1	0	0	3
246	614	0	1.44765389	2.04936561	1.95296557	1.25589962	2.69162651	0.472612722	0.144587535	0	30.5	0	0	3
247	616	0	1.45353866	1.99608659	1.94478275	1.25589962	2.58647996	0.480795545	0.144587535	0	30	0	0	3
248	619	0	1.45942343	1.93589496	1.93813407	1.25589962	2.58647996	0.487444221	0.144587535	0	29.6	0	0	3
249	621	0	1.46530821	1.88379847	1.93294742	1.25589962	2.58647996	0.492630874	0.144587535	0	29.3	0	0	3
250	624	0	1.47119298	1.80976874	1.92774356	1.25589962	2.58647996	0.497834734	0.144587535	0	29	0	0	3
251	626	0	1.47707775	1.67876875	1.91967132	1.25589962	2.58647996	0.505906967	0.144587535	0	28.5	0	0	3
252	629	0	1.48296252	1.664623	1.91165268	1.25589962	2.58647996	0.513925607	0.144587535	0	28.1	0	0	3
253	631	0	1.48884729	1.63834396	1.90274096	1.25589962	2.58647996	0.522837328	0.144587535	0	27.6	0	0	3
254	633	0	1.49473207	1.74090316	1.8960755	1.25589962	2.58647996	0.529502793	0.144587535	0	27.3	0	0	3
255	636	0	1.50061684	1.78093813	1.89031609	1.25589962	2.58647996	0.535262202	0.144587535	0	27	0	0	3
256	638	0	1.50650161	1.86472234	1.88722429	1.25589962	2.58647996	0.538354005	0.144587535	0	26.8	0	0	3
257	641	0	1.51238638	1.85222202	1.88465457	1.25589962	2.58647996	0.540923719	0.144587535	0	26.7	0	0	3
258	643	0	1.51827115	1.96381893	1.88450841	1.25589962	2.58647996	0.540672411	0.144587535	0	26.7	0	0	3
259	645	0	1.52415593	1.85474006	1.88318574	1.25589962	2.58647996	0.539560477	0.144587535	0	26.7	0	0	3
260	648	0	1.5300407	1.7528306	1.88148705	1.25589962	2.58647996	0.536437545	0.144587535	0	26.9	0	0	3
261	650	0	1.53592547	1.77307753	1.88045894	1.25589962	2.58647996	0.530445439	0.144587535	0	27.2	0	0	3
262	653	0	1.54181024	1.66808794	1.87931753	1.25589962	2.58647996	0.524650525	0.144587535	0	27.5	0	0	3
263	655	0	1.54769501	1.70889023	1.87880022	1.25589962	2.58647996	0.517741142	0.144587535	0	27.9	0	0	3
264	657	0	1.55357978	1.50460095	1.87530713	1.25589962	2.58647996	0.515256718	0.144587535	0	28	0	0	3
265	660	0	1.55946456	1.52703821	1.87151474	1.25589962	2.58647996	0.512785924	0.144587535	0	28.1	0	0	3
266	4264	0	1.56534933	1.39143083	1.86623507	1.25589962	2.58647996	0.518065591	0.144587535	0	27.9	0	0	3
267	4266	0	1.5712341	1.44894817	1.86034305	1.25589962	2.58647996	0.523957612	0.144587535	0	27.5	0	0	3
268	4268	0	1.57711887	1.41794596	1.85324577	1.25589962	2.58647996	0.531054893	0.144587535	0	27.2	0	0	3
269	4271	0	1.58300364	1.37608095	1.84322438	1.25589962	2.58647996	0.541076282	0.144587535	0	26.7	0	0	3
270	4274	0	1.58888842	1.32007042	1.83206139	1.25589962	2.58647996	0.552239273	0.144587535	0	26.1	0	0	3
271	4277	0	1.59477319	1.25428977	1.81933356	1.25428977	2.58647996	0.564967099	0.144587535	0	25.5	0	0	3
272	58057	0	1.60065796	1.17574265	1.80564775	1.17574265	2.58647996	0.578652908	0.144587535	0	24.9	0	0	3
273	58061	0	1.60654273	1.03541191	1.78978999	1.03541191	2.58647996	0.594510673	0.144587535	0	24.3	0	0	3
274	58065	0	1.6124275	0.884240923	1.77239792	0.884240923	2.58647996	0.611902742	0.144587535	0	23.6	0	0	3
275	58069	0	1.61831228	0.819896753	1.75512998	0.819896753	2.58647996	0.629170681	0.144587535	0	22.9	0	0	3
276	58072	0	1.62419705	0.711946953	1.73883809	0.711946953	2.58647996	0.645462574	0.144587535	0	22.4	0	0	3
277	58076	0	1.63008182	0.727482	1.72382088	0.711946953	2.58647996	0.660479786	0.144587535	0	21.8	0	0	3
278	58080	0	1.63596659	0.711648057	1.71079448	0.711648057	2.58647996	0.673506181	0.144587535	0	21.4	0	0	3
279	58083	0	1.64185136	0.667755189	1.69790475	0.667755189	2.58647996	0.686395916	0.144587535	0	21	0	0	3
280	58086	0	1.64773614	0.649100826	1.68700118	0.649100826	2.58647996	0.69729948	0.144587535	0	20.7	0	0	3
281	58089	0	1.65362091	0.592736763	1.67543401	0.592736763	2.58647996	0.708866657	0.144587535	0	20.3	0	0	3
282	58092	0	1.65950568	0.478960093	1.6644376	0.478960093	2.58647996	0.719863064	0.144587535	0	20	0	0	3
283	58095	0	1.66539045	0.407171517	1.65256855	0.407171517	2.58647996	0.731732108	0.144587535	0	19.7	0	0	3
284	58098	0	1.67127522	0.601883312	1.64442508	0.407171517	2.58647996	0.73987558	0.144587535	0	19.5	0	0	3
285	58101	0	1.67716	0.680134806	1.63759801	0.407171517	2.58647996	0.746702652	0.144587535	0	19.3	0	0	3
286	58104	0	1.68304477	0.961377805	1.63398837	0.407171517	2.58647996	0.750312296	0.144587535	0	19.2	0	0	3
287	58107	0	1.68892954	1.1650702	1.63216734	0.407171517	2.58647996	0.752133327	0.144587535	0	19.2	0	0	3
288	58110	0	1.69481431	1.37617028	1.63345469	0.407171517	2.58647996	0.752133327	0.144587535	0	19.2	0	0	3
289	58113	0	1.70069908	1.43634138	1.63523893	0.407171517	2.58647996	0.752133327	0.144587535	0	19.2	0	0	3
290	58116	0	1.70658385	1.56603342	1.63888756	0.407171517	2.58647996	0.752133327	0.144587535	0	19.2	0	0	3
291	58118	0	1.71246863	1.51608387	1.64111673	0.407171517	2.58647996	0.752133327	0.144587535	0	19.2	0	0	3
292	58121	0	1.7183534	1.51858021	1.64246739	0.407171517	2.58647996	0.752133327	0.144587535	0	19.2	0	0	3
293	58123	0	1.72423817	1.50704868	1.64244075	0.407171517	2.58647996	0.752133327	0.144587535	0	19.2	0	0	3
294	58126	0	1.73012294	1.5440118	1.64151697	0.407171517	2.58647996	0.752133327	0.144587535	0	19.2	0	0	3
295	58129	0	1.73600771	1.60875947	1.64049253	0.407171517	2.58647996	0.752133327	0.144587535	0	19.2	0	0	3
296	58132	0	1.74189249	1.62599043	1.63794592	0.407171517	2.58647996	0.752133327	0.144587535	0	19.2	0	0	3
297	58134	0	1.74777726	1.47909729	1.6337394	0.407171517	2.58647996	0.752133327	0.144587535	0	19.2	0	0	3
298	58137	0	1.75366203	1.51243506	1.62929051	0.407171517	2.58647996	0.75446879	0.144587535	0	19.1	0	0	3
299	58140	0	1.7595468	1.35862082	1.62319556	0.407171517	2.58647996	0.760137541	0.144587535	0	19	0	0	3
300	58142	0	1.76543157	1.43988768	1.6166584	0.407171517	2.58647996	0.76566218	0.144587535	0	18.8	0	0	3
301	58149	0	1.77131635	1.37601573	1.60911735	0.407171517	2.58647996	0.770097428	0.144587535	0	18.7	0	0	3
302	58151	0	1.77720112	1.56110899	1.6045378	0.407171517	2.58647996	0.769989823	0.144587535	0	18.7	0	0	3
303	58154	0	1.78308589	1.67494041	1.60208053	0.407171517	2.58647996	0.764074156	0.144587535	0	18.9	0	0	3
304	58157	0	1.78897066	1.8062781	1.60236868	0.407171517	2.58647996	0.755255876	0.144587535	0	19.1	0	0	3
305	58159	0	1.79485543	1.87567479	1.60380099	0.407171517	2.58647996	0.744409736	0.144587535	0	19.4	0	0	3
306	58162	0	1.80074021	1.9983028	1.60651893	0.407171517	2.58647996	0.733867206	0.144587535	0	19.7	0	0	3
307	58164	0	1.80662498	2.10834648	1.60997544	0.407171517	2.58647996	0.721819361	0.144587535	0	20	0	0	3
308	58167	0	1.81250975	2.20736774	1.61412879	0.407171517	2.58647996	0.711041095	0.144587535	0	20.3	0	0	3
309	58169	0	1.81839452	2.12279273	1.61536242	0.407171517	2.58647996	0.698640823	0.144587535	0	20.6	0	0	3
310	58172	0	1.82427929	2.15960036	1.61638182	0.407171517	2.58647996	0.688412448	0.144587535	0	21	0	0	3
311	58174	0	1.83016406	2.07504922	1.61463314	0.407171517	2.58647996	0.676760321	0.144587535	0	21.3	0	0	3
312	58177	0	1.83604884	2.00288124	1.61212223	0.407171517	2.58647996	0.663418407	0.144587535	0	21.7	0	0	3
313	58179	0	1.84193361	1.88995622	1.60817819	0.407171517	2.58647996	0.646004602	0.144587535	0	22.3	0	0	3
314	58182	0	1.84781838	1.85788264	1.60630899	0.407171517	2.58647996	0.626559479	0.144587535	0	23	0	0	3
315	58184	0	1.85370315	1.58569585	1.60191	0.407171517	2.58647996	0.605572104	0.144587535	0	23.8	0	0	3
316	58187	0	1.85958792	1.55510325	1.59739356	0.407171517	2.58647996	0.588638734	0.144587535	0	24.5	0	0	3
317	58189	0	1.8654727	1.32006883	1.58974386	0.407171517	2.58647996	0.573936345	0.144587535	0	25.1	0	0	3
318	58192	0	1.87135747	1.33543839	1.58242946	0.407171517	2.58647996	0.559308156	0.144587535	0	25.8	0	0	3
319	58195	0	1.87724224	1.18943881	1.57319812	0.407171517	2.58647996	0.544674616	0.144587535	0	26.5	0	0	3
320	58198	0	1.88312701	1.25834962	1.56602945	0.407171517	2.58647996	0.529724602	0.144587535	0	27.2	0	0	3
321	58200	0	1.88901178	1.29074302	1.55859333	0.407171517	2.58647996	0.51605413	0.144587535	0	28	0	0	3
322	58203	0	1.89489656	1.37396855	1.55154136	0.407171517	2.58647996	0.503765928	0.144587535	0	28.7	0	0	3
323	58206	0	1.90078133	1.41152848	1.54322832	0.407171517	2.58647996	0.492708555	0.144587535	0	29.3	0	0	3
324	58208	0	1.9066661	1.52654158	1.53586092	0.407171517	2.58647996	0.484163806	0.144587535	0	29.8	0	0	3
325	58211	0	1.91255087	1.62528027	1.5264135	0.407171517	2.58647996	0.479054016	0.144587535	0	30.1	0	0	3
326	58214	0	1.91843564	1.82920731	1.51896853	0.407171517	2.58647996	0.476127665	0.144587535	0	30.3	0	0	3
327	58216	0	1.92432042	1.85907886	1.51041087	0.407171517	2.46836799	0.473272785	0.144587535	0	30.5	0	0	3
328	58219	0	1.93020519	1.93857224	1.50417798	0.407171517	2.32140775	0.469558641	0.144587535	0	30.7	0	0	3
329	58221	0	1.93608996	2.06745465	1.5011903	0.407171517	2.20736774	0.460646755	0.144587535	0	31.3	0	0	3
330	58224	0	1.94197473	2.12332643	1.50144588	0.407171517	2.20736774	0.451775271	0.144587535	0	32	0	0	3
331	58226	0	1.9478595	2.09005221	1.50192455	0.407171517	2.20736774	0.443592449	0.144587535	0	32.5	0	0	3
332	58229	0	1.95374427	2.13379562	1.50354465	0.407171517	2.20736774	0.436943773	0.144587535	0	33	0	0	3
333	58231	0	1.95962905	2.09635838	1.50543246	0.407171517	2.20736774	0.43175712	0.144587535	0	33.4	0	0	3
334	58233	0	1.96551382	2.0107676	1.50692621	0.407171517	2.20736774	0.426553259	0.144587535	0	33.8	0	0	3
335	58236	0	1.97139859	1.95312961	1.50861281	0.407171517	2.20736774	0.418481027	0.144587535	0	34.5	0	0	3
336	58238	0	1.97728336	1.9155486	1.51139846	0.407171517	2.20736774	0.410462387	0.144587535	0	35.2	0	0	3
337	58241	0	1.98316813	1.80672094	1.5130702	0.407171517	2.20736774	0.401550665	0.144587535	0	36	0	0	3
338	58243	0	1.98905291	1.76762295	1.51459113	0.407171517	2.20736774	0.394885201	0.144587535	0	36.6	0	0	3
339	58246	0	1.99493768	1.74209272	1.51460512	0.407171517	2.20736774	0.389125791	0.144587535	0	37.1	0	0	3
340	58248	0	2.00082245	1.60940958	1.51258714	0.407171517	2.20736774	0.386033989	0.144587535	0	37.4	0	0	3
341	58251	0	2.00670722	1.46680925	1.50790581	0.407171517	2.20736774	0.383464275	0.144587535	0	37.7	0	0	3
342	58253	0	2.01259199	1.36165382	1.50213442	0.407171517	2.20736774	0.383318109	0.144587535	0	37.7	0	0	3
343	58256	0	2.01847677	1.27029143	1.49397527	0.407171517	2.20736774	0.389210467	0.144587535	0	37.1	0	0	3
344	58259	0	2.02436154	1.06873718	1.48472818	0.407171517	2.20736774	0.396758867	0.144587535	0	36.4	0	0	3
345	58262	0	2.03024631	1.04816189	1.47643796	0.407171517	2.20736774	0.404020977	0.144587535	0	35.7	0	0	3
346	58264	0	2.03613108	1.07377	1.46821081	0.407171517	2.20736774	0.41110672	0.144587535	0	35.1	0	0	3
347	58267	0	2.04201585	1.12058593	1.46176961	0.407171517	2.20736774	0.417030607	0.144587535	0	34.6	0	0	3
348	58270	0	2.04790063	1.1014299	1.45462302	0.407171517	2.20736774	0.420684108	0.144587535	0	34.3	0	0	3
349	58273	0	2.0537854	0.955277728	1.44816039	0.407171517	2.20736774	0.423354346	0.144587535	0	34.1	0	0	3
350	58275	0	2.05967017	0.927427802	1.44110615	0.407171517	2.20736774	0.425128919	0.144587535	0	34	0	0	3
351	58278	0	2.06555494	0.931020963	1.43568957	0.407171517	2.20736774	0.424653485	0.144587535	0	34	0	0	3
352	58280	0	2.07143971	0.84007176	1.42852631	0.407171517	2.20736774	0.424719456	0.144587535	0	34	0	0	3
353	58283	0	2.07732449	0.855905248	1.42191407	0.407171517	2.20736774	0.421310311	0.144587535	0	34.3	0	0	3
354	58285	0	2.08320926	0.947605973	1.41687319	0.407171517	2.20736774	0.415188202	0.144587535	0	34.8	0	0	3
355	58288	0	2.08909403	0.863979413	1.41150741	0.407171517	2.20736774	0.407826152	0.144587535	0	35.4	0	0	3
356	58290	0	2.0949788	0.852390441	1.40677918	0.407171517	2.20736774	0.39886857	0.144587535	0	36.2	0	0	3
357	58293	0	2.10086357	0.828378774	1.40269255	0.407171517	2.20736774	0.387097439	0.144587535	0	37.3	0	0	3
358	58295	0	2.10674834	0.901924375	1.40112211	0.407171517	2.20736774	0.371275812	0.144587535	0	38.9	0	0	3
359	58298	0	2.11263312	0.822602142	1.40039695	0.407171517	2.20736774	0.354733035	0.144587535	0	40.7	0	0	3
360	58300	0	2.11851789	1.00428151	1.40256618	0.407171517	2.20736774	0.338441142	0.144587535	0	42.7	0	0	3
361	58303	0	2.12440266	1.16692389	1.40791885	0.407171517	2.20736774	0.32342393	0.144587535	0	44.7	0	0	3
362	58306	0	2.13028743	1.28593663	1.4144889	0.407171517	2.20736774	0.310397535	0.144587535	0	46.5	0	0	3
363	58308	0	2.1361722	1.45361688	1.42321795	0.407171517	2.20736774	0.2975078	0.144587535	0	48.5	0	0	3
364	58311	0	2.14205698	1.56952841	1.43382705	0.407171517	2.20736774	0.286604236	0.144587535	0	50.4	0	0	3
365	58314	0	2.14794175	1.65415753	1.44565124	0.407171517	2.20736774	0.275037058	0.144587535	0	52.5	0	0	3
366	58316	0	2.15382652	1.78624067	1.45969246	0.407171517	2.20736774	0.264040652	0.144587535	0	54.7	0	0	3
367	58319	0	2.15971129	1.85345153	1.47586295	0.407171517	2.20736774	0.252171608	0.144587535	0	57.3	0	0	3
368	58321	0	2.16559606	1.98764171	1.49445672	0.601883312	2.20736774	0.244028136	0.144587535	0	59.2	0	0	3
369	58324	0	2.17148084	2.00086633	1.51091534	0.680134806	2.20736774	0.242070443	0.144587535	0	59.7	0	0	3
370	58327	0	2.17736561	2.169613	1.52843862	0.822602142	2.20736774	0.242070443	0.144587535	0	59.7	0	0	3
371	58329	0	2.18325038	2.25379665	1.54364354	0.822602142	2.25379665	0.242070443	0.144587535	0	59.7	0	0	3
372	58332	0	2.18913515	2.40317955	1.55820954	0.822602142	2.40317955	0.242070443	0.144587535	0	59.7	0	0	3
373	58335	0	2.19501992	2.50819337	1.57152745	0.822602142	2.50819337	0.242070443	0.144587535	0	59.7	0	0	3
374	58337	0	2.2009047	2.63941016	1.5856812	0.822602142	2.63941016	0.242070443	0.144587535	0	59.7	0	0	3
375	58340	0	2.20678947	2.61082204	1.59797284	0.822602142	2.63941016	0.242070443	0.144587535	0	59.7	0	0	3
376	58342	0	2.21267424	2.56227126	1.61028092	0.822602142	2.63941016	0.242070443	0.144587535	0	59.7	0	0	3
377	58344	0	2.21855901	2.44705164	1.62120412	0.822602142	2.63941016	0.242043807	0.144587535	0	59.7	0	0	3
378	58347	0	2.22444378	2.3203899	1.63077284	0.822602142	2.63941016	0.241120022	0.144587535	0	59.9	0	0	3
379	58349	0	2.23032855	2.15688121	1.63798306	0.822602142	2.63941016	0.240095587	0.144587535	0	60.2	0	0	3
380	58352	0	2.23621333	2.02745865	1.64290894	0.822602142	2.63941016	0.24251199	0.144587535	0	59.6	0	0	3
381	58354	0	2.2420981	1.83056168	1.64531566	0.822602142	2.63941016	0.244918711	0.144587535	0	59	0	0	3
382	58357	0	2.24798287	1.6839765	1.647726	0.822602142	2.63941016	0.247329055	0.144587535	0	58.4	0	0	3
383	58359	0	2.25386764	1.56419785	1.64833498	0.822602142	2.63941016	0.247938029	0.144587535	0	58.3	0	0	3
384	58362	0	2.25975241	1.50269021	1.65002991	0.822602142	2.63941016	0.249632963	0.144587535	0	57.9	0	0	3
385	58365	0	2.26563719	1.31318607	1.6485393	0.822602142	2.63941016	0.249632963	0.144587535	0	57.9	0	0	3
386	58368	0	2.27152196	1.18023235	1.64623597	0.822602142	2.63941016	0.249632963	0.144587535	0	57.9	0	0	3
387	58371	0	2.27740673	1.02820032	1.63996645	0.822602142	2.63941016	0.249632963	0.144587535	0	57.9	0	0	3
388	58373	0	2.2832915	0.942623822	1.63135097	0.822602142	2.63941016	0.249632963	0.144587535	0	57.9	0	0	3
389	58376	0	2.28917627	0.82648524	1.61982399	0.822602142	2.63941016	0.249632963	0.144587535	0	57.9	0	0	3
390	58379	0	2.29506105	0.809099041	1.60727604	0.809099041	2.63941016	0.249632963	0.144587535	0	57.9	0	0	3
391	58381	0	2.30094582	0.773577887	1.59286751	0.773577887	2.63941016	0.249632963	0.144587535	0	57.9	0	0	3
392	58384	0	2.30683059	0.822223605	1.57773665	0.773577887	2.63941016	0.249632963	0.144587535	0	57.9	0	0	3
393	58387	0	2.31271536	0.985006081	1.56335593	0.773577887	2.63941016	0.249632963	0.144587535	0	57.9	0	0	3
394	58390	0	2.31860013	1.19165077	1.55240132	0.773577887	2.63941016	0.249632963	0.144587535	0	57.9	0	0	3
395	58392	0	2.32448491	1.23852335	1.54156512	0.773577887	2.63941016	0.249632963	0.144587535	0	57.9	0	0	3
396	58395	0	2.33036968	1.34403903	1.532965	0.773577887	2.63941016	0.249632963	0.144587535	0	57.9	0	0	3
397	58397	0	2.33625445	1.3591819	1.52539206	0.773577887	2.63941016	0.249632963	0.144587535	0	57.9	0	0	3
398	58400	0	2.34213922	1.32295783	1.5187215	0.773577887	2.63941016	0.249632963	0.144587535	0	57.9	0	0	3
399	58402	0	2.34802399	1.38052394	1.51310551	0.773577887	2.63941016	0.249632963	0.144587535	0	57.9	0	0	3
400	58405	0	2.35390876	1.35462113	1.51038698	0.773577887	2.63941016	0.249632963	0.144587535	0	57.9	0	0	3
401	58412	0	2.35979354	1.36568282	1.50815851	0.773577887	2.63941016	0.249632963	0.144587535	0	57.9	0	0	3
402	58415	0	2.36567831	1.40981995	1.5092144	0.773577887	2.63941016	0.249632963	0.144587535	0	57.9	0	0	3
403	58418	0	2.37156308	1.31340261	1.50895516	0.773577887	2.63941016	0.249632963	0.144587535	0	57.9	0	0	3
404	58420	0	2.37744785	1.29610854	1.5102101	0.773577887	2.63941016	0.249632963	0.144587535	0	57.9	0	0	3
405	58423	0	2.38333262	1.24306813	1.51003032	0.773577887	2.63941016	0.249632963	0.144587535	0	57.9	0	0	3
406	58426	0	2.3892174	1.36877687	1.51094836	0.773577887	2.63941016	0.249632963	0.144587535	0	57.9	0	0	3
407	58428	0	2.39510217	1.36966594	1.51089774	0.773577887	2.63941016	0.249632963	0.144587535	0	57.9	0	0	3
408	58431	0	2.40098694	1.52703309	1.51225662	0.773577887	2.63941016	0.249632963	0.144587535	0	57.9	0	0	3
409	58433	0	2.40687171	1.60611245	1.51319275	0.773577887	2.63941016	0.249632963	0.144587535	0	57.9	0	0	3
410	58436	0	2.41275648	1.64801304	1.51346019	0.773577887	2.63941016	0.249632963	0.144587535	0	57.9	0	0	3
411	58438	0	2.41864126	1.62095914	1.51101021	0.773577887	2.63941016	0.249632963	0.144587535	0	57.9	0	0	3
412	58441	0	2.42452603	1.60054162	1.5079686	0.773577887	2.63941016	0.249632963	0.144587535	0	57.9	0	0	3
413	58443	0	2.4304108	1.67100892	1.5048208	0.773577887	2.63941016	0.249632963	0.144587535	0	57.9	0	0	3
414	58446	0	2.43629557	1.91580036	1.50303663	0.773577887	2.63941016	0.249632963	0.144587535	0	57.9	0	0	3
415	58448	0	2.44218034	1.99646853	1.50154418	0.773577887	2.63941016	0.249632963	0.144587535	0	57.9	0	0	3
416	58450	0	2.44806512	2.11276012	1.50181133	0.773577887	2.63941016	0.249632963	0.144587535	0	57.9	0	0	3
417	58453	0	2.45394989	2.19266706	1.50250394	0.773577887	2.63941016	0.249632963	0.144587535	0	57.9	0	0	3
418	58455	0	2.45983466	2.18899636	1.5035938	0.773577887	2.63941016	0.249632963	0.144587535	0	57.9	0	0	3
419	58457	0	2.46571943	2.16587726	1.50541862	0.773577887	2.63941016	0.249632963	0.144587535	0	57.9	0	0	3
420	58460	0	2.4716042	2.28482902	1.50932096	0.773577887	2.63941016	0.249632963	0.144587535	0	57.9	0	0	3
421	58463	0	2.47748898	2.32369284	1.51412266	0.773577887	2.63941016	0.249632963	0.144587535	0	57.9	0	0	3
422	58465	0	2.48337375	2.4216925	1.52135762	0.773577887	2.63941016	0.249632963	0.144587535	0	57.9	0	0	3
423	58467	0	2.48925852	2.5202923	1.53021255	0.773577887	2.63941016	0.249632963	0.144587535	0	57.9	0	0	3
424	58470	0	2.49514329	2.70531655	1.5415446	0.773577887	2.70531655	0.249632963	0.144587535	0	57.9	0	0	3
425	58473	0	2.50102806	2.7724066	1.55522692	0.773577887	2.7724066	0.249632963	0.144587535	0	57.9	0	0	3
426	58475	0	2.50691283	2.83283217	1.57129777	0.773577887	2.83283217	0.249632963	0.144587535	0	57.9	0	0	3
427	58478	0	2.51279761	2.87317158	1.58908034	0.773577887	2.87317158	0.249632963	0.144587535	0	57.9	0	0	3
428	58480	0	2.51868238	2.82467114	1.60736716	0.773577887	2.87317158	0.249632963	0.144587535	0	57.9	0	0	3
429	58483	0	2.52456715	2.77871143	1.6274845	0.773577887	2.87317158	0.249632963	0.144587535	0	57.9	0	0	3
430	58485	0	2.53045192	2.80063703	1.64810185	0.773577887	2.87317158	0.249632963	0.144587535	0	57.9	0	0	3
431	58488	0	2.53633669	2.62107968	1.6663055	0.773577887	2.87317158	0.265908551	0.144587535	0	54.3	0	0	3
432	58490	0	2.54222147	2.5775512	1.68344627	0.773577887	2.87317158	0.283049319	0.144587535	0	51	0	0	3
433	58493	0	2.54810624	2.48825374	1.69976184	0.773577887	2.87317158	0.299364893	0.144587535	0	48.2	0	0	3
434	58495	0	2.55399101	2.34873169	1.71615542	0.773577887	2.87317158	0.315758469	0.144587535	0	45.7	0	0	3
435	58498	0	2.55987578	2.3086383	1.73240495	0.773577887	2.87317158	0.332008005	0.144587535	0	43.5	0	0	3
436	58500	0	2.56576055	2.35119352	1.74911286	0.773577887	2.87317158	0.348715917	0.144587535	0	41.4	0	0	3
437	58503	0	2.57164533	2.39690119	1.7674285	0.773577887	2.87317158	0.367031557	0.144587535	0	39.3	0	0	3
438	58505	0	2.5775301	2.39323074	1.78551469	0.773577887	2.87317158	0.38511774	0.144587535	0	37.5	0	0	3
439	58508	0	2.58341487	2.34046909	1.80190131	0.773577887	2.87317158	0.401504364	0.144587535	0	36	0	0	3
440	58510	0	2.58929964	2.27040025	1.81844744	0.773577887	2.87317158	0.418050492	0.144587535	0	34.5	0	0	3
441	58513	0	2.59518441	2.24787666	1.83486492	0.773577887	2.87317158	0.434467977	0.144587535	0	33.2	0	0	3
442	58516	0	2.60106919	2.16553062	1.85059612	0.773577887	2.87317158	0.450199175	0.144587535	0	32.1	0	0	3
443	58518	0	2.60695396	2.11592467	1.86487848	0.773577887	2.87317158	0.464481532	0.144587535	0	31.1	0	0	3
444	58521	0	2.61283873	2.11026953	1.88002751	0.773577887	2.87317158	0.477461327	0.144587535	0	30.2	0	0	3
445	58523	0	2.6187235	1.95221208	1.89117963	0.773577887	2.87317158	0.483260782	0.144587535	0	29.9	0	0	3
446	58526	0	2.62460827	1.8734366	1.89949154	0.773577887	2.87317158	0.485002641	0.144587535	0	29.8	0	0	3
447	58529	0	2.63049304	1.8494755	1.90612141	0.773577887	2.87317158	0.482903465	0.144587535	0	29.9	0	0	3
448	58531	0	2.63637782	1.92813651	1.911704	0.773577887	2.87317158	0.477876953	0.144587535	0	30.2	0	0	3
449	58534	0	2.64226259	1.91373304	1.91575346	0.773577887	2.87317158	0.470102222	0.144587535	0	30.7	0	0	3
450	58536	0	2.64814736	1.96018635	1.9193538	0.773577887	2.87317158	0.459661339	0.144587535	0	31.4	0	0	3
451	58539	0	2.65403213	1.82397489	1.91979774	0.773577887	2.87317158	0.443934783	0.144587535	0	32.5	0	0	3
452	58542	0	2.6599169	1.8744376	1.92004463	0.773577887	2.87317158	0.425587911	0.144587535	0	33.9	0	0	3
453	58544	0	2.66580168	1.67482777	1.91636447	0.773577887	2.87317158	0.418500449	0.144587535	0	34.5	0	0	3
454	58547	0	2.67168645	1.74916928	1.91340332	0.773577887	2.87317158	0.418500449	0.144587535	0	34.5	0	0	3
455	58549	0	2.67757122	1.64597497	1.90724288	0.773577887	2.87317158	0.418500449	0.144587535	0	34.5	0	0	3
456	58552	0	2.68345599	1.75945958	1.90142715	0.773577887	2.87317158	0.418500449	0.144587535	0	34.5	0	0	3
457	58554	0	2.68934076	1.72990261	1.89350624	0.773577887	2.87317158	0.418500449	0.144587535	0	34.5	0	0	3
458	58557	0	2.69522554	1.84979523	1.88576038	0.773577887	2.87317158	0.418500449	0.144587535	0	34.5	0	0	3
459	58559	0	2.70111031	1.90851134	1.87716157	0.773577887	2.87317158	0.418500449	0.144587535	0	34.5	0	0	3
460	58562	0	2.70699508	2.01052534	1.87009926	0.773577887	2.87317158	0.418500449	0.144587535	0	34.5	0	0	3
461	58564	0	2.71287985	2.06938571	1.8643006	0.773577887	2.87317158	0.418500449	0.144587535	0	34.5	0	0	3
462	58566	0	2.71876462	2.20902717	1.86150032	0.773577887	2.87317158	0.418500449	0.144587535	0	34.5	0	0	3
463	58569	0	2.7246494	2.14311907	1.85941478	0.773577887	2.87317158	0.418500449	0.144587535	0	34.5	0	0	3
464	58571	0	2.73053417	2.1929425	1.85983903	0.773577887	2.87317158	0.418500449	0.144587535	0	34.5	0	0	3
465	58574	0	2.73641894	2.06746495	1.86030969	0.773577887	2.87317158	0.418500449	0.144587535	0	34.5	0	0	3
466	58576	0	2.74230371	2.05816302	1.86298735	0.773577887	2.87317158	0.418500449	0.144587535	0	34.5	0	0	3
467	58579	0	2.74818848	2.04202363	1.86719967	0.773577887	2.87317158	0.418500449	0.144587535	0	34.5	0	0	3
468	58581	0	2.75407326	2.135485	1.8739207	0.773577887	2.87317158	0.418500449	0.144587535	0	34.5	0	0	3
469	58584	0	2.75995803	2.0099888	1.87988892	0.773577887	2.87317158	0.418500449	0.144587535	0	34.5	0	0	3
470	58587	0	2.7658428	2.22641937	1.89063284	0.773577887	2.87317158	0.418500449	0.144587535	0	34.5	0	0	3
471	58589	0	2.77172757	2.2200722	1.90286625	0.773577887	2.87317158	0.418500449	0.144587535	0	34.5	0	0	3
472	58592	0	2.77761234	2.31428081	1.91799661	0.773577887	2.87317158	0.418500449	0.144587535	0	34.5	0	0	3
473	58594	0	2.78349711	2.34003094	1.93443669	0.773577887	2.87317158	0.432892507	0.144587535	0	33.4	0	0	3
474	58596	0	2.78938189	2.39774991	1.95292216	0.773577887	2.87317158	0.451377974	0.144587535	0	32	0	0	3
475	58599	0	2.79526666	2.42890357	1.97197868	0.773577887	2.87317158	0.470434498	0.144587535	0	30.7	0	0	3
476	58601	0	2.80115143	2.55901429	1.99298381	0.822223605	2.87317158	0.491439632	0.144587535	0	29.4	0	0	3
477	58603	0	2.8070362	2.57993613	2.01366278	0.985006081	2.87317158	0.512118603	0.144587535	0	28.2	0	0	3
478	58606	0	2.81292097	2.75000675	2.0344275	1.19165077	2.87317158	0.532883317	0.144587535	0	27.1	0	0	3
479	58608	0	2.81880575	2.81810552	2.05356226	1.23852335	2.87317158	0.552018078	0.144587535	0	26.1	0	0	3
480	58611	0	2.82469052	2.96665176	2.07389318	1.24306813	2.96665176	0.572349001	0.144587535	0	25.2	0	0	3
481	58613	0	2.83057529	2.86450656	2.09178104	1.24306813	2.96665176	0.590236854	0.144587535	0	24.4	0	0	3
482	58616	0	2.83646006	2.87963855	2.10966876	1.24306813	2.96665176	0.608124579	0.144587535	0	23.7	0	0	3
483	58618	0	2.84234483	2.89266642	2.12813592	1.24306813	2.96665176	0.626591739	0.144587535	0	23	0	0	3
484	58620	0	2.84822961	2.86119042	2.14555553	1.24306813	2.96665176	0.644011345	0.144587535	0	22.4	0	0	3
485	58623	0	2.85411438	2.9007942	2.1637458	1.24306813	2.96665176	0.662201616	0.144587535	0	21.8	0	0	3
486	58625	0	2.85999915	3.01845721	2.1831902	1.24306813	3.01845721	0.681646021	0.144587535	0	21.2	0	0	3
487	58628	0	2.86588392	3.12644989	2.20338585	1.24306813	3.12644989	0.701841667	0.144587535	0	20.6	0	0	3
488	58631	0	2.87176869	3.27276142	2.22643713	1.24306813	3.27276142	0.724892947	0.144587535	0	19.9	0	0	3
489	58633	0	2.87765347	3.21287724	2.24898735	1.24306813	3.27276142	0.747443167	0.144587535	0	19.3	0	0	3
490	58636	0	2.88353824	3.20819628	2.2721065	1.36877687	3.27276142	0.770562322	0.144587535	0	18.7	0	0	3
491	58638	0	2.88942301	2.98771083	2.29115279	1.36966594	3.27276142	0.789608604	0.144587535	0	18.3	0	0	3
492	58641	0	2.89530778	2.86226692	2.3087128	1.52703309	3.27276142	0.807168615	0.144587535	0	17.9	0	0	3
493	58643	0	2.90119255	2.56186061	2.32088724	1.60054162	3.27276142	0.819343057	0.144587535	0	17.6	0	0	3
494	58646	0	2.90707732	2.29346802	2.32897377	1.60054162	3.27276142	0.827429593	0.144587535	0	17.4	0	0	3
495	58649	0	2.9129621	2.00606381	2.33318614	1.60054162	3.27276142	0.831641955	0.144587535	0	17.3	0	0	3
496	58651	0	2.91884687	1.75180811	2.33472554	1.60054162	3.27276142	0.833181355	0.144587535	0	17.3	0	0	3
497	58654	0	2.92473164	1.62097723	2.33496596	1.62097723	3.27276142	0.833421773	0.144587535	0	17.3	0	0	3
498	58656	0	2.93061641	1.63571694	2.33455076	1.62097723	3.27276142	0.833421773	0.144587535	0	17.3	0	0	3
499	58659	0	2.93650118	1.56420717	2.33041436	1.56420717	3.27276142	0.833421773	0.144587535	0	17.3	0	0	3
500	58661	0	2.94238596	1.60861605	2.32585139	1.56420717	3.27276142	0.833154622	0.144587535	0	17.3	0	0	3
501	58668	0	2.94827073	1.57991218	2.3195826	1.56420717	3.27276142	0.832462016	0.144587535	0	17.3	0	0	3
502	58671	0	2.9541555	1.70979107	2.3139017	1.56420717	3.27276142	0.831372158	0.144587535	0	17.3	0	0	3
503	58673	0	2.96004027	1.68929881	2.30802291	1.56420717	3.27276142	0.829547338	0.144587535	0	17.4	0	0	3
504	58676	0	2.96592504	1.8898007	2.30477495	1.56420717	3.27276142	0.825644992	0.144587535	0	17.5	0	0	3
505	58678	0	2.97180982	1.90526821	2.30030953	1.56420717	3.27276142	0.820843295	0.144587535	0	17.6	0	0	3
506	58680	0	2.97769459	2.05839534	2.29718838	1.56420717	3.27276142	0.813608336	0.144587535	0	17.7	0	0	3
507	58683	0	2.98357936	2.20581748	2.29464867	1.56420717	3.27276142	0.804753402	0.144587535	0	17.9	0	0	3
508	58685	0	2.98946413	2.29259371	2.29196987	1.56420717	3.27276142	0.793421357	0.144587535	0	18.2	0	0	3
509	58688	0	2.9953489	2.42119765	2.28862729	1.56420717	3.27276142	0.779739039	0.144587535	0	18.5	0	0	3
510	58690	0	3.00123368	2.6112674	2.28673153	1.56420717	3.27276142	0.763668182	0.144587535	0	18.9	0	0	3
511	58693	0	3.00711845	2.87474753	2.28722466	1.56420717	3.27276142	0.74588562	0.144587535	0	19.3	0	0	3
512	58695	0	3.01300322	3.09003181	2.28977595	1.56420717	3.27276142	0.7275988	0.144587535	0	19.8	0	0	3
513	58698	0	3.01888799	3.29993354	2.29536728	1.56420717	3.29993354	0.707481455	0.144587535	0	20.4	0	0	3
514	58700	0	3.02477276	3.44368349	2.30319048	1.56420717	3.44368349	0.686864101	0.144587535	0	21	0	0	3
515	58703	0	3.03065753	3.39199002	2.31014757	1.56420717	3.44368349	0.668660458	0.144587535	0	21.6	0	0	3
516	58705	0	3.03654231	3.33351873	2.31852921	1.56420717	3.44368349	0.65151969	0.144587535	0	22.1	0	0	3
517	58708	0	3.04242708	3.23457632	2.32625891	1.56420717	3.44368349	0.635204115	0.144587535	0	22.7	0	0	3
518	58711	0	3.04831185	3.12974752	2.3338059	1.56420717	3.44368349	0.618810539	0.144587535	0	23.3	0	0	3
519	58713	0	3.05419662	2.8415728	2.33960403	1.56420717	3.44368349	0.607199079	0.144587535	0	23.8	0	0	3
520	58716	0	3.06008139	2.5791045	2.34278599	1.56420717	3.44368349	0.593673122	0.144587535	0	24.3	0	0	3
521	58718	0	3.06596617	2.3686071	2.34299085	1.56420717	3.44368349	0.575562347	0.144587535	0	25.1	0	0	3
522	58721	0	3.07185094	2.26305615	2.3414162	1.56420717	3.44368349	0.557476165	0.144587535	0	25.9	0	0	3
523	58723	0	3.07773571	2.07774136	2.33770456	1.56420717	3.44368349	0.54108954	0.144587535	0	26.7	0	0	3
524	58726	0	3.08362048	2.04694702	2.33425136	1.56420717	3.44368349	0.524543412	0.144587535	0	27.5	0	0	3
525	58729	0	3.08950525	2.02007739	2.33130639	1.56420717	3.44368349	0.508125927	0.144587535	0	28.4	0	0	3
526	58731	0	3.09539003	2.03439444	2.32879483	1.56420717	3.44368349	0.492394729	0.144587535	0	29.3	0	0	3
527	58734	0	3.1012748	2.02126497	2.32709759	1.56420717	3.44368349	0.483576075	0.144587535	0	29.8	0	0	3
528	58736	0	3.10715957	2.02680779	2.32604916	1.56420717	3.44368349	0.483576075	0.144587535	0	29.8	0	0	3
529	58739	0	3.11304434	2.10723308	2.32601343	1.56420717	3.44368349	0.483576075	0.144587535	0	29.8	0	0	3
530	58742	0	3.11892911	2.19389906	2.32885681	1.56420717	3.44368349	0.483576075	0.144587535	0	29.8	0	0	3
531	58744	0	3.12481389	2.19621183	2.33265416	1.56420717	3.44368349	0.483576075	0.144587535	0	29.8	0	0	3
532	58747	0	3.13069866	2.20956662	2.33689053	1.56420717	3.44368349	0.483576075	0.144587535	0	29.8	0	0	3
533	58750	0	3.13658343	2.23747221	2.34052977	1.56420717	3.44368349	0.483576075	0.144587535	0	29.8	0	0	3
534	58752	0	3.1424682	2.34653699	2.34562159	1.56420717	3.44368349	0.486206809	0.144587535	0	29.7	0	0	3
535	58755	0	3.14835297	2.20063582	2.3484504	1.56420717	3.44368349	0.489035626	0.144587535	0	29.5	0	0	3
536	58757	0	3.15423775	2.22814432	2.35320534	1.56420717	3.44368349	0.493790561	0.144587535	0	29.2	0	0	3
537	58760	0	3.16012252	2.2697992	2.35785665	1.56420717	3.44368349	0.498441874	0.144587535	0	29	0	0	3
538	58762	0	3.16600729	2.42873931	2.3667262	1.56420717	3.44368349	0.507311421	0.144587535	0	28.5	0	0	3
539	58765	0	3.17189206	2.40366346	2.37442613	1.56420717	3.44368349	0.515011353	0.144587535	0	28	0	0	3
540	58768	0	3.17777683	2.26191036	2.38167243	1.56420717	3.44368349	0.522257652	0.144587535	0	27.6	0	0	3
541	58770	0	3.1836616	2.24257939	2.38735619	1.56420717	3.44368349	0.527941414	0.144587535	0	27.3	0	0	3
542	58772	0	3.18954638	2.27743381	2.39379773	1.56420717	3.44368349	0.534382958	0.144587535	0	27	0	0	3
543	58775	0	3.19543115	2.19129381	2.39781536	1.56420717	3.44368349	0.538400588	0.144587535	0	26.8	0	0	3
544	58777	0	3.20131592	2.21576297	2.40143009	1.56420717	3.44368349	0.542015313	0.144587535	0	26.6	0	0	3
545	58780	0	3.20720069	2.15127694	2.40308599	1.56420717	3.44368349	0.543671214	0.144587535	0	26.5	0	0	3
546	58782	0	3.21308546	2.36035183	2.40650912	1.56420717	3.44368349	0.547094345	0.144587535	0	26.4	0	0	3
547	58785	0	3.21897024	2.34115537	2.40806357	1.56420717	3.44368349	0.548648794	0.144587535	0	26.3	0	0	3
548	58788	0	3.22485501	2.43413502	2.41148729	1.56420717	3.44368349	0.551648261	0.144587535	0	26.2	0	0	3
549	58790	0	3.23073978	2.38179409	2.41370907	1.56420717	3.44368349	0.553399382	0.144587535	0	26.1	0	0	3
550	58792	0	3.23662455	2.4995424	2.41879234	1.56420717	3.44368349	0.555804983	0.144587535	0	26	0	0	3
551	58795	0	3.24250932	2.55643455	2.42465435	1.56420717	3.44368349	0.557454682	0.144587535	0	25.9	0	0	3
552	58797	0	3.2483941	2.70845088	2.43249467	1.56420717	3.44368349	0.558573978	0.144587535	0	25.8	0	0	3
553	58800	0	3.25427887	2.78283526	2.44011056	1.56420717	3.44368349	0.560221644	0.144587535	0	25.8	0	0	3
554	58802	0	3.26016364	2.84624191	2.44994883	1.56420717	3.44368349	0.559315995	0.144587535	0	25.8	0	0	3
555	58805	0	3.26604841	2.63586613	2.45476585	1.56420717	3.44368349	0.551899606	0.144587535	0	26.1	0	0	3
556	58807	0	3.27193318	2.5229025	2.45832856	1.56420717	3.44368349	0.540331956	0.144587535	0	26.7	0	0	3
557	58810	0	3.27781796	2.38374063	2.45914574	1.56420717	3.44368349	0.524709047	0.144587535	0	27.5	0	0	3
558	58812	0	3.28370273	2.29274865	2.45858947	1.56420717	3.44368349	0.50622358	0.144587535	0	28.5	0	0	3
559	58815	0	3.2895875	2.02656835	2.45422263	1.56420717	3.44368349	0.487167056	0.144587535	0	29.6	0	0	3
560	58817	0	3.29547227	1.93210088	2.44837789	1.56420717	3.44368349	0.466161922	0.144587535	0	31	0	0	3
561	58820	0	3.30135704	1.85202349	2.44006036	1.56420717	3.44368349	0.445482951	0.144587535	0	32.4	0	0	3
562	58822	0	3.30724181	1.91133798	2.43219449	1.56420717	3.44368349	0.424718237	0.144587535	0	34	0	0	3
563	58825	0	3.31312659	1.88744283	2.42204668	1.56420717	3.44368349	0.405583476	0.144587535	0	35.6	0	0	3
564	58828	0	3.31901136	1.91738883	2.41145002	1.56420717	3.44368349	0.385252553	0.144587535	0	37.5	0	0	3
565	58830	0	3.32489613	2.05017191	2.4006679	1.56420717	3.44368349	0.3673647	0.144587535	0	39.3	0	0	3
566	58833	0	3.3307809	2.14848753	2.39224415	1.56420717	3.44368349	0.349476975	0.144587535	0	41.3	0	0	3
567	58835	0	3.33666567	2.30980161	2.38554018	1.56420717	3.44368349	0.331009815	0.144587535	0	43.6	0	0	3
568	58838	0	3.34255045	2.47570135	2.38063471	1.56420717	3.44368349	0.313590209	0.144587535	0	46.1	0	0	3
569	58840	0	3.34843522	2.47569204	2.37609944	1.56420717	3.44368349	0.295399938	0.144587535	0	48.9	0	0	3
570	58843	0	3.35431999	2.46857686	2.37101453	1.56420717	3.44368349	0.275955533	0.144587535	0	52.3	0	0	3
571	58846	0	3.36020476	2.5117487	2.36505325	1.56420717	3.44368349	0.255759887	0.144587535	0	56.5	0	0	3
572	58848	0	3.36608953	2.51435544	2.35785214	1.56420717	3.44368349	0.232708607	0.144587535	0	62.1	0	0	3
573	58851	0	3.37197431	2.48480486	2.34858206	1.56420717	3.44368349	0.210158387	0.144587535	0	68.7	0	0	3
574	58853	0	3.37785908	2.45132196	2.33962259	1.56420717	3.44368349	0.187039232	0.144587535	0	77.3	0	0	3
575	58856	0	3.38374385	2.34750396	2.3294968	1.56420717	3.44368349	0.172414201	0.144587535	0	83.8	0	0	3
576	58858	0	3.38962862	2.23801638	2.32067686	1.56420717	3.44368349	0.172414201	0.144587535	0	83.8	0	0	3
577	58861	0	3.39551339	2.04321871	2.311041	1.56420717	3.44368349	0.172414201	0.144587535	0	83.8	0	0	3
578	58864	0	3.40139817	1.93288115	2.30364124	1.56420717	3.44368349	0.172414201	0.144587535	0	83.8	0	0	3
579	58866	0	3.40728294	1.71832949	2.29687491	1.56420717	3.44368349	0.172414201	0.144587535	0	83.8	0	0	3
580	58869	0	3.41316771	1.62515364	2.29239361	1.56420717	3.44368349	0.172414201	0.144587535	0	83.8	0	0	3
581	58871	0	3.41905248	1.48877786	2.28929914	1.48877786	3.44368349	0.172414201	0.144587535	0	83.8	0	0	3
582	58874	0	3.42493725	1.3191946	2.28574875	1.3191946	3.44368349	0.173396983	0.144587535	0	83.3	0	0	3
583	58877	0	3.43082202	1.17187258	2.28029176	1.17187258	3.44368349	0.178853975	0.144587535	0	80.8	0	0	3
584	58879	0	3.4367068	1.1762755	2.27572786	1.17187258	3.44368349	0.183417877	0.144587535	0	78.8	0	0	3
585	58881	0	3.44259157	0.917383038	2.26759571	0.917383038	3.44368349	0.19155003	0.144587535	0	75.4	0	0	3
586	58884	0	3.44847634	0.86140482	2.25914268	0.86140482	3.44368349	0.200003058	0.144587535	0	72.2	0	0	3
587	58886	0	3.45436111	0.735038313	2.247675	0.735038313	3.44368349	0.211470738	0.144587535	0	68.3	0	0	3
588	58889	0	3.46024588	0.852306975	2.23782804	0.735038313	3.44368349	0.2213177	0.144587535	0	65.3	0	0	3
589	58891	0	3.46613066	0.815253901	2.22518631	0.735038313	3.44368349	0.233959427	0.144587535	0	61.8	0	0	3
590	58893	0	3.47201543	0.89003434	2.21324238	0.735038313	3.44368349	0.245903355	0.144587535	0	58.7	0	0	3
591	58896	0	3.4779002	1.05204011	2.20140291	0.735038313	3.44368349	0.257742829	0.144587535	0	56	0	0	3
592	58898	0	3.48378497	1.17175642	2.18923748	0.735038313	3.44368349	0.269908253	0.144587535	0	53.5	0	0	3
593	58901	0	3.48966974	1.3749176	2.17844129	0.735038313	3.44368349	0.280704442	0.144587535	0	51.5	0	0	3
594	58904	0	3.49555452	1.45562761	2.16708165	0.735038313	3.44368349	0.29206409	0.144587535	0	49.5	0	0	3
595	58906	0	3.50143929	1.50732095	2.15409404	0.735038313	3.44368349	0.305051695	0.144587535	0	47.3	0	0	3
596	58909	0	3.50732406	1.53009255	2.13827457	0.735038313	3.44368349	0.320871166	0.144587535	0	45	0	0	3
597	58911	0	3.51320883	1.66109527	2.12146355	0.735038313	3.44368349	0.337682184	0.144587535	0	42.8	0	0	3
598	58914	0	3.5190936	1.88322597	2.1047964	0.735038313	3.44368349	0.354349332	0.144587535	0	40.8	0	0	3
599	58916	0	3.52497838	2.06822398	2.08861453	0.735038313	3.39199002	0.370531208	0.144587535	0	39	0	0	3
600	58919	0	3.53086315	2.25535158	2.07524231	0.735038313	3.33351873	0.383903425	0.144587535	0	37.6	0	0	3
601	58926	0	3.53674792	2.29156033	2.06298398	0.735038313	3.23457632	0.396161759	0.144587535	0	36.4	0	0	3
602	58928	0	3.54263269	2.43879745	2.05362187	0.735038313	3.12974752	0.405523864	0.144587535	0	35.6	0	0	3
603	58931	0	3.54851746	2.43231161	2.04541674	0.735038313	2.84624191	0.413728992	0.144587535	0	34.9	0	0	3
604	58933	0	3.55440224	2.56262808	2.04213504	0.735038313	2.84624191	0.417010695	0.144587535	0	34.6	0	0	3
605	58936	0	3.56028701	2.64107429	2.0428641	0.735038313	2.84624191	0.417010695	0.144587535	0	34.6	0	0	3
606	58938	0	3.56617178	2.62220004	2.04584754	0.735038313	2.84624191	0.417010695	0.144587535	0	34.6	0	0	3
607	58941	0	3.57205655	2.61926241	2.05003821	0.735038313	2.84624191	0.417010695	0.144587535	0	34.6	0	0	3
608	58943	0	3.57794132	2.62308945	2.05645407	0.735038313	2.84624191	0.417010695	0.144587535	0	34.6	0	0	3
609	58946	0	3.58382609	2.6419946	2.06345463	0.735038313	2.84624191	0.417010695	0.144587535	0	34.6	0	0	3
610	58949	0	3.58971087	2.71523665	2.07163297	0.735038313	2.84624191	0.417010695	0.144587535	0	34.6	0	0	3
611	58951	0	3.59559564	2.60593139	2.07835693	0.735038313	2.84624191	0.417010695	0.144587535	0	34.6	0	0	3
612	58954	0	3.60148041	2.71953285	2.08657185	0.735038313	2.84624191	0.417010695	0.144587535	0	34.6	0	0	3
613	58956	0	3.60736518	2.72222302	2.09475321	0.735038313	2.84624191	0.417010695	0.144587535	0	34.6	0	0	3
614	58959	0	3.61324995	2.82456835	2.10319244	0.735038313	2.84624191	0.417010695	0.144587535	0	34.6	0	0	3
615	58961	0	3.61913473	2.76517768	2.10991337	0.735038313	2.84624191	0.417010695	0.144587535	0	34.6	0	0	3
616	58964	0	3.6250195	2.81916042	2.11724218	0.735038313	2.84624191	0.417010695	0.144587535	0	34.6	0	0	3
617	58966	0	3.63090427	2.75875712	2.12370324	0.735038313	2.84624191	0.417010695	0.144587535	0	34.6	0	0	3
618	58969	0	3.63678904	2.85714999	2.13099357	0.735038313	2.85714999	0.417010695	0.144587535	0	34.6	0	0	3
619	58971	0	3.64267381	2.81034984	2.13645019	0.735038313	2.85714999	0.417010695	0.144587535	0	34.6	0	0	3
620	58974	0	3.64855859	2.87049767	2.14433092	0.735038313	2.87049767	0.417010695	0.144587535	0	34.6	0	0	3
621	58976	0	3.65444336	2.87268129	2.1519137	0.735038313	2.87268129	0.417010695	0.144587535	0	34.6	0	0	3
622	58979	0	3.66032813	2.88310572	2.15912908	0.735038313	2.88310572	0.417010695	0.144587535	0	34.6	0	0	3
623	58981	0	3.6662129	2.80838553	2.1635955	0.735038313	2.88310572	0.417010695	0.144587535	0	34.6	0	0	3
624	58984	0	3.67209767	2.86049411	2.16896998	0.735038313	2.88310572	0.417010695	0.144587535	0	34.6	0	0	3
625	58986	0	3.67798245	2.99439452	2.17758744	0.735038313	2.99439452	0.417010695	0.144587535	0	34.6	0	0	3
626	58988	0	3.68386722	3.20786411	2.18894373	0.735038313	3.20786411	0.417010695	0.144587535	0	34.6	0	0	3
627	58991	0	3.68975199	3.34270903	2.20147638	0.735038313	3.34270903	0.417010695	0.144587535	0	34.6	0	0	3
628	58993	0	3.69563676	3.51043293	2.21699567	0.735038313	3.51043293	0.417010695	0.144587535	0	34.6	0	0	3
629	58995	0	3.70152153	3.6406249	2.23375875	0.735038313	3.6406249	0.417010695	0.144587535	0	34.6	0	0	3
630	58998	0	3.7074063	3.63663289	2.25123352	0.735038313	3.6406249	0.417010695	0.144587535	0	34.6	0	0	3
631	59000	0	3.71329108	3.42946575	2.26381133	0.735038313	3.6406249	0.417010695	0.144587535	0	34.6	0	0	3
632	59003	0	3.71917585	3.3029822	2.27512694	0.735038313	3.6406249	0.417010695	0.144587535	0	34.6	0	0	3
633	59005	0	3.72506062	3.05084421	2.28238235	0.735038313	3.6406249	0.417010695	0.144587535	0	34.6	0	0	3
634	59008	0	3.73094539	2.90065421	2.28848658	0.735038313	3.6406249	0.417010695	0.144587535	0	34.6	0	0	3
635	59011	0	3.73683016	2.65892527	2.29036167	0.735038313	3.6406249	0.417010695	0.144587535	0	34.6	0	0	3
636	59013	0	3.74271494	2.36940187	2.28816129	0.735038313	3.6406249	0.417010695	0.144587535	0	34.6	0	0	3
637	59016	0	3.74859971	2.17343517	2.28186699	0.735038313	3.6406249	0.417010695	0.144587535	0	34.6	0	0	3
638	59018	0	3.75448448	1.89976446	2.27147792	0.735038313	3.6406249	0.417010695	0.144587535	0	34.6	0	0	3
639	59021	0	3.76036925	1.75878894	2.25868436	0.735038313	3.6406249	0.417010695	0.144587535	0	34.6	0	0	3
640	59023	0	3.76625402	1.64559828	2.24703415	0.735038313	3.6406249	0.417010695	0.144587535	0	34.6	0	0	3
641	59026	0	3.7721388	1.59462955	2.23611329	0.735038313	3.6406249	0.417010695	0.144587535	0	34.6	0	0	3
642	59028	0	3.77802357	1.61890377	2.22711521	0.735038313	3.6406249	0.416454432	0.144587535	0	34.7	0	0	3
643	59031	0	3.78390834	1.62032889	2.21920439	0.735038313	3.6406249	0.412087591	0.144587535	0	35	0	0	3
644	59034	0	3.78979311	1.73259566	2.21574588	0.735038313	3.6406249	0.406242853	0.144587535	0	35.5	0	0	3
645	59036	0	3.79567788	1.79023725	2.2140769	0.735038313	3.6406249	0.397925314	0.144587535	0	36.3	0	0	3
646	59039	0	3.80156266	1.84933344	2.21404525	0.735038313	3.6406249	0.390059453	0.144587535	0	37	0	0	3
647	59041	0	3.80744743	1.93336106	2.21430435	0.735038313	3.6406249	0.379911643	0.144587535	0	38	0	0	3
648	59044	0	3.8133322	1.97963412	2.21538895	0.735038313	3.6406249	0.369314976	0.144587535	0	39.1	0	0	3
649	59046	0	3.81921697	2.0611278	2.21708	0.735038313	3.6406249	0.35853286	0.144587535	0	40.3	0	0	3
650	59049	0	3.82510174	2.2046961	2.21889793	0.735038313	3.6406249	0.350109107	0.144587535	0	41.2	0	0	3
651	59052	0	3.83098651	2.34395689	2.22119757	0.735038313	3.6406249	0.343405143	0.144587535	0	42.1	0	0	3
652	59054	0	3.83687129	2.48957281	2.22331252	0.735038313	3.6406249	0.338499671	0.144587535	0	42.7	0	0	3
653	59057	0	3.84275606	2.56921308	2.22441266	0.735038313	3.6406249	0.333964396	0.144587535	0	43.2	0	0	3
654	59059	0	3.84864083	2.64401071	2.22639288	0.735038313	3.6406249	0.328879486	0.144587535	0	43.9	0	0	3
655	59062	0	3.8545256	2.74786316	2.2296786	0.735038313	3.6406249	0.32291821	0.144587535	0	44.7	0	0	3
656	59064	0	3.86041037	2.74043903	2.23236908	0.735038313	3.6406249	0.315717098	0.144587535	0	45.7	0	0	3
657	59067	0	3.86629515	2.71701001	2.23475325	0.735038313	3.6406249	0.306447021	0.144587535	0	47.1	0	0	3
658	59069	0	3.87217992	2.79652752	2.23842057	0.735038313	3.6406249	0.297487547	0.144587535	0	48.6	0	0	3
659	59072	0	3.87806469	2.80271047	2.24255456	0.735038313	3.6406249	0.287361755	0.144587535	0	50.3	0	0	3
660	59075	0	3.88394946	2.94295694	2.24955988	0.735038313	3.6406249	0.278541821	0.144587535	0	51.9	0	0	3
661	59077	0	3.88983423	3.03182857	2.25889885	0.735038313	3.6406249	0.26890596	0.144587535	0	53.7	0	0	3
662	59080	0	3.89571901	3.09804778	2.27130861	0.735038313	3.6406249	0.261506201	0.144587535	0	55.2	0	0	3
663	59082	0	3.90160378	3.09078918	2.28493105	0.735038313	3.6406249	0.254739865	0.144587535	0	56.7	0	0	3
664	59085	0	3.90748855	3.13177943	2.30155988	0.735038313	3.6406249	0.259424835	0.144587535	0	55.7	0	0	3
665	59088	0	3.91337332	3.04665771	2.31828345	0.735038313	3.6406249	0.276148412	0.144587535	0	52.3	0	0	3
666	59090	0	3.91925809	2.98444706	2.33587956	0.735038313	3.6406249	0.29374452	0.144587535	0	49.2	0	0	3
667	59093	0	3.92514287	2.88388537	2.35428769	0.735038313	3.6406249	0.312152647	0.144587535	0	46.3	0	0	3
668	59095	0	3.93102764	2.85727652	2.37411597	0.735038313	3.6406249	0.331980929	0.144587535	0	43.5	0	0	3
669	59098	0	3.93691241	2.74756714	2.39260175	0.735038313	3.6406249	0.350466713	0.144587535	0	41.2	0	0	3
670	59100	0	3.94279718	2.63473738	2.41280592	0.735038313	3.6406249	0.370670881	0.144587535	0	39	0	0	3
671	59103	0	3.94868195	2.51042944	2.43220621	0.735038313	3.6406249	0.390071171	0.144587535	0	37	0	0	3
672	59105	0	3.95456673	2.34613728	2.45116032	0.815253901	3.6406249	0.409025277	0.144587535	0	35.3	0	0	3
673	59108	0	3.9604515	2.19097659	2.46690937	0.815253901	3.6406249	0.424774331	0.144587535	0	34	0	0	3
674	59111	0	3.96633627	2.00230157	2.48087464	0.89003434	3.6406249	0.438739598	0.144587535	0	32.9	0	0	3
675	59113	0	3.97222104	1.86397644	2.49233278	1.05204011	3.6406249	0.45019774	0.144587535	0	32.1	0	0	3
676	59116	0	3.97810581	1.77903024	2.50088561	1.17175642	3.6406249	0.458750565	0.144587535	0	31.5	0	0	3
677	59118	0	3.98399058	1.59007136	2.50580696	1.3749176	3.6406249	0.463671917	0.144587535	0	31.1	0	0	3
678	59121	0	3.98987536	1.58196148	2.50824277	1.45562761	3.6406249	0.466107728	0.144587535	0	31	0	0	3
679	59124	0	3.99576013	1.56161025	2.50948962	1.50732095	3.6406249	0.467354582	0.144587535	0	30.9	0	0	3
680	59127	0	4.0016449	1.63812199	2.51102846	1.53009255	3.6406249	0.468893418	0.144587535	0	30.8	0	0	3
