Iteration	CPUTime	PhysTime	Travels	Value	AvValue	MinValue	MaxValue	Delta	Criteria	Progress	CriteriaType	CriteriaVarType	CriteriaPercentage
1	14	0	0.00588477191	-301.409775	-301.409775	-301.409775	-301.409775	0	0	0	0	0	0	3
2	18	0	0.0117695438	-8.4714651	-154.94062	-301.409775	-8.4714651	146.469155	0	0	0	0	0	3
3	20	0	0.0176543157	28.0543376	-93.9423008	-301.409775	28.0543376	207.467474	0	0	0	0	0	3
4	23	0	0.0235390876	-0.740067772	-70.6417426	-301.409775	28.0543376	230.768032	0	0	0	0	0	3
5	26	0	0.0294238596	15.2606085	-53.4612724	-301.409775	28.0543376	247.948503	0	0	0	0	0	3
6	28	0	0.0353086315	3.35924883	-43.9911855	-301.409775	28.0543376	257.41859	0	0	0	0	0	3
7	30	0	0.0411934034	9.37707025	-36.367149	-301.409775	28.0543376	265.042626	0	0	0	0	0	3
8	33	0	0.0470781753	5.62509825	-31.1181181	-301.409775	28.0543376	270.291657	0	0	0	0	0	3
9	35	0	0.0529629472	4.75481739	-27.1322363	-301.409775	28.0543376	274.277539	0	0	0	0	0	3
10	37	0	0.0588477191	5.28727964	-23.8902847	-301.409775	28.0543376	277.51949	0	0	0	0	0	3
11	39	0	0.064732491	2.82390994	-21.4617216	-301.409775	28.0543376	279.948053	0	0	0	0	0	3
12	41	0	0.0706172629	2.53357734	-19.4621133	-301.409775	28.0543376	281.947662	0	0	0	0	0	3
13	44	0	0.0765020349	0.916383774	-17.8945366	-301.409775	28.0543376	283.515238	0	0	0	0	0	3
14	46	0	0.0823868068	0.906674904	-16.551593	-301.409775	28.0543376	284.858182	0	0	0	0	0	3
15	48	0	0.0882715787	-0.459830633	-15.4788088	-301.409775	28.0543376	285.930966	0	0	0	0	0	3
16	50	0	0.0941563506	-0.621462691	-14.5502247	-301.409775	28.0543376	286.85955	0	0	0	0	0	3
17	52	0	0.100041123	-1.93262813	-13.8080131	-301.409775	28.0543376	287.601762	0	0	0	0	0	3
18	55	0	0.105925894	-0.658436843	-13.0774811	-301.409775	28.0543376	288.332294	0	0	0	0	0	3
19	57	0	0.111810666	-3.12969235	-12.5539133	-301.409775	28.0543376	288.855862	0	0	0	0	0	3
20	59	0	0.117695438	-0.00996532196	-11.9267159	-301.409775	28.0543376	289.483059	0	0	0	0	0	3
21	62	0	0.12358021	-3.8147336	-11.540431	-301.409775	28.0543376	289.869344	0	0	0	0	0	3
22	64	0	0.129464982	0.0848507154	-11.0120091	-301.409775	28.0543376	290.397766	0	0	0	0	0	3
23	66	0	0.135349754	-4.24727821	-10.7178904	-301.409775	28.0543376	290.691885	0	0	0	0	0	3
24	69	0	0.141234526	-0.626465244	-10.2974143	-301.409775	28.0543376	291.112361	0	0	0	0	0	3
25	71	0	0.147119298	-3.78820248	-10.0370459	-301.409775	28.0543376	291.372729	0	0	0	0	0	3
26	73	0	0.15300407	-3.30901107	-9.77827528	-301.409775	28.0543376	291.6315	0	0	0	0	0	3
27	76	0	0.158888842	-4.29858285	-9.57532371	-301.409775	28.0543376	291.834451	0	0	0	0	0	3
28	78	0	0.164773614	-2.97777077	-9.33969682	-301.409775	28.0543376	292.070078	0	0	0	0	0	3
29	80	0	0.170658385	-3.76016963	-9.14729933	-301.409775	28.0543376	292.262476	0	0	0	0	0	3
30	82	0	0.176543157	-4.71664991	-8.99961102	-301.409775	28.0543376	292.410164	0	0	0	0	0	3
31	85	0	0.182427929	-4.60040953	-8.85770129	-301.409775	28.0543376	292.552074	0	0	0	0	0	3
32	87	0	0.188312701	-4.23973529	-8.71338985	-301.409775	28.0543376	292.696385	0	0	0	0	0	3
33	89	0	0.194197473	-5.62501578	-8.61980276	-301.409775	28.0543376	292.789972	0	0	0	0	0	3
34	92	0	0.200082245	-6.90775569	-8.56944843	-301.409775	28.0543376	292.840327	0	0	0	0	0	3
35	94	0	0.205967017	-6.28745897	-8.50424874	-301.409775	28.0543376	292.905526	0	0	0	0	0	3
36	96	0	0.211851789	-7.43532749	-8.47455648	-301.409775	28.0543376	292.935219	0	0	0	0	0	3
37	99	0	0.217736561	-7.27791214	-8.44221474	-301.409775	28.0543376	292.96756	0	0	0	0	0	3
38	101	0	0.223621333	-6.80731333	-8.39919102	-301.409775	28.0543376	293.010584	0	0	0	0	0	3
39	104	0	0.229506105	-8.08573876	-8.39115378	-301.409775	28.0543376	293.018621	0	0	0	0	0	3
40	106	0	0.235390876	-7.77701911	-8.37580041	-301.409775	28.0543376	293.033975	0	0	0	0	0	3
41	109	0	0.241275648	-8.45151691	-8.37764716	-301.409775	28.0543376	293.033975	0	0	0	0	0	3
42	111	0	0.24716042	-8.49189817	-8.38036742	-301.409775	28.0543376	293.033975	0	0	0	0	0	3
43	114	0	0.253045192	-8.10310618	-8.37391949	-301.409775	28.0543376	293.035856	0	0	0	0	0	3
44	116	0	0.258929964	-8.24258241	-8.37093455	-301.409775	28.0543376	293.03884	0	0	0	0	0	3
45	119	0	0.264814736	-8.20773317	-8.36730785	-301.409775	28.0543376	293.042467	0	0	0	0	0	3
46	121	0	0.270699508	-8.59509359	-8.37225972	-301.409775	28.0543376	293.042467	0	0	0	0	0	3
47	124	0	0.27658428	-8.73734573	-8.38002751	-301.409775	28.0543376	293.042467	0	0	0	0	0	3
48	127	0	0.282469052	-8.9383797	-8.39165984	-301.409775	28.0543376	293.042467	0	0	0	0	0	3
49	129	0	0.288353824	-8.733844	-8.39864319	-301.409775	28.0543376	293.042467	0	0	0	0	0	3
50	132	0	0.294238596	-8.67286386	-8.40412761	-301.409775	28.0543376	293.042467	0	0	0	0	0	3
51	134	0	0.300123368	-8.51494866	-8.40630057	-301.409775	28.0543376	293.042467	0	0	0	0	0	3
52	136	0	0.306008139	-8.33813906	-8.40498977	-301.409775	28.0543376	293.042467	0	0	0	0	0	3
53	139	0	0.311892911	-9.13751325	-8.41881097	-301.409775	28.0543376	293.042467	0	0	0	0	0	3
54	141	0	0.317777683	-9.44465874	-8.43780815	-301.409775	28.0543376	293.042467	0	0	0	0	0	3
55	144	0	0.323662455	-8.82162388	-8.44478662	-301.409775	28.0543376	293.042467	0	0	0	0	0	3
56	146	0	0.329547227	-8.79556511	-8.45105052	-301.409775	28.0543376	293.042467	0	0	0	0	0	3
57	148	0	0.335431999	-8.90450401	-8.45900584	-301.409775	28.0543376	293.042467	0	0	0	0	0	3
58	151	0	0.341316771	-9.15388941	-8.47098659	-301.409775	28.0543376	293.042467	0	0	0	0	0	3
59	153	0	0.347201543	-9.01821109	-8.48026159	-301.409775	28.0543376	293.042467	0	0	0	0	0	3
60	156	0	0.353086315	-8.85708707	-8.48654201	-301.409775	28.0543376	293.042467	0	0	0	0	0	3
61	159	0	0.358971087	-9.00079682	-8.49497242	-301.409775	28.0543376	293.042467	0	0	0	0	0	3
62	161	0	0.364855859	-9.29166274	-8.50782226	-301.409775	28.0543376	293.042467	0	0	0	0	0	3
63	164	0	0.37074063	-9.29897265	-8.5203802	-301.409775	28.0543376	293.042467	0	0	0	0	0	3
64	166	0	0.376625402	-9.38820703	-8.53394	-301.409775	28.0543376	293.042467	0	0	0	0	0	3
65	169	0	0.382510174	-9.02284455	-8.54146161	-301.409775	28.0543376	293.042467	0	0	0	0	0	3
66	172	0	0.388394946	-9.37064612	-8.55402501	-301.409775	28.0543376	293.042467	0	0	0	0	0	3
67	174	0	0.394279718	-9.44356229	-8.56730168	-301.409775	28.0543376	293.042467	0	0	0	0	0	3
68	177	0	0.40016449	-9.27656881	-8.57773208	-301.409775	28.0543376	293.042467	0	0	0	0	0	3
69	179	0	0.406049262	-9.31744915	-8.58845262	-301.409775	28.0543376	293.042467	0	0	0	0	0	3
70	181	0	0.411934034	-9.53818267	-8.60202019	-301.409775	28.0543376	293.042467	0	0	0	0	0	3
71	184	0	0.417818806	-9.46493388	-8.61417391	-301.409775	28.0543376	293.042467	0	0	0	0	0	3
72	187	0	0.423703578	-9.91664253	-8.63226375	-301.409775	28.0543376	293.042467	0	0	0	0	0	3
73	189	0	0.42958835	-10.2450065	-8.65435611	-301.409775	28.0543376	293.042467	0	0	0	0	0	3
74	192	0	0.435473122	-9.94050776	-8.67173654	-301.409775	28.0543376	293.042467	0	0	0	0	0	3
75	194	0	0.441357893	-9.52674992	-8.68313672	-301.409775	28.0543376	293.042467	0	0	0	0	0	3
76	197	0	0.447242665	-9.85967333	-8.69861746	-301.409775	28.0543376	293.042467	0	0	0	0	0	3
77	199	0	0.453127437	-9.91311745	-8.71439019	-301.409775	28.0543376	293.042467	0	0	0	0	0	3
78	202	0	0.459012209	-10.4088792	-8.73611441	-301.409775	28.0543376	293.042467	0	0	0	0	0	3
79	204	0	0.464896981	-9.81390014	-8.74975727	-301.409775	28.0543376	293.042467	0	0	0	0	0	3
80	207	0	0.470781753	-9.72641041	-8.76196543	-301.409775	28.0543376	293.042467	0	0	0	0	0	3
81	209	0	0.476666525	-9.86248127	-8.77555205	-301.409775	28.0543376	293.042467	0	0	0	0	0	3
82	211	0	0.482551297	-10.2223192	-8.79319555	-301.409775	28.0543376	293.042467	0	0	0	0	0	3
83	214	0	0.488436069	-10.2571494	-8.81083355	-301.409775	28.0543376	293.042467	0	0	0	0	0	3
84	216	0	0.494320841	-10.3532512	-8.82919566	-301.409775	28.0543376	293.042467	0	0	0	0	0	3
85	219	0	0.500205613	-10.134586	-8.84455319	-301.409775	28.0543376	293.042467	0	0	0	0	0	3
86	221	0	0.506090384	-10.1699799	-5.41820266	-10.4088792	28.0543376	38.4632168	0	0	0	0	0	3
87	224	0	0.511975156	-10.3032952	-5.43975361	-10.4088792	28.0543376	38.4632168	0	0	0	0	0	3
88	226	0	0.517859928	-9.9636983	-5.88702462	-10.4088792	15.2606085	25.6694877	0	0	0	0	0	3
89	229	0	0.5237447	-9.88424589	-5.99460318	-10.4088792	15.2606085	25.6694877	0	0	0	0	0	3
90	231	0	0.529629472	-10.1230559	-6.29323453	-10.4088792	9.37707025	19.7859494	0	0	0	0	0	3
91	234	0	0.535514244	-10.2933684	-6.45385355	-10.4088792	9.37707025	19.7859494	0	0	0	0	0	3
92	236	0	0.541399016	-10.0534276	-6.68244765	-10.4088792	5.62509825	16.0339774	0	0	0	0	0	3
93	239	0	0.547283788	-10.0737246	-6.86713968	-10.4088792	5.28727964	15.6961588	0	0	0	0	0	3
94	241	0	0.55316856	-10.3660783	-7.04503257	-10.4088792	5.28727964	15.6961588	0	0	0	0	0	3
95	244	0	0.559053332	-10.3310902	-7.2287781	-10.4088792	2.82390994	13.2327891	0	0	0	0	0	3
96	246	0	0.564938104	-10.5613638	-7.38625191	-10.5613638	2.53357734	13.0949411	0	0	0	0	0	3
97	249	0	0.570822876	-10.1329335	-7.53526968	-10.5613638	0.916383774	11.4777476	0	0	0	0	0	3
98	251	0	0.576707647	-10.453277	-7.6690304	-10.5613638	0.906674904	11.1333903	0	0	0	0	0	3
99	254	0	0.582592419	-9.80258476	-7.79502169	-10.5613638	0.0848507154	10.0606061	0	0	0	0	0	3
100	257	0	0.588477191	-10.1146841	-7.9086082	-10.5613638	0.0848507154	9.13202201	0	0	0	0	0	3
101	264	0	0.594361963	-10.1490321	-8.02069725	-10.5613638	0.0848507154	8.38981045	0	0	0	0	0	3
102	266	0	0.600246735	-9.988637	-8.11547383	-10.5613638	0.0848507154	7.65927843	0	0	0	0	0	3
103	268	0	0.606131507	-9.91946343	-8.22442708	-10.5613638	0.0848507154	7.13571061	0	0	0	0	0	3
104	271	0	0.612016279	-10.1361371	-8.30685584	-10.5613638	0.0848507154	6.50851321	0	0	0	0	0	3
105	273	0	0.617901051	-10.2876463	-8.42776974	-10.5613638	0.0848507154	6.12222834	0	0	0	0	0	3
106	275	0	0.623785823	-10.4836476	-8.50622755	-10.5613638	0.0848507154	5.59380644	0	0	0	0	0	3
107	278	0	0.629670595	-10.3574419	-8.62907805	-10.5613638	-0.626465244	5.29968771	0	0	0	0	0	3
108	280	0	0.635555367	-10.2269815	-8.6994275	-10.5613638	-0.626465244	4.87921166	0	0	0	0	0	3
109	283	0	0.641440138	-10.0208189	-8.80994931	-10.5613638	-2.97777077	4.61884319	0	0	0	0	0	3
110	285	0	0.64732491	-9.90033239	-8.88185672	-10.5613638	-2.97777077	4.36007262	0	0	0	0	0	3
111	287	0	0.653209682	-9.77767411	-8.95795864	-10.5613638	-2.97777077	4.15712105	0	0	0	0	0	3
112	290	0	0.659094454	-9.94083172	-9.02433803	-10.5613638	-2.97777077	3.92149416	0	0	0	0	0	3
113	292	0	0.664979226	-10.1118107	-9.10826792	-10.5613638	-3.76016963	3.72909667	0	0	0	0	0	3
114	295	0	0.670863998	-10.231624	-9.18440267	-10.5613638	-4.23973529	3.76620001	0	0	0	0	0	3
115	297	0	0.67674877	-9.84757234	-9.24476647	-10.5613638	-4.23973529	3.8265638	0	0	0	0	0	3
116	300	0	0.682633542	-10.0911296	-9.30936317	-10.5613638	-4.23973529	3.89116051	0	0	0	0	0	3
117	302	0	0.688518314	-10.1567154	-9.3789747	-10.5613638	-5.62501578	3.96077204	0	0	0	0	0	3
118	305	0	0.694403086	-10.0457839	-9.43098374	-10.5613638	-6.28745897	4.01278108	0	0	0	0	0	3
119	307	0	0.700287858	-10.5952908	-9.47436651	-10.5952908	-6.28745897	4.05616384	0	0	0	0	0	3
120	310	0	0.706172629	-10.4603935	-9.52345985	-10.5952908	-6.80731333	3.78797742	0	0	0	0	0	3
121	312	0	0.712057401	-10.2384813	-9.55643813	-10.5952908	-6.80731333	3.78797742	0	0	0	0	0	3
122	315	0	0.717942173	-10.0299372	-9.5888149	-10.5952908	-6.80731333	3.78797742	0	0	0	0	0	3
123	317	0	0.723826945	-10.0705826	-9.6272063	-10.5952908	-7.77701911	2.81827164	0	0	0	0	0	3
124	320	0	0.729711717	-10.6011741	-9.65679966	-10.6011741	-7.77701911	2.82415499	0	0	0	0	0	3
125	322	0	0.735596489	-10.4131638	-9.68781313	-10.6011741	-8.10310618	2.49806792	0	0	0	0	0	3
126	325	0	0.741481261	-10.0262317	-9.70633918	-10.6011741	-8.10310618	2.49806792	0	0	0	0	0	3
127	327	0	0.747366033	-10.1330811	-9.72564722	-10.6011741	-8.10310618	2.49806792	0	0	0	0	0	3
128	329	0	0.753250805	-10.6095154	-9.75513438	-10.6095154	-8.20773317	2.40178222	0	0	0	0	0	3
129	332	0	0.759135577	-10.4375309	-9.78095731	-10.6095154	-8.20773317	2.40178222	0	0	0	0	0	3
130	334	0	0.765020349	-10.1450444	-9.8037492	-10.6095154	-8.33813906	2.27137634	0	0	0	0	0	3
131	337	0	0.770905121	-10.1918811	-9.82253494	-10.6095154	-8.33813906	2.27137634	0	0	0	0	0	3
132	339	0	0.776789892	-10.5755714	-9.84416112	-10.6095154	-8.33813906	2.27137634	0	0	0	0	0	3
133	341	0	0.782674664	-10.444366	-9.86187861	-10.6095154	-8.33813906	2.27137634	0	0	0	0	0	3
134	343	0	0.788559436	-10.3553363	-9.88095499	-10.6095154	-8.33813906	2.27137634	0	0	0	0	0	3
135	346	0	0.794444208	-10.2745991	-9.89979893	-10.6095154	-8.33813906	2.27137634	0	0	0	0	0	3
136	348	0	0.80032898	-9.92266962	-9.91636036	-10.6095154	-8.33813906	2.27137634	0	0	0	0	0	3
137	350	0	0.806213752	-9.65799967	-9.93188813	-10.6095154	-8.79556511	1.81395029	0	0	0	0	0	3
138	352	0	0.812098524	-10.306165	-9.94563697	-10.6095154	-8.79556511	1.81395029	0	0	0	0	0	3
139	355	0	0.817983296	-10.2290302	-9.95486487	-10.6095154	-8.79556511	1.81395029	0	0	0	0	0	3
140	357	0	0.823868068	-9.98812214	-9.96858838	-10.6095154	-8.79556511	1.81395029	0	0	0	0	0	3
141	359	0	0.82975284	-10.1429419	-9.98443987	-10.6095154	-8.85708707	1.75242832	0	0	0	0	0	3
142	361	0	0.835637612	-9.80246749	-9.99500415	-10.6095154	-8.85708707	1.75242832	0	0	0	0	0	3
143	364	0	0.841522383	-10.2052707	-10.0073733	-10.6095154	-8.85708707	1.75242832	0	0	0	0	0	3
144	366	0	0.847407155	-10.1362352	-10.0205266	-10.6095154	-8.85708707	1.75242832	0	0	0	0	0	3
145	369	0	0.853291927	-10.3259648	-10.0378075	-10.6095154	-9.00079682	1.60871858	0	0	0	0	0	3
146	371	0	0.859176699	-9.99618208	-10.0495179	-10.6095154	-9.02284455	1.58667084	0	0	0	0	0	3
147	374	0	0.865061471	-9.96108727	-10.0573935	-10.6095154	-9.02284455	1.58667084	0	0	0	0	0	3
148	377	0	0.870946243	-9.70488144	-10.0621689	-10.6095154	-9.02284455	1.58667084	0	0	0	0	0	3
149	379	0	0.876831015	-9.50206508	-10.0635084	-10.6095154	-9.02284455	1.58667084	0	0	0	0	0	3
150	382	0	0.882715787	-9.69652125	-10.071434	-10.6095154	-9.27656881	1.33294658	0	0	0	0	0	3
151	384	0	0.888600559	-9.49340345	-10.0728782	-10.6095154	-9.27656881	1.33294658	0	0	0	0	0	3
152	387	0	0.894485331	-9.66822179	-10.0755212	-10.6095154	-9.27656881	1.33294658	0	0	0	0	0	3
153	389	0	0.900370103	-9.86232923	-10.0824125	-10.6095154	-9.31744915	1.29206625	0	0	0	0	0	3
154	392	0	0.906254875	-9.79285284	-10.0880055	-10.6095154	-9.46493388	1.14458151	0	0	0	0	0	3
155	394	0	0.912139646	-9.6995493	-10.089904	-10.6095154	-9.46493388	1.14458151	0	0	0	0	0	3
156	397	0	0.918024418	-9.34294342	-10.0884688	-10.6095154	-9.34294342	1.26657197	0	0	0	0	0	3
157	399	0	0.92390919	-9.68811586	-10.0857802	-10.6095154	-9.34294342	1.26657197	0	0	0	0	0	3
158	402	0	0.929793962	-10.0028255	-10.082931	-10.6095154	-9.34294342	1.26657197	0	0	0	0	0	3
159	405	0	0.935678734	-9.96220581	-10.0831863	-10.6095154	-9.34294342	1.26657197	0	0	0	0	0	3
160	407	0	0.941563506	-9.83713009	-10.0868378	-10.6095154	-9.34294342	1.26657197	0	0	0	0	0	3
161	410	0	0.947448278	-9.72463037	-10.0852491	-10.6095154	-9.34294342	1.26657197	0	0	0	0	0	3
162	412	0	0.95333305	-9.71460758	-10.0829137	-10.6095154	-9.34294342	1.26657197	0	0	0	0	0	3
163	414	0	0.959217822	-9.96547587	-10.0776972	-10.6095154	-9.34294342	1.26657197	0	0	0	0	0	3
164	417	0	0.965102594	-10.3245269	-10.0837046	-10.6095154	-9.34294342	1.26657197	0	0	0	0	0	3
165	419	0	0.970987366	-10.049242	-10.0875026	-10.6095154	-9.34294342	1.26657197	0	0	0	0	0	3
166	421	0	0.976872137	-10.2861067	-10.0924864	-10.6095154	-9.34294342	1.26657197	0	0	0	0	0	3
167	424	0	0.982756909	-10.366849	-10.0941868	-10.6095154	-9.34294342	1.26657197	0	0	0	0	0	3
168	426	0	0.988641681	-10.0248255	-10.0914535	-10.6095154	-9.34294342	1.26657197	0	0	0	0	0	3
169	428	0	0.994526453	-10.3047788	-10.0908833	-10.6095154	-9.34294342	1.26657197	0	0	0	0	0	3
170	431	0	1.00041123	-10.3060329	-10.0929003	-10.6095154	-9.34294342	1.26657197	1.15991559	0	91.5	0	0	3
171	433	0	1.006296	-10.1251159	-10.0923725	-10.6095154	-9.34294342	1.26657197	1.15991559	0	91.5	0	0	3
172	436	0	1.01218077	-10.2075548	-10.0912461	-10.6095154	-9.34294342	1.26657197	1.15991559	0	91.5	0	0	3
173	438	0	1.01806554	-10.6387241	-10.0991876	-10.6387241	-9.34294342	1.29578068	1.15991559	0	89.5	0	0	3
174	440	0	1.02395031	-10.5426945	-10.1069341	-10.6387241	-9.34294342	1.29578068	1.15991559	0	89.5	0	0	3
175	443	0	1.02983508	-9.84983028	-10.1037196	-10.6387241	-9.34294342	1.29578068	1.15991559	0	89.5	0	0	3
176	445	0	1.03571986	-10.3077207	-10.1038885	-10.6387241	-9.34294342	1.29578068	1.15991559	0	89.5	0	0	3
177	448	0	1.04160463	-10.2307116	-10.1059742	-10.6387241	-9.34294342	1.29578068	1.15991559	0	89.5	0	0	3
178	450	0	1.0474894	-10.3465096	-10.1091834	-10.6387241	-9.34294342	1.29578068	1.15991559	0	89.5	0	0	3
179	453	0	1.05337417	-10.3622363	-10.1091382	-10.6387241	-9.34294342	1.29578068	1.15991559	0	89.5	0	0	3
180	455	0	1.05925894	-10.131577	-10.106791	-10.6387241	-9.34294342	1.29578068	1.15991559	0	89.5	0	0	3
181	458	0	1.06514372	-10.3553144	-10.1043669	-10.6387241	-9.34294342	1.29578068	1.15991559	0	89.5	0	0	3
182	460	0	1.07102849	-10.3698728	-10.1071544	-10.6387241	-9.34294342	1.29578068	1.15991559	0	89.5	0	0	3
183	463	0	1.07691326	-10.6667877	-10.1096663	-10.6667877	-9.34294342	1.32384425	1.15991559	0	87.6	0	0	3
184	465	0	1.08279803	-10.2681056	-10.115143	-10.6667877	-9.34294342	1.32384425	1.15991559	0	87.6	0	0	3
185	468	0	1.0886828	-10.2462225	-10.1166905	-10.6667877	-9.34294342	1.32384425	1.15991559	0	87.6	0	0	3
186	471	0	1.09456758	-10.3005496	-10.1184731	-10.6667877	-9.34294342	1.32384425	1.15991559	0	87.6	0	0	3
187	473	0	1.10045235	-10.2496462	-10.1215438	-10.6667877	-9.34294342	1.32384425	1.15991559	0	87.6	0	0	3
188	475	0	1.10633712	-10.2543675	-10.1254838	-10.6667877	-9.34294342	1.32384425	1.15991559	0	87.6	0	0	3
189	478	0	1.11222189	-10.1687218	-10.1258672	-10.6667877	-9.34294342	1.32384425	1.15991559	0	87.6	0	0	3
190	480	0	1.11810666	-10.2322698	-10.1252157	-10.6667877	-9.34294342	1.32384425	1.15991559	0	87.6	0	0	3
191	482	0	1.12399144	-10.1699965	-10.1215257	-10.6667877	-9.34294342	1.32384425	1.15991559	0	87.6	0	0	3
192	484	0	1.12987621	-10.2828584	-10.1206482	-10.6667877	-9.34294342	1.32384425	1.15991559	0	87.6	0	0	3
193	486	0	1.13576098	-10.496939	-10.1238242	-10.6667877	-9.34294342	1.31591788	1.15991559	0	88.1	0	0	3
194	489	0	1.14164575	-10.1483535	-10.1253246	-10.6667877	-9.34294342	1.24401047	1.15991559	0	93.2	0	0	3
195	491	0	1.14753052	-10.158107	-10.1283573	-10.6667877	-9.34294342	1.17039861	1.15991559	0	99.1	0	0	3
196	493	0	1.15341529	-10.0508682	-10.1315713	-10.6667877	-9.34294342	1.10723326	1.15991559	0	100	0	0	3
197	495	0	1.15930007	-10.0587952	-10.1329591	-10.6667877	-9.34294342	1.02469119	1.15991559	0	100	0	0	3
198	497	0	1.16518484	-10.1301797	-10.1331752	-10.6667877	-9.34294342	0.948772536	1.15991559	0	100	0	0	3
199	500	0	1.17106961	-10.1347895	-10.132036	-10.6667877	-9.34294342	0.888408743	1.15991559	0	100	0	0	3
200	502	0	1.17695438	-9.99298777	-10.1337467	-10.6667877	-9.34294342	0.824383576	1.15991559	0	100	0	0	3
201	509	0	1.18283915	-10.2073194	-10.1351137	-10.6667877	-9.34294342	0.756138985	1.15991559	0	100	0	0	3
202	511	0	1.18872393	-10.1565684	-10.135112	-10.6667877	-9.34294342	0.704129948	1.15991559	0	100	0	0	3
203	513	0	1.1946087	-10.1723062	-10.1366005	-10.6667877	-9.34294342	0.66223395	1.15991559	0	100	0	0	3
204	515	0	1.20049347	-10.0441844	-10.1301169	-10.6667877	-9.34294342	0.613140603	1.15991559	0	100	0	0	3
205	517	0	1.20637824	-10.026129	-10.1250079	-10.6667877	-9.34294342	0.580162323	1.15991559	0	100	0	0	3
206	520	0	1.21226301	-10.0536815	-10.1228337	-10.6667877	-9.34294342	0.547785557	1.15991559	0	100	0	0	3
207	522	0	1.21814779	-10.0887905	-10.1235261	-10.6667877	-9.34294342	0.509394155	1.15991559	0	100	0	0	3
208	524	0	1.22403256	-10.419105	-10.1276264	-10.6667877	-9.34294342	0.479800798	1.15991559	0	100	0	0	3
209	526	0	1.22991733	-10.4203607	-10.1254992	-10.6667877	-9.34294342	0.448787331	1.15991559	0	100	0	0	3
210	528	0	1.2358021	-10.2774692	-10.1239028	-10.6667877	-9.34294342	0.430261274	1.15991559	0	100	0	0	3
211	530	0	1.24168687	-10.3236217	-10.1274015	-10.6667877	-9.34294342	0.41095324	1.15991559	0	100	0	0	3
212	533	0	1.24757165	-10.1995182	-10.1281831	-10.6667877	-9.34294342	0.381466073	1.15991559	0	100	0	0	3
213	535	0	1.25345642	-9.99861516	-10.120996	-10.6667877	-9.34294342	0.355643149	1.15991559	0	100	0	0	3
214	537	0	1.25934119	-10.4872082	-10.1215805	-10.6667877	-9.34294342	0.332851253	1.15991559	0	100	0	0	3
215	539	0	1.26522596	-10.2005007	-10.1222329	-10.6667877	-9.34294342	0.314065518	1.15991559	0	100	0	0	3
216	541	0	1.27111073	-10.4371719	-10.1251187	-10.6667877	-9.34294342	0.292439333	1.15991559	0	100	0	0	3
217	544	0	1.2769955	-10.2003973	-10.1207049	-10.6667877	-9.34294342	0.274721847	1.15991559	0	100	0	0	3
218	546	0	1.28288028	-10.5566747	-10.1220261	-10.6667877	-9.34294342	0.255645467	1.15991559	0	100	0	0	3
219	549	0	1.28876505	-10.6526781	-10.1255243	-10.6667877	-9.34294342	0.236801522	1.15991559	0	100	0	0	3
220	551	0	1.29464982	-10.2378806	-10.1250923	-10.6667877	-9.34294342	0.220240099	1.15991559	0	100	0	0	3
221	554	0	1.30053459	-10.052431	-10.1266189	-10.6667877	-9.34294342	0.204712328	1.15991559	0	100	0	0	3
222	556	0	1.30641936	-10.4144793	-10.1355187	-10.6667877	-9.34294342	0.190963483	1.15991559	0	100	0	0	3
223	559	0	1.31230414	-10.4260473	-10.136929	-10.6667877	-9.34294342	0.182064165	1.15991559	0	100	0	0	3
224	561	0	1.31818891	-10.2345505	-10.136994	-10.6667877	-9.34294342	0.168405601	1.15991559	0	100	0	0	3
225	564	0	1.32407368	-10.5151447	-10.1431942	-10.6667877	-9.34294342	0.158754375	1.15991559	0	100	0	0	3
226	566	0	1.32995845	-10.435158	-10.1466321	-10.6667877	-9.34294342	0.151627935	1.15991559	0	100	0	0	3
227	569	0	1.33584322	-10.3017502	-10.152506	-10.6667877	-9.34294342	0.145132658	1.15991559	0	100	0	0	3
228	571	0	1.341728	-10.0215364	-10.1503444	-10.6667877	-9.34294342	0.131979433	1.15991559	0	100	0	0	3
229	574	0	1.34761277	-10.8452541	-10.1586858	-10.8452541	-9.34294342	0.120878337	1.15991559	0	100	0	0	3
230	576	0	1.35349754	-10.2971354	-10.1583466	-10.8452541	-9.34294342	0.109167922	1.15991559	0	100	0	0	3
231	579	0	1.35938231	-10.4842678	-10.1640888	-10.8452541	-9.34294342	0.106695356	1.15991559	0	100	0	0	3
232	581	0	1.36526708	-10.5791072	-10.1713597	-10.8452541	-9.34294342	0.109190781	1.15991559	0	100	0	0	3
233	584	0	1.37115186	-10.3291825	-10.1787044	-10.8452541	-9.34294342	0.115195994	1.15991559	0	100	0	0	3
234	586	0	1.37703663	-10.1845834	-10.186734	-10.8452541	-9.34294342	0.115300013	1.15991559	0	100	0	0	3
235	588	0	1.3829214	-10.3603204	-10.1945434	-10.8452541	-9.34294342	0.12166521	1.15991559	0	100	0	0	3
236	591	0	1.38880617	-10.3426471	-10.2045345	-10.8452541	-9.34294342	0.129013259	1.15991559	0	100	0	0	3
237	593	0	1.39469094	-10.9263549	-10.2193361	-10.9263549	-9.34294342	0.141638887	1.15991559	0	100	0	0	3
238	595	0	1.40057572	-10.6688163	-10.2288242	-10.9263549	-9.34294342	0.151126969	1.15991559	0	100	0	0	3
239	598	0	1.40646049	-10.146731	-10.2329874	-10.9263549	-9.34294342	0.155290242	1.15991559	0	100	0	0	3
240	600	0	1.41234526	-10.1613033	-10.2384198	-10.9263549	-9.34294342	0.160722642	1.15991559	0	100	0	0	3
241	602	0	1.41823003	-10.5154735	-10.2522143	-10.9263549	-9.68811586	0.174517113	1.15991559	0	100	0	0	3
242	604	0	1.4241148	-10.6255368	-10.2632428	-10.9263549	-9.71460758	0.185545595	1.15991559	0	100	0	0	3
243	607	0	1.42999957	-10.6702206	-10.2710945	-10.9263549	-9.71460758	0.193397302	1.15991559	0	100	0	0	3
244	609	0	1.43588435	-10.0079585	-10.2716328	-10.9263549	-9.71460758	0.193935568	1.15991559	0	100	0	0	3
245	611	0	1.44176912	-10.2091784	-10.2760098	-10.9263549	-9.71460758	0.198312607	1.15991559	0	100	0	0	3
246	614	0	1.44765389	-10.3396547	-10.2832454	-10.9263549	-9.71460758	0.205548188	1.15991559	0	100	0	0	3
247	616	0	1.45353866	-10.3350336	-10.2905445	-10.9263549	-9.84983028	0.212847318	1.15991559	0	100	0	0	3
248	619	0	1.45942343	-10.1437845	-10.2926423	-10.9263549	-9.84983028	0.208937693	1.15991559	0	100	0	0	3
249	621	0	1.46530821	-10.2666234	-10.291961	-10.9263549	-9.84983028	0.205139674	1.15991559	0	100	0	0	3
250	624	0	1.47119298	-10.0478788	-10.291945	-10.9263549	-9.84983028	0.20175898	1.15991559	0	100	0	0	3
251	626	0	1.47707775	-10.4669533	-10.2940726	-10.9263549	-9.84983028	0.203189332	1.15991559	0	100	0	0	3
252	629	0	1.48296252	-10.271177	-10.2929471	-10.9263549	-9.84983028	0.203189332	1.15991559	0	100	0	0	3
253	631	0	1.48884729	-10.1489006	-10.2944068	-10.9263549	-9.84983028	0.203523485	1.15991559	0	100	0	0	3
254	633	0	1.49473207	-10.0800916	-10.2917634	-10.9263549	-9.84983028	0.203160631	1.15991559	0	100	0	0	3
255	636	0	1.50061684	-10.1517804	-10.2899486	-10.9263549	-9.84983028	0.203160631	1.15991559	0	100	0	0	3
256	638	0	1.50650161	-10.1506923	-10.2902495	-10.9263549	-9.84983028	0.203160631	1.15991559	0	100	0	0	3
257	641	0	1.51238638	-10.2695033	-10.2909783	-10.9263549	-9.84983028	0.195219151	1.15991559	0	100	0	0	3
258	643	0	1.51827115	-10.2890091	-10.2868641	-10.9263549	-9.84983028	0.190687116	1.15991559	0	100	0	0	3
259	645	0	1.52415593	-10.4275786	-10.2855097	-10.9263549	-9.84983028	0.190687116	1.15991559	0	100	0	0	3
260	648	0	1.5300407	-9.98710318	-10.2871247	-10.9263549	-9.98710318	0.190518266	1.15991559	0	100	0	0	3
261	650	0	1.53592547	-10.1080486	-10.2847756	-10.9263549	-9.98710318	0.19003986	1.15991559	0	100	0	0	3
262	653	0	1.54181024	-10.0037388	-10.2821054	-10.9263549	-9.98710318	0.19003986	1.15991559	0	100	0	0	3
263	655	0	1.54769501	-10.2854042	-10.2813865	-10.9263549	-9.98710318	0.19003986	1.15991559	0	100	0	0	3
264	657	0	1.55357978	-10.2597657	-10.2801809	-10.9263549	-9.98710318	0.19003986	1.15991559	0	100	0	0	3
265	660	0	1.55946456	-9.82576212	-10.2765831	-10.9263549	-9.82576212	0.19003986	1.15991559	0	100	0	0	3
266	4264	0	1.56534933	-10.2005503	-10.2747624	-10.9263549	-9.82576212	0.187252339	1.15991559	0	100	0	0	3
267	4266	0	1.5712341	-10.3968449	-10.2750797	-10.9263549	-9.82576212	0.184740449	1.15991559	0	100	0	0	3
268	4268	0	1.57711887	-10.1677637	-10.2692088	-10.9263549	-9.82576212	0.179263734	1.15991559	0	100	0	0	3
269	4271	0	1.58300364	-10.4638545	-10.2715117	-10.9263549	-9.82576212	0.177716224	1.15991559	0	100	0	0	3
270	4274	0	1.58888842	-9.96369555	-10.2681879	-10.9263549	-9.82576212	0.175933665	1.15991559	0	100	0	0	3
271	4277	0	1.59477319	-9.95644327	-10.2641396	-10.9263549	-9.82576212	0.173758526	1.15991559	0	100	0	0	3
272	58057	0	1.60065796	-10.0817583	-10.2621644	-10.9263549	-9.82576212	0.173758526	1.15991559	0	100	0	0	3
273	58061	0	1.60654273	-10.2636847	-10.2622741	-10.9263549	-9.82576212	0.173758526	1.15991559	0	100	0	0	3
274	58065	0	1.6124275	-9.97894688	-10.2600414	-10.9263549	-9.82576212	0.173758526	1.15991559	0	100	0	0	3
275	58069	0	1.61831228	-10.1999284	-10.2596609	-10.9263549	-9.82576212	0.173758526	1.15991559	0	100	0	0	3
276	58072	0	1.62419705	-10.1138878	-10.2590008	-10.9263549	-9.82576212	0.173758526	1.15991559	0	100	0	0	3
277	58076	0	1.63008182	-10.2068464	-10.2581066	-10.9263549	-9.82576212	0.173701897	1.15991559	0	100	0	0	3
278	58080	0	1.63596659	-9.83442884	-10.2503123	-10.9263549	-9.82576212	0.173701897	1.15991559	0	100	0	0	3
279	58083	0	1.64185136	-9.99376285	-10.2484936	-10.9263549	-9.82576212	0.173701897	1.15991559	0	100	0	0	3
280	58086	0	1.64773614	-10.2218225	-10.2492432	-10.9263549	-9.82576212	0.173701897	1.15991559	0	100	0	0	3
281	58089	0	1.65362091	-10.2894204	-10.2520497	-10.9263549	-9.82576212	0.173701897	1.15991559	0	100	0	0	3
282	58092	0	1.65950568	-10.3054829	-10.2549519	-10.9263549	-9.82576212	0.173701897	1.15991559	0	100	0	0	3
283	58095	0	1.66539045	-10.349584	-10.2575331	-10.9263549	-9.82576212	0.173701897	1.15991559	0	100	0	0	3
284	58098	0	1.67127522	-10.1382701	-10.2575741	-10.9263549	-9.82576212	0.173701897	1.15991559	0	100	0	0	3
285	58101	0	1.67716	-10.2822161	-10.2609768	-10.9263549	-9.82576212	0.173701897	1.15991559	0	100	0	0	3
286	58104	0	1.68304477	-10.3469907	-10.26262	-10.9263549	-9.82576212	0.173701897	1.15991559	0	100	0	0	3
287	58107	0	1.68892954	-10.0873072	-10.2618051	-10.9263549	-9.82576212	0.173701897	1.15991559	0	100	0	0	3
288	58110	0	1.69481431	-10.2647583	-10.2628928	-10.9263549	-9.82576212	0.173701897	1.15991559	0	100	0	0	3
289	58113	0	1.70069908	-10.1844166	-10.2645426	-10.9263549	-9.82576212	0.173701897	1.15991559	0	100	0	0	3
290	58116	0	1.70658385	-10.3620561	-10.2684947	-10.9263549	-9.82576212	0.173701897	1.15991559	0	100	0	0	3
291	58118	0	1.71246863	-10.5535795	-10.2743758	-10.9263549	-9.82576212	0.173701897	1.15991559	0	100	0	0	3
292	58121	0	1.7183534	-10.3823242	-10.2778292	-10.9263549	-9.82576212	0.173701897	1.15991559	0	100	0	0	3
293	58123	0	1.72423817	-10.2327026	-10.2756362	-10.9263549	-9.82576212	0.173701897	1.15991559	0	100	0	0	3
294	58126	0	1.73012294	-10.3598454	-10.2749242	-10.9263549	-9.82576212	0.173701897	1.15991559	0	100	0	0	3
295	58129	0	1.73600771	-10.1944841	-10.2739479	-10.9263549	-9.82576212	0.173701897	1.15991559	0	100	0	0	3
296	58132	0	1.74189249	-10.4676748	-10.2756427	-10.9263549	-9.82576212	0.173701897	1.15991559	0	100	0	0	3
297	58134	0	1.74777726	-10.5024841	-10.279207	-10.9263549	-9.82576212	0.173701897	1.15991559	0	100	0	0	3
298	58137	0	1.75366203	-10.2757626	-10.2824676	-10.9263549	-9.82576212	0.173701897	1.15991559	0	100	0	0	3
299	58140	0	1.7595468	-10.037722	-10.2771795	-10.9263549	-9.82576212	0.173701897	1.15991559	0	100	0	0	3
300	58142	0	1.76543157	-10.3714866	-10.2791911	-10.9263549	-9.82576212	0.173701897	1.15991559	0	100	0	0	3
301	58149	0	1.77131635	-10.629087	-10.2814489	-10.9263549	-9.82576212	0.173701897	1.15991559	0	100	0	0	3
302	58151	0	1.77720112	-10.6783194	-10.2870715	-10.9263549	-9.82576212	0.172380618	1.15991559	0	100	0	0	3
303	58154	0	1.78308589	-10.1402139	-10.282172	-10.9263549	-9.82576212	0.169314462	1.15991559	0	100	0	0	3
304	58157	0	1.78897066	-10.3442834	-10.2785438	-10.9263549	-9.82576212	0.169314462	1.15991559	0	100	0	0	3
305	58159	0	1.79485543	-10.1062612	-10.2769953	-10.9263549	-9.82576212	0.167787858	1.15991559	0	100	0	0	3
306	58162	0	1.80074021	-10.2835397	-10.2797143	-10.9263549	-9.82576212	0.158888098	1.15991559	0	100	0	0	3
307	58164	0	1.80662498	-10.4050713	-10.2796036	-10.9263549	-9.82576212	0.157477719	1.15991559	0	100	0	0	3
308	58167	0	1.81250975	-10.4080499	-10.2793919	-10.9263549	-9.82576212	0.157412774	1.15991559	0	100	0	0	3
309	58169	0	1.81839452	-10.5316911	-10.2828876	-10.9263549	-9.82576212	0.151212508	1.15991559	0	100	0	0	3
310	58172	0	1.82427929	-10.6057358	-10.2839534	-10.9263549	-9.82576212	0.147774672	1.15991559	0	100	0	0	3
311	58174	0	1.83016406	-10.4066803	-10.2836184	-10.9263549	-9.82576212	0.144062338	1.15991559	0	100	0	0	3
312	58177	0	1.83604884	-10.6040798	-10.2871752	-10.9263549	-9.82576212	0.144062338	1.15991559	0	100	0	0	3
313	58179	0	1.84193361	-9.94257251	-10.2862462	-10.9263549	-9.82576212	0.136060108	1.15991559	0	100	0	0	3
314	58182	0	1.84781838	-10.0591296	-10.2769977	-10.9263549	-9.82576212	0.136060108	1.15991559	0	100	0	0	3
315	58184	0	1.85370315	-10.081962	-10.2744662	-10.9263549	-9.82576212	0.130317923	1.15991559	0	100	0	0	3
316	58187	0	1.85958792	-10.2080453	-10.2712166	-10.9263549	-9.82576212	0.1230471	1.15991559	0	100	0	0	3
317	58189	0	1.8654727	-10.3852058	-10.2689354	-10.9263549	-9.82576212	0.115702381	1.15991559	0	100	0	0	3
318	58192	0	1.87135747	-10.4429229	-10.2702735	-10.9263549	-9.82576212	0.107672754	1.15991559	0	100	0	0	3
319	58195	0	1.87724224	-10.1257811	-10.2695817	-10.9263549	-9.82576212	0.099863352	1.15991559	0	100	0	0	3
320	58198	0	1.88312701	-10.027654	-10.265668	-10.9263549	-9.82576212	0.0898722505	1.15991559	0	100	0	0	3
321	58200	0	1.88901178	-10.2434432	-10.2645009	-10.9263549	-9.82576212	0.0750706849	1.15991559	0	100	0	0	3
322	58203	0	1.89489656	-10.3569615	-10.2578021	-10.6783194	-9.82576212	0.0655826022	1.15991559	0	100	0	0	3
323	58206	0	1.90078133	-10.2827639	-10.2532603	-10.6783194	-9.82576212	0.06141933	1.15991559	0	100	0	0	3
324	58208	0	1.9066661	-10.2050232	-10.2539461	-10.6783194	-9.82576212	0.0559869299	1.15991559	0	100	0	0	3
325	58211	0	1.91255087	-10.1070673	-10.253308	-10.6783194	-9.82576212	0.0459131483	1.15991559	0	100	0	0	3
326	58214	0	1.91843564	-10.4608075	-10.2526649	-10.6783194	-9.82576212	0.0459131483	1.15991559	0	100	0	0	3
327	58216	0	1.92432042	-10.0516059	-10.2459128	-10.6783194	-9.82576212	0.048493971	1.15991559	0	100	0	0	3
328	58219	0	1.93020519	-10.2310027	-10.2407455	-10.6783194	-9.82576212	0.0536612404	1.15991559	0	100	0	0	3
329	58221	0	1.93608996	-10.397763	-10.2453315	-10.6783194	-9.82576212	0.0536612404	1.15991559	0	100	0	0	3
330	58224	0	1.94197473	-10.3761305	-10.2472956	-10.6783194	-9.82576212	0.0536612404	1.15991559	0	100	0	0	3
331	58226	0	1.9478595	-10.5229212	-10.2494517	-10.6783194	-9.82576212	0.0536612404	1.15991559	0	100	0	0	3
332	58229	0	1.95374427	-10.2021958	-10.2478889	-10.6783194	-9.82576212	0.0536612404	1.15991559	0	100	0	0	3
333	58231	0	1.95962905	-10.131338	-10.2477424	-10.6783194	-9.82576212	0.0536612404	1.15991559	0	100	0	0	3
334	58233	0	1.96551382	-10.1899301	-10.2468402	-10.6783194	-9.82576212	0.0536612404	1.15991559	0	100	0	0	3
335	58236	0	1.97139859	-10.3694528	-10.2506234	-10.6783194	-9.82576212	0.0536612404	1.15991559	0	100	0	0	3
336	58238	0	1.97728336	-10.3443858	-10.2491814	-10.6783194	-9.82576212	0.0536612404	1.15991559	0	100	0	0	3
337	58241	0	1.98316813	-9.78691167	-10.2434842	-10.6783194	-9.78691167	0.0536612404	1.15991559	0	100	0	0	3
338	58243	0	1.98905291	-10.2821212	-10.2450515	-10.6783194	-9.78691167	0.0510178617	1.15991559	0	100	0	0	3
339	58246	0	1.99493768	-10.4028696	-10.2488489	-10.6783194	-9.78691167	0.0502328306	1.15991559	0	100	0	0	3
340	58248	0	2.00082245	-10.4928786	-10.2528618	-10.6783194	-9.78691167	0.0502328306	1.15991559	0	100	0	0	3
341	58251	0	2.00670722	-10.5781094	-10.2578902	-10.6783194	-9.78691167	0.0502328306	1.15991559	0	100	0	0	3
342	58253	0	2.01259199	-10.2715273	-10.257914	-10.6783194	-9.78691167	0.0464296728	1.15991559	0	100	0	0	3
343	58256	0	2.01847677	-10.1082464	-10.2557874	-10.6783194	-9.78691167	0.0464296728	1.15991559	0	100	0	0	3
344	58259	0	2.02436154	-9.91631947	-10.2497726	-10.6783194	-9.78691167	0.0464296728	1.15991559	0	100	0	0	3
345	58262	0	2.03024631	-9.96802886	-10.2495482	-10.6783194	-9.78691167	0.0464296728	1.15991559	0	100	0	0	3
346	58264	0	2.03613108	-9.99139895	-10.2481759	-10.6783194	-9.78691167	0.0464296728	1.15991559	0	100	0	0	3
347	58267	0	2.04201585	-10.3167519	-10.2518584	-10.6783194	-9.78691167	0.0464296728	1.15991559	0	100	0	0	3
348	58270	0	2.04790063	-10.0892206	-10.2495503	-10.6783194	-9.78691167	0.0464296728	1.15991559	0	100	0	0	3
349	58273	0	2.0537854	-10.1037177	-10.2477145	-10.6783194	-9.78691167	0.0464296728	1.15991559	0	100	0	0	3
350	58275	0	2.05967017	-10.3690685	-10.2541063	-10.6783194	-9.78691167	0.0464296728	1.15991559	0	100	0	0	3
351	58278	0	2.06555494	-10.5284195	-10.2579636	-10.6783194	-9.78691167	0.0464296728	1.15991559	0	100	0	0	3
352	58280	0	2.07143971	-10.3368676	-10.257258	-10.6783194	-9.78691167	0.0464296728	1.15991559	0	100	0	0	3
353	58283	0	2.07732449	-10.4027408	-10.2600224	-10.6783194	-9.78691167	0.0464296728	1.15991559	0	100	0	0	3
354	58285	0	2.08320926	-10.2079731	-10.257012	-10.6783194	-9.78691167	0.0464296728	1.15991559	0	100	0	0	3
355	58288	0	2.08909403	-9.95660815	-10.2569287	-10.6783194	-9.78691167	0.0464296728	1.15991559	0	100	0	0	3
356	58290	0	2.0949788	-9.82388083	-10.2553691	-10.6783194	-9.78691167	0.0464296728	1.15991559	0	100	0	0	3
357	58293	0	2.10086357	-10.17044	-10.2564124	-10.6783194	-9.78691167	0.0464296728	1.15991559	0	100	0	0	3
358	58295	0	2.10674834	-10.3125501	-10.2569873	-10.6783194	-9.78691167	0.0464296728	1.15991559	0	100	0	0	3
359	58298	0	2.11263312	-10.58637	-10.2641335	-10.6783194	-9.78691167	0.0464296728	1.15991559	0	100	0	0	3
360	58300	0	2.11851789	-10.2892457	-10.2651842	-10.6783194	-9.78691167	0.0464296728	1.15991559	0	100	0	0	3
361	58303	0	2.12440266	-10.3864543	-10.2683909	-10.6783194	-9.78691167	0.0464296728	1.15991559	0	100	0	0	3
362	58306	0	2.13028743	-10.4593638	-10.2713617	-10.6783194	-9.78691167	0.0464296728	1.15991559	0	100	0	0	3
363	58308	0	2.1361722	-10.6526645	-10.280988	-10.6783194	-9.78691167	0.0464296728	1.15991559	0	100	0	0	3
364	58311	0	2.14205698	-10.5037009	-10.2869873	-10.6783194	-9.78691167	0.0464296728	1.15991559	0	100	0	0	3
365	58314	0	2.14794175	-10.2697845	-10.2875515	-10.6783194	-9.78691167	0.0468060191	1.15991559	0	100	0	0	3
366	58316	0	2.15382652	-10.3540202	-10.2883115	-10.6783194	-9.78691167	0.0475660173	1.15991559	0	100	0	0	3
367	58319	0	2.15971129	-10.6085474	-10.291877	-10.6783194	-9.78691167	0.0511314824	1.15991559	0	100	0	0	3
368	58321	0	2.16559606	-10.5632384	-10.2943906	-10.6783194	-9.78691167	0.0536450631	1.15991559	0	100	0	0	3
369	58324	0	2.17148084	-10.6754248	-10.30071	-10.6783194	-9.78691167	0.0599645308	1.15991559	0	100	0	0	3
370	58327	0	2.17736561	-10.1788066	-10.2994935	-10.6783194	-9.78691167	0.0599645308	1.15991559	0	100	0	0	3
371	58329	0	2.18325038	-10.269425	-10.2985809	-10.6783194	-9.78691167	0.0599645308	1.15991559	0	100	0	0	3
372	58332	0	2.18913515	-10.302272	-10.3011099	-10.6783194	-9.78691167	0.0603644089	1.15991559	0	100	0	0	3
373	58335	0	2.19501992	-10.1302719	-10.2995277	-10.6783194	-9.78691167	0.0603644089	1.15991559	0	100	0	0	3
374	58337	0	2.2009047	-10.4143401	-10.3022327	-10.6783194	-9.78691167	0.0614871975	1.15991559	0	100	0	0	3
375	58340	0	2.20678947	-10.5248967	-10.3041485	-10.6783194	-9.78691167	0.0634029698	1.15991559	0	100	0	0	3
376	58342	0	2.21267424	-10.2299141	-10.3003407	-10.6783194	-9.78691167	0.0634029698	1.15991559	0	100	0	0	3
377	58344	0	2.21855901	-10.6042561	-10.3029516	-10.6783194	-9.78691167	0.0634029698	1.15991559	0	100	0	0	3
378	58347	0	2.22444378	-10.5254419	-10.3063956	-10.6783194	-9.78691167	0.0656500957	1.15991559	0	100	0	0	3
379	58349	0	2.23032855	-10.4638948	-10.3076197	-10.6783194	-9.78691167	0.0668742056	1.15991559	0	100	0	0	3
380	58352	0	2.23621333	-10.2730981	-10.3085446	-10.6783194	-9.78691167	0.0677990754	1.15991559	0	100	0	0	3
381	58354	0	2.2420981	-9.91305926	-10.3020197	-10.6783194	-9.78691167	0.0677990754	1.15991559	0	100	0	0	3
382	58357	0	2.24798287	-9.90410985	-10.29498	-10.6783194	-9.78691167	0.0677990754	1.15991559	0	100	0	0	3
383	58359	0	2.25386764	-10.0488447	-10.2923104	-10.6783194	-9.78691167	0.0677990754	1.15991559	0	100	0	0	3
384	58362	0	2.25975241	-10.0269329	-10.2921835	-10.6783194	-9.78691167	0.0677990754	1.15991559	0	100	0	0	3
385	58365	0	2.26563719	-10.2422067	-10.2906625	-10.6783194	-9.78691167	0.0677990754	1.15991559	0	100	0	0	3
386	58368	0	2.27152196	-10.3163014	-10.2869827	-10.6783194	-9.78691167	0.0677990754	1.15991559	0	100	0	0	3
387	58371	0	2.27740673	-10.2995371	-10.2825264	-10.6754248	-9.78691167	0.0677990754	1.15991559	0	100	0	0	3
388	58373	0	2.2832915	-10.1148622	-10.2822282	-10.6754248	-9.78691167	0.0677990754	1.15991559	0	100	0	0	3
389	58376	0	2.28917627	-10.1129713	-10.2795068	-10.6754248	-9.78691167	0.0677990754	1.15991559	0	100	0	0	3
390	58379	0	2.29506105	-10.2314735	-10.2809799	-10.6754248	-9.78691167	0.0677990754	1.15991559	0	100	0	0	3
391	58381	0	2.30094582	-10.1796033	-10.2797572	-10.6754248	-9.78691167	0.0677990754	1.15991559	0	100	0	0	3
392	58384	0	2.30683059	-10.0114226	-10.275126	-10.6754248	-9.78691167	0.0677990754	1.15991559	0	100	0	0	3
393	58387	0	2.31271536	-10.3313789	-10.274224	-10.6754248	-9.78691167	0.0677990754	1.15991559	0	100	0	0	3
394	58390	0	2.31860013	-10.0816397	-10.2689293	-10.6754248	-9.78691167	0.0677990754	1.15991559	0	100	0	0	3
395	58392	0	2.32448491	-10.1765035	-10.2638795	-10.6754248	-9.78691167	0.0677990754	1.15991559	0	100	0	0	3
396	58395	0	2.33036968	-10.1079521	-10.260365	-10.6754248	-9.78691167	0.0677990754	1.15991559	0	100	0	0	3
397	58397	0	2.33625445	-10.3446916	-10.2573134	-10.6754248	-9.78691167	0.0677990754	1.15991559	0	100	0	0	3
398	58400	0	2.34213922	-10.3467994	-10.262069	-10.6754248	-9.78691167	0.0677990754	1.15991559	0	100	0	0	3
399	58402	0	2.34802399	-10.4077928	-10.2661709	-10.6754248	-9.78691167	0.0677990754	1.15991559	0	100	0	0	3
400	58405	0	2.35390876	-10.3696256	-10.2695552	-10.6754248	-9.78691167	0.0677990754	1.15991559	0	100	0	0	3
401	58412	0	2.35979354	-10.2453024	-10.2699935	-10.6754248	-9.78691167	0.0677990754	1.15991559	0	100	0	0	3
402	58415	0	2.36567831	-10.1637881	-10.2673886	-10.6754248	-9.78691167	0.0677990754	1.15991559	0	100	0	0	3
403	58418	0	2.37156308	-10.4236462	-10.2671618	-10.6754248	-9.78691167	0.0677990754	1.15991559	0	100	0	0	3
404	58420	0	2.37744785	-10.2813306	-10.2689918	-10.6754248	-9.78691167	0.0677990754	1.15991559	0	100	0	0	3
405	58423	0	2.38333262	-10.4602958	-10.2740817	-10.6754248	-9.78691167	0.0677990754	1.15991559	0	100	0	0	3
406	58426	0	2.3892174	-10.4117085	-10.2760613	-10.6754248	-9.78691167	0.0677990754	1.15991559	0	100	0	0	3
407	58428	0	2.39510217	-10.6799372	-10.279861	-10.6799372	-9.78691167	0.0677990754	1.15991559	0	100	0	0	3
408	58431	0	2.40098694	-10.2604436	-10.2795984	-10.6799372	-9.78691167	0.0677990754	1.15991559	0	100	0	0	3
409	58433	0	2.40687171	-10.3349406	-10.2811269	-10.6799372	-9.78691167	0.0677990754	1.15991559	0	100	0	0	3
410	58436	0	2.41275648	-10.4126848	-10.2847224	-10.6799372	-9.78691167	0.0677990754	1.15991559	0	100	0	0	3
411	58438	0	2.41864126	-10.3603389	-10.2835404	-10.6799372	-9.78691167	0.0677990754	1.15991559	0	100	0	0	3
412	58441	0	2.42452603	-10.1937258	-10.2852124	-10.6799372	-9.78691167	0.0677990754	1.15991559	0	100	0	0	3
413	58443	0	2.4304108	-10.4511941	-10.2878029	-10.6799372	-9.78691167	0.0650604089	1.15991559	0	100	0	0	3
414	58446	0	2.43629557	-10.5241887	-10.2892902	-10.6799372	-9.78691167	0.0650604089	1.15991559	0	100	0	0	3
415	58448	0	2.44218034	-10.7499404	-10.293688	-10.7499404	-9.78691167	0.0650604089	1.15991559	0	100	0	0	3
416	58450	0	2.44806512	-10.1357348	-10.2891329	-10.7499404	-9.78691167	0.0650604089	1.15991559	0	100	0	0	3
417	58453	0	2.45394989	-10.4083437	-10.2915581	-10.7499404	-9.78691167	0.0650604089	1.15991559	0	100	0	0	3
418	58455	0	2.45983466	-10.3863152	-10.2945579	-10.7499404	-9.78691167	0.0650604089	1.15991559	0	100	0	0	3
419	58457	0	2.46571943	-10.7450315	-10.3010885	-10.7499404	-9.78691167	0.0650604089	1.15991559	0	100	0	0	3
420	58460	0	2.4716042	-10.637091	-10.3042371	-10.7499404	-9.78691167	0.0650604089	1.15991559	0	100	0	0	3
421	58463	0	2.47748898	-10.3170377	-10.3039154	-10.7499404	-9.78691167	0.0650604089	1.15991559	0	100	0	0	3
422	58465	0	2.48337375	-10.1557782	-10.308255	-10.7499404	-9.82388083	0.0634931072	1.15991559	0	100	0	0	3
423	58467	0	2.48925852	-10.406611	-10.3097196	-10.7499404	-9.82388083	0.062005138	1.15991559	0	100	0	0	3
424	58470	0	2.49514329	-10.3535186	-10.309139	-10.7499404	-9.82388083	0.062005138	1.15991559	0	100	0	0	3
425	58473	0	2.50102806	-10.4111297	-10.3081772	-10.7499404	-9.82388083	0.062005138	1.15991559	0	100	0	0	3
426	58475	0	2.50691283	-10.343597	-10.3054183	-10.7499404	-9.82388083	0.062005138	1.15991559	0	100	0	0	3
427	58478	0	2.51279761	-10.1580281	-10.304083	-10.7499404	-9.82388083	0.062005138	1.15991559	0	100	0	0	3
428	58480	0	2.51868238	-10.1490712	-10.3045633	-10.7499404	-9.82388083	0.062005138	1.15991559	0	100	0	0	3
429	58483	0	2.52456715	-10.4604129	-10.3109644	-10.7499404	-9.82388083	0.063249925	1.15991559	0	100	0	0	3
430	58485	0	2.53045192	-10.2672174	-10.3144843	-10.7499404	-9.82388083	0.0667697899	1.15991559	0	100	0	0	3
431	58488	0	2.53633669	-10.4558648	-10.3199486	-10.7499404	-9.82388083	0.0722340936	1.15991559	0	100	0	0	3
432	58490	0	2.54222147	-10.273276	-10.3194371	-10.7499404	-9.82388083	0.0722340936	1.15991559	0	100	0	0	3
433	58493	0	2.54810624	-10.0133584	-10.3185446	-10.7499404	-9.82388083	0.0722340936	1.15991559	0	100	0	0	3
434	58495	0	2.55399101	-10.057666	-10.3180028	-10.7499404	-9.82388083	0.0658422534	1.15991559	0	100	0	0	3
435	58498	0	2.55987578	-10.1389347	-10.3152953	-10.7499404	-9.82388083	0.0645794566	1.15991559	0	100	0	0	3
436	58500	0	2.56576055	-10.3799509	-10.3135486	-10.7499404	-9.82388083	0.0645794566	1.15991559	0	100	0	0	3
437	58503	0	2.57164533	-10.3318372	-10.3134895	-10.7499404	-9.82388083	0.0645794566	1.15991559	0	100	0	0	3
438	58505	0	2.5775301	-9.9946068	-10.3086879	-10.7499404	-9.82388083	0.0645794566	1.15991559	0	100	0	0	3
439	58508	0	2.58341487	-10.1526986	-10.3080376	-10.7499404	-9.82388083	0.0645794566	1.15991559	0	100	0	0	3
440	58510	0	2.58929964	-10.3694111	-10.3128941	-10.7499404	-9.82388083	0.0645794566	1.15991559	0	100	0	0	3
441	58513	0	2.59518441	-10.4711059	-10.3205085	-10.7499404	-9.90410985	0.064096105	1.15991559	0	100	0	0	3
442	58516	0	2.60106919	-10.1335457	-10.3200745	-10.7499404	-9.90410985	0.0635212172	1.15991559	0	100	0	0	3
443	58518	0	2.60695396	-10.0932581	-10.3174946	-10.7499404	-9.90410985	0.0631951293	1.15991559	0	100	0	0	3
444	58521	0	2.61283873	-10.5953085	-10.3175997	-10.7499404	-9.90410985	0.0631951293	1.15991559	0	100	0	0	3
445	58523	0	2.6187235	-10.5982027	-10.3212345	-10.7499404	-9.90410985	0.0639211201	1.15991559	0	100	0	0	3
446	58526	0	2.62460827	-10.0837445	-10.3176732	-10.7499404	-9.90410985	0.0639211201	1.15991559	0	100	0	0	3
447	58529	0	2.63049304	-10.2167935	-10.3148194	-10.7499404	-9.90410985	0.0639211201	1.15991559	0	100	0	0	3
448	58531	0	2.63637782	-10.4985139	-10.3130059	-10.7499404	-9.90410985	0.0639211201	1.15991559	0	100	0	0	3
449	58534	0	2.64226259	-10.2280171	-10.3097626	-10.7499404	-9.90410985	0.0639211201	1.15991559	0	100	0	0	3
450	58536	0	2.64814736	-10.3984163	-10.3112759	-10.7499404	-9.90410985	0.0639211201	1.15991559	0	100	0	0	3
451	58539	0	2.65403213	-10.7708109	-10.3161793	-10.7708109	-9.90410985	0.0639211201	1.15991559	0	100	0	0	3
452	58542	0	2.6599169	-10.5511067	-10.3155035	-10.7708109	-9.90410985	0.0639211201	1.15991559	0	100	0	0	3
453	58544	0	2.66580168	-10.4572405	-10.3142565	-10.7708109	-9.90410985	0.0639211201	1.15991559	0	100	0	0	3
454	58547	0	2.67168645	-9.93468265	-10.3055419	-10.7708109	-9.90410985	0.0639211201	1.15991559	0	100	0	0	3
455	58549	0	2.67757122	-10.3142625	-10.3071355	-10.7708109	-9.90410985	0.0639211201	1.15991559	0	100	0	0	3
456	58552	0	2.68345599	-10.7287321	-10.3125391	-10.7708109	-9.90410985	0.0639211201	1.15991559	0	100	0	0	3
457	58554	0	2.68934076	-10.5430899	-10.3153722	-10.7708109	-9.90410985	0.0639211201	1.15991559	0	100	0	0	3
458	58557	0	2.69522554	-10.3000889	-10.3173701	-10.7708109	-9.90410985	0.0639211201	1.15991559	0	100	0	0	3
459	58559	0	2.70111031	-10.1308901	-10.3140354	-10.7708109	-9.90410985	0.0639211201	1.15991559	0	100	0	0	3
460	58562	0	2.70699508	-10.2639749	-10.3109657	-10.7708109	-9.90410985	0.0639211201	1.15991559	0	100	0	0	3
461	58564	0	2.71287985	-10.6667456	-10.3161049	-10.7708109	-9.90410985	0.0639211201	1.15991559	0	100	0	0	3
462	58566	0	2.71876462	-10.5679402	-10.3156777	-10.7708109	-9.90410985	0.0639211201	1.15991559	0	100	0	0	3
463	58569	0	2.7246494	-10.4565317	-10.314867	-10.7708109	-9.90410985	0.0639211201	1.15991559	0	100	0	0	3
464	58571	0	2.73053417	-10.1648723	-10.3113491	-10.7708109	-9.90410985	0.0639211201	1.15991559	0	100	0	0	3
465	58574	0	2.73641894	-10.1702049	-10.3101385	-10.7708109	-9.90410985	0.0639211201	1.15991559	0	100	0	0	3
466	58576	0	2.74230371	-10.4144265	-10.316037	-10.7708109	-9.90410985	0.0639211201	1.15991559	0	100	0	0	3
467	58579	0	2.74818848	-10.6043941	-10.3242756	-10.7708109	-9.93468265	0.0669622323	1.15991559	0	100	0	0	3
468	58581	0	2.75407326	-10.2790279	-10.3269837	-10.7708109	-9.93468265	0.06967027	1.15991559	0	100	0	0	3
469	58584	0	2.75995803	-10.4122004	-10.3315162	-10.7708109	-9.93468265	0.0742028292	1.15991559	0	100	0	0	3
470	58587	0	2.7658428	-10.1675307	-10.3306377	-10.7708109	-9.93468265	0.0742028292	1.15991559	0	100	0	0	3
471	58589	0	2.77172757	-10.4433561	-10.3321324	-10.7708109	-9.93468265	0.0748190485	1.15991559	0	100	0	0	3
472	58592	0	2.77761234	-10.5314418	-10.3348607	-10.7708109	-9.93468265	0.0775473384	1.15991559	0	100	0	0	3
473	58594	0	2.78349711	-10.4598012	-10.3389188	-10.7708109	-9.93468265	0.0816054444	1.15991559	0	100	0	0	3
474	58596	0	2.78938189	-10.504525	-10.3435253	-10.7708109	-9.93468265	0.0862119592	1.15991559	0	100	0	0	3
475	58599	0	2.79526666	-10.5887509	-10.3477286	-10.7708109	-9.93468265	0.0904152236	1.15991559	0	100	0	0	3
476	58601	0	2.80115143	-10.5708141	-10.3523311	-10.7708109	-9.93468265	0.0950177032	1.15991559	0	100	0	0	3
477	58603	0	2.8070362	-10.5625024	-10.3588144	-10.7708109	-9.93468265	0.101500995	1.15991559	0	100	0	0	3
478	58606	0	2.81292097	-10.4564914	-10.3602863	-10.7708109	-9.93468265	0.102972907	1.15991559	0	100	0	0	3
479	58608	0	2.81880575	-10.2791675	-10.3626102	-10.7708109	-9.93468265	0.105296764	1.15991559	0	100	0	0	3
480	58611	0	2.82469052	-10.5984611	-10.3675744	-10.7708109	-9.93468265	0.11026097	1.15991559	0	100	0	0	3
481	58613	0	2.83057529	-10.3940727	-10.3709405	-10.7708109	-9.93468265	0.113627095	1.15991559	0	100	0	0	3
482	58616	0	2.83646006	-10.2554958	-10.3698911	-10.7708109	-9.93468265	0.108871485	1.15991559	0	100	0	0	3
483	58618	0	2.84234483	-9.95237502	-10.3652508	-10.7708109	-9.93468265	0.104769565	1.15991559	0	100	0	0	3
484	58620	0	2.84822961	-10.4337239	-10.3655559	-10.7708109	-9.93468265	0.103778668	1.15991559	0	100	0	0	3
485	58623	0	2.85411438	-10.5453024	-10.3676227	-10.7708109	-9.93468265	0.103778668	1.15991559	0	100	0	0	3
486	58625	0	2.85999915	-10.356932	-10.368936	-10.7708109	-9.93468265	0.103778668	1.15991559	0	100	0	0	3
487	58628	0	2.86588392	-10.196352	-10.3693191	-10.7708109	-9.93468265	0.103778668	1.15991559	0	100	0	0	3
488	58631	0	2.87176869	-9.98821376	-10.3641964	-10.7708109	-9.93468265	0.101948674	1.15991559	0	100	0	0	3
489	58633	0	2.87765347	-9.95381097	-10.3603432	-10.7708109	-9.93468265	0.0968587702	1.15991559	0	100	0	0	3
490	58636	0	2.88353824	-9.82491257	-10.3528681	-10.7708109	-9.82491257	0.0948791784	1.15991559	0	100	0	0	3
491	58638	0	2.88942301	-10.1452915	-10.3497338	-10.7708109	-9.82491257	0.0913420565	1.15991559	0	100	0	0	3
492	58641	0	2.89530778	-10.2962421	-10.3452197	-10.7708109	-9.82491257	0.0913420565	1.15991559	0	100	0	0	3
493	58643	0	2.90119255	-10.1127199	-10.3434818	-10.7708109	-9.82491257	0.0898136166	1.15991559	0	100	0	0	3
494	58646	0	2.90707732	-10.2050643	-10.3419538	-10.7708109	-9.82491257	0.0874001004	1.15991559	0	100	0	0	3
495	58649	0	2.9129621	-10.0284198	-10.3374331	-10.7708109	-9.82491257	0.0874001004	1.15991559	0	100	0	0	3
496	58651	0	2.91884687	-9.92527827	-10.3323147	-10.7708109	-9.82491257	0.0857281017	1.15991559	0	100	0	0	3
497	58654	0	2.92473164	-9.6472001	-10.325885	-10.7708109	-9.6472001	0.0831376148	1.15991559	0	100	0	0	3
498	58656	0	2.93061641	-10.1650285	-10.3225183	-10.7708109	-9.6472001	0.0818076232	1.15991559	0	100	0	0	3
499	58659	0	2.93650118	-10.3154313	-10.3200624	-10.7708109	-9.6472001	0.0818076232	1.15991559	0	100	0	0	3
500	58661	0	2.94238596	-10.1696572	-10.3132355	-10.7708109	-9.6472001	0.0818076232	1.15991559	0	100	0	0	3
501	58668	0	2.94827073	-10.6610915	-10.3194162	-10.7708109	-9.6472001	0.0793823532	1.15991559	0	100	0	0	3
502	58671	0	2.9541555	-10.652044	-10.3222832	-10.7708109	-9.6472001	0.0763826222	1.15991559	0	100	0	0	3
503	58673	0	2.96004027	-10.3702368	-10.3220941	-10.7708109	-9.6472001	0.0698520182	1.15991559	0	100	0	0	3
504	58676	0	2.96592504	-10.3111912	-10.3169901	-10.7708109	-9.6472001	0.0670250757	1.15991559	0	100	0	0	3
505	58678	0	2.97180982	-10.3313994	-10.3133937	-10.7708109	-9.6472001	0.0670250757	1.15991559	0	100	0	0	3
506	58680	0	2.97769459	-10.4391967	-10.3148309	-10.7708109	-9.6472001	0.0668574882	1.15991559	0	100	0	0	3
507	58683	0	2.98357936	-10.5046737	-10.3189355	-10.7708109	-9.6472001	0.0668574882	1.15991559	0	100	0	0	3
508	58685	0	2.98946413	-10.4865991	-10.3198765	-10.7708109	-9.6472001	0.0668574882	1.15991559	0	100	0	0	3
509	58688	0	2.9953489	-10.7617846	-10.3246797	-10.7708109	-9.6472001	0.0668574882	1.15991559	0	100	0	0	3
510	58690	0	3.00123368	-10.4747421	-10.3254281	-10.7708109	-9.6472001	0.0668574882	1.15991559	0	100	0	0	3
511	58693	0	3.00711845	-10.4000541	-10.3260923	-10.7708109	-9.6472001	0.0668574882	1.15991559	0	100	0	0	3
512	58695	0	3.01300322	-10.4433722	-10.3294493	-10.7708109	-9.6472001	0.0663771956	1.15991559	0	100	0	0	3
513	58698	0	3.01888799	-10.4881306	-10.3334382	-10.7708109	-9.6472001	0.0653985964	1.15991559	0	100	0	0	3
514	58700	0	3.02477276	-10.6543869	-10.3357202	-10.7708109	-9.6472001	0.0653985964	1.15991559	0	100	0	0	3
515	58703	0	3.03065753	-10.4107945	-10.3374094	-10.7708109	-9.6472001	0.0653985964	1.15991559	0	100	0	0	3
516	58705	0	3.03654231	-10.1856749	-10.3342307	-10.7708109	-9.6472001	0.0653985964	1.15991559	0	100	0	0	3
517	58708	0	3.04242708	-10.1853259	-10.333196	-10.7708109	-9.6472001	0.0653985964	1.15991559	0	100	0	0	3
518	58711	0	3.04831185	-9.88237187	-10.3316549	-10.7708109	-9.6472001	0.0653985964	1.15991559	0	100	0	0	3
519	58713	0	3.05419662	-10.1995185	-10.3333238	-10.7708109	-9.6472001	0.0653985964	1.15991559	0	100	0	0	3
520	58716	0	3.06008139	-10.1974282	-10.334012	-10.7708109	-9.6472001	0.0653985964	1.15991559	0	100	0	0	3
521	58718	0	3.06596617	-10.2113107	-10.332028	-10.7708109	-9.6472001	0.0653985964	1.15991559	0	100	0	0	3
522	58721	0	3.07185094	-9.80296089	-10.3258059	-10.7708109	-9.6472001	0.0653985964	1.15991559	0	100	0	0	3
523	58723	0	3.07773571	-10.2071104	-10.3283059	-10.7708109	-9.6472001	0.0653985964	1.15991559	0	100	0	0	3
524	58726	0	3.08362048	-10.2499785	-10.3294504	-10.7708109	-9.6472001	0.0653985964	1.15991559	0	100	0	0	3
525	58729	0	3.08950525	-10.1869495	-10.3273038	-10.7708109	-9.6472001	0.0653985964	1.15991559	0	100	0	0	3
526	58731	0	3.09539003	-10.0320038	-10.3221379	-10.7708109	-9.6472001	0.0653985964	1.15991559	0	100	0	0	3
527	58734	0	3.1012748	-10.3975811	-10.3252442	-10.7708109	-9.6472001	0.0653985964	1.15991559	0	100	0	0	3
528	58736	0	3.10715957	-10.6188638	-10.3314278	-10.7708109	-9.6472001	0.0653985964	1.15991559	0	100	0	0	3
529	58739	0	3.11304434	-10.6794357	-10.3324175	-10.7708109	-9.6472001	0.0653985964	1.15991559	0	100	0	0	3
530	58742	0	3.11892911	-10.29574	-10.3288591	-10.7708109	-9.6472001	0.0653985964	1.15991559	0	100	0	0	3
531	58744	0	3.12481389	-10.7793249	-10.3370424	-10.7793249	-9.6472001	0.0653985964	1.15991559	0	100	0	0	3
532	58747	0	3.13069866	-10.7332046	-10.3431178	-10.7793249	-9.6472001	0.0653985964	1.15991559	0	100	0	0	3
533	58750	0	3.13658343	-10.5209948	-10.3433823	-10.7793249	-9.6472001	0.0653985964	1.15991559	0	100	0	0	3
534	58752	0	3.1424682	-10.258748	-10.3437439	-10.7793249	-9.6472001	0.0653985964	1.15991559	0	100	0	0	3
535	58755	0	3.14835297	-10.4135932	-10.3439224	-10.7793249	-9.6472001	0.0653985964	1.15991559	0	100	0	0	3
536	58757	0	3.15423775	-10.5995132	-10.3419072	-10.7793249	-9.6472001	0.0653985964	1.15991559	0	100	0	0	3
537	58760	0	3.16012252	-10.894816	-10.3459508	-10.894816	-9.6472001	0.0653985964	1.15991559	0	100	0	0	3
538	58762	0	3.16600729	-10.6767321	-10.348533	-10.894816	-9.6472001	0.0653985964	1.15991559	0	100	0	0	3
539	58765	0	3.17189206	-10.6241784	-10.3566448	-10.894816	-9.6472001	0.0638049978	1.15991559	0	100	0	0	3
540	58768	0	3.17777683	-10.3239027	-10.3567582	-10.894816	-9.6472001	0.0608019386	1.15991559	0	100	0	0	3
541	58770	0	3.1836616	-10.3420514	-10.352209	-10.894816	-9.6472001	0.0608019386	1.15991559	0	100	0	0	3
542	58772	0	3.18954638	-10.6279754	-10.3532076	-10.894816	-9.6472001	0.0608019386	1.15991559	0	100	0	0	3
543	58775	0	3.19543115	-10.7580832	-10.3585958	-10.894816	-9.6472001	0.0608019386	1.15991559	0	100	0	0	3
544	58777	0	3.20131592	-10.7031526	-10.3653283	-10.894816	-9.6472001	0.0608019386	1.15991559	0	100	0	0	3
545	58780	0	3.20720069	-10.3107571	-10.3658787	-10.894816	-9.6472001	0.0608019386	1.15991559	0	100	0	0	3
546	58782	0	3.21308546	-10.1582955	-10.3598969	-10.894816	-9.6472001	0.0608019386	1.15991559	0	100	0	0	3
547	58785	0	3.21897024	-10.6811737	-10.3612291	-10.894816	-9.6472001	0.0608019386	1.15991559	0	100	0	0	3
548	58788	0	3.22485501	-10.3788811	-10.3603155	-10.894816	-9.6472001	0.0608019386	1.15991559	0	100	0	0	3
549	58790	0	3.23073978	-10.4272461	-10.3634023	-10.894816	-9.6472001	0.0608019386	1.15991559	0	100	0	0	3
550	58792	0	3.23662455	-10.378778	-10.3658561	-10.894816	-9.6472001	0.0577049845	1.15991559	0	100	0	0	3
551	58795	0	3.24250932	-10.4357309	-10.3661067	-10.894816	-9.6472001	0.0577049845	1.15991559	0	100	0	0	3
552	58797	0	3.2483941	-10.3724448	-10.3633779	-10.894816	-9.6472001	0.0577049845	1.15991559	0	100	0	0	3
553	58800	0	3.25427887	-10.3416729	-10.3641149	-10.894816	-9.6472001	0.0577049845	1.15991559	0	100	0	0	3
554	58802	0	3.26016364	-10.3175539	-10.3630014	-10.894816	-9.6472001	0.0577049845	1.15991559	0	100	0	0	3
555	58805	0	3.26604841	-10.3542623	-10.3651983	-10.894816	-9.6472001	0.0577049845	1.15991559	0	100	0	0	3
556	58807	0	3.27193318	-10.270211	-10.3631613	-10.894816	-9.6472001	0.0577049845	1.15991559	0	100	0	0	3
557	58810	0	3.27781796	-10.471568	-10.3624569	-10.894816	-9.6472001	0.0577049845	1.15991559	0	100	0	0	3
558	58812	0	3.28370273	-10.7077903	-10.3653744	-10.894816	-9.6472001	0.0577049845	1.15991559	0	100	0	0	3
559	58815	0	3.2895875	-10.2127051	-10.3619412	-10.894816	-9.6472001	0.0577049845	1.15991559	0	100	0	0	3
560	58817	0	3.29547227	-10.0189996	-10.3552383	-10.894816	-9.6472001	0.0577049845	1.15991559	0	100	0	0	3
561	58820	0	3.30135704	-10.2210444	-10.3511233	-10.894816	-9.6472001	0.0577049845	1.15991559	0	100	0	0	3
562	58822	0	3.30724181	-10.2776415	-10.347772	-10.894816	-9.6472001	0.0577049845	1.15991559	0	100	0	0	3
563	58825	0	3.31312659	-10.6268531	-10.3497763	-10.894816	-9.6472001	0.0577049845	1.15991559	0	100	0	0	3
564	58828	0	3.31901136	-10.2738459	-10.3497137	-10.894816	-9.6472001	0.0577049845	1.15991559	0	100	0	0	3
565	58830	0	3.32489613	-10.3341687	-10.3466044	-10.894816	-9.6472001	0.0577049845	1.15991559	0	100	0	0	3
566	58833	0	3.3307809	-10.290763	-10.3453889	-10.894816	-9.6472001	0.0566556225	1.15991559	0	100	0	0	3
567	58835	0	3.33666567	-10.3183392	-10.3461283	-10.894816	-9.6472001	0.0560835887	1.15991559	0	100	0	0	3
568	58838	0	3.34255045	-10.0435462	-10.3472009	-10.894816	-9.6472001	0.0560835887	1.15991559	0	100	0	0	3
569	58840	0	3.34843522	-10.6537032	-10.3497889	-10.894816	-9.6472001	0.0560835887	1.15991559	0	100	0	0	3
570	58843	0	3.35431999	-10.4167972	-10.348277	-10.894816	-9.6472001	0.0560835887	1.15991559	0	100	0	0	3
571	58846	0	3.36020476	-10.2609424	-10.3471478	-10.894816	-9.6472001	0.0560835887	1.15991559	0	100	0	0	3
572	58848	0	3.36608953	-10.1477254	-10.3465757	-10.894816	-9.6472001	0.0528712414	1.15991559	0	100	0	0	3
573	58851	0	3.37197431	-10.09857	-10.347874	-10.894816	-9.6472001	0.0528712414	1.15991559	0	100	0	0	3
574	58853	0	3.37785908	-10.2958159	-10.3518976	-10.894816	-9.6472001	0.0528712414	1.15991559	0	100	0	0	3
575	58856	0	3.38374385	-10.3193678	-10.3577147	-10.894816	-9.6472001	0.0528712414	1.15991559	0	100	0	0	3
576	58858	0	3.38962862	-10.009968	-10.3561227	-10.894816	-9.6472001	0.0528712414	1.15991559	0	100	0	0	3
577	58861	0	3.39551339	-10.3887116	-10.3572105	-10.894816	-9.6472001	0.0528712414	1.15991559	0	100	0	0	3
578	58864	0	3.40139817	-10.2261139	-10.3585446	-10.894816	-9.6472001	0.0528712414	1.15991559	0	100	0	0	3
579	58866	0	3.40728294	-10.1477713	-10.3578705	-10.894816	-9.6472001	0.0528712414	1.15991559	0	100	0	0	3
580	58869	0	3.41316771	-10.3021742	-10.3610912	-10.894816	-9.6472001	0.0528712414	1.15991559	0	100	0	0	3
581	58871	0	3.41905248	-10.3378695	-10.3659452	-10.894816	-9.6472001	0.0528712414	1.15991559	0	100	0	0	3
582	58874	0	3.42493725	-9.78808319	-10.3676026	-10.894816	-9.78808319	0.0543671469	1.15991559	0	100	0	0	3
583	58877	0	3.43082202	-10.0325724	-10.3660443	-10.894816	-9.78808319	0.0543671469	1.15991559	0	100	0	0	3
584	58879	0	3.4367068	-10.4507793	-10.3676367	-10.894816	-9.78808319	0.0544011703	1.15991559	0	100	0	0	3
585	58881	0	3.44259157	-10.5276025	-10.3718478	-10.894816	-9.78808319	0.0584540946	1.15991559	0	100	0	0	3
586	58884	0	3.44847634	-10.1934999	-10.3663467	-10.894816	-9.78808319	0.0584540946	1.15991559	0	100	0	0	3
587	58886	0	3.45436111	-10.0265016	-10.3589874	-10.894816	-9.78808319	0.0584540946	1.15991559	0	100	0	0	3
588	58889	0	3.46024588	-9.99728388	-10.3545997	-10.894816	-9.78808319	0.0584540946	1.15991559	0	100	0	0	3
589	58891	0	3.46613066	-10.4047715	-10.3557007	-10.894816	-9.78808319	0.0584540946	1.15991559	0	100	0	0	3
590	58893	0	3.47201543	-10.448799	-10.3570818	-10.894816	-9.78808319	0.05701693	1.15991559	0	100	0	0	3
591	58896	0	3.4779002	-10.0786863	-10.3528405	-10.894816	-9.78808319	0.0529122764	1.15991559	0	100	0	0	3
592	58898	0	3.48378497	-10.1922428	-10.3491649	-10.894816	-9.78808319	0.0519712402	1.15991559	0	100	0	0	3
593	58901	0	3.48966974	-10.6932824	-10.3515964	-10.894816	-9.78808319	0.0497099082	1.15991559	0	100	0	0	3
594	58904	0	3.49555452	-10.6080991	-10.3497884	-10.894816	-9.78808319	0.0497099082	1.15991559	0	100	0	0	3
595	58906	0	3.50143929	-10.3416554	-10.3482226	-10.894816	-9.78808319	0.0497099082	1.15991559	0	100	0	0	3
596	58909	0	3.50732406	-10.208778	-10.3459723	-10.894816	-9.78808319	0.0497099082	1.15991559	0	100	0	0	3
597	58911	0	3.51320883	-10.5096581	-10.3467522	-10.894816	-9.78808319	0.0497099082	1.15991559	0	100	0	0	3
598	58914	0	3.5190936	-10.6882988	-10.3491071	-10.894816	-9.78808319	0.0497099082	1.15991559	0	100	0	0	3
599	58916	0	3.52497838	-10.765211	-10.3504109	-10.894816	-9.78808319	0.0497099082	1.15991559	0	100	0	0	3
600	58919	0	3.53086315	-10.4352384	-10.3506985	-10.894816	-9.78808319	0.0497099082	1.15991559	0	100	0	0	3
601	58926	0	3.53674792	-10.1764735	-10.3505902	-10.894816	-9.78808319	0.0497099082	1.15991559	0	100	0	0	3
602	58928	0	3.54263269	-10.2837784	-10.3517485	-10.894816	-9.78808319	0.0497099082	1.15991559	0	100	0	0	3
603	58931	0	3.54851746	-10.5808199	-10.3599655	-10.894816	-9.78808319	0.0497099082	1.15991559	0	100	0	0	3
604	58933	0	3.55440224	-10.307455	-10.3612354	-10.894816	-9.78808319	0.0497099082	1.15991559	0	100	0	0	3
605	58936	0	3.56028701	-10.3028895	-10.3624761	-10.894816	-9.78808319	0.0497099082	1.15991559	0	100	0	0	3
606	58938	0	3.56617178	-10.2960138	-10.3634726	-10.894816	-9.78808319	0.0497099082	1.15991559	0	100	0	0	3
607	58941	0	3.57205655	-10.7307639	-10.3743879	-10.894816	-9.78808319	0.0522500456	1.15991559	0	100	0	0	3
608	58943	0	3.57794132	-10.4335511	-10.3770519	-10.894816	-9.78808319	0.0549140538	1.15991559	0	100	0	0	3
609	58946	0	3.58382609	-10.3132435	-10.3777962	-10.894816	-9.78808319	0.0556583482	1.15991559	0	100	0	0	3
610	58949	0	3.58971087	-10.2420233	-10.3784442	-10.894816	-9.78808319	0.0563062747	1.15991559	0	100	0	0	3
611	58951	0	3.59559564	-10.5306513	-10.3843106	-10.894816	-9.78808319	0.059066417	1.15991559	0	100	0	0	3
612	58954	0	3.60148041	-10.3279995	-10.383492	-10.894816	-9.78808319	0.0554514741	1.15991559	0	100	0	0	3
613	58956	0	3.60736518	-10.5150275	-10.3822704	-10.894816	-9.78808319	0.0554514741	1.15991559	0	100	0	0	3
614	58959	0	3.61324995	-10.3055618	-10.3778719	-10.894816	-9.78808319	0.0554514741	1.15991559	0	100	0	0	3
615	58961	0	3.61913473	-10.4445847	-10.379623	-10.894816	-9.78808319	0.0472681755	1.15991559	0	100	0	0	3
616	58964	0	3.6250195	-10.0323736	-10.3708353	-10.894816	-9.78808319	0.0424034451	1.15991559	0	100	0	0	3
617	58966	0	3.63090427	-10.2862492	-10.365577	-10.894816	-9.78808319	0.0424034451	1.15991559	0	100	0	0	3
618	58969	0	3.63678904	-10.2419531	-10.3622942	-10.894816	-9.78808319	0.0424034451	1.15991559	0	100	0	0	3
619	58971	0	3.64267381	-10.6515511	-10.3669154	-10.894816	-9.78808319	0.0424034451	1.15991559	0	100	0	0	3
620	58974	0	3.64855859	-10.3659377	-10.3663547	-10.894816	-9.78808319	0.0424034451	1.15991559	0	100	0	0	3
621	58976	0	3.65444336	-10.0824257	-10.3602714	-10.894816	-9.78808319	0.0389216525	1.15991559	0	100	0	0	3
622	58979	0	3.66032813	-10.2097682	-10.352212	-10.765211	-9.78808319	0.0389216525	1.15991559	0	100	0	0	3
623	58981	0	3.6662129	-10.1784263	-10.3463495	-10.765211	-9.78808319	0.0389216525	1.15991559	0	100	0	0	3
624	58984	0	3.67209767	-10.2882658	-10.3423976	-10.765211	-9.78808319	0.041912961	1.15991559	0	100	0	0	3
625	58986	0	3.67798245	-10.004713	-10.3386425	-10.765211	-9.78808319	0.0456681341	1.15991559	0	100	0	0	3
626	58988	0	3.68386722	-9.86072912	-10.3329798	-10.765211	-9.78808319	0.0513307495	1.15991559	0	100	0	0	3
627	58991	0	3.68975199	-9.99521551	-10.3255356	-10.765211	-9.78808319	0.0587749829	1.15991559	0	100	0	0	3
628	58993	0	3.69563676	-10.0508204	-10.3172149	-10.765211	-9.78808319	0.0670957215	1.15991559	0	100	0	0	3
629	58995	0	3.70152153	-10.3057058	-10.312539	-10.765211	-9.78808319	0.0717715667	1.15991559	0	100	0	0	3
630	58998	0	3.7074063	-10.0411232	-10.3093669	-10.765211	-9.78808319	0.0749437305	1.15991559	0	100	0	0	3
631	59000	0	3.71329108	-9.99601555	-10.3074577	-10.765211	-9.78808319	0.0768529067	1.15991559	0	100	0	0	3
632	59003	0	3.71917585	-9.77231743	-10.2967653	-10.765211	-9.77231743	0.0875453331	1.15991559	0	100	0	0	3
633	59005	0	3.72506062	-9.96516739	-10.291898	-10.765211	-9.77231743	0.0924125533	1.15991559	0	100	0	0	3
634	59008	0	3.73094539	-9.87276978	-10.2853748	-10.765211	-9.77231743	0.0989358039	1.15991559	0	100	0	0	3
635	59011	0	3.73683016	-9.62671362	-10.276527	-10.765211	-9.62671362	0.10778362	1.15991559	0	100	0	0	3
636	59013	0	3.74271494	-9.91321294	-10.2703797	-10.765211	-9.62671362	0.11393089	1.15991559	0	100	0	0	3
637	59016	0	3.74859971	-10.1704121	-10.2680029	-10.765211	-9.62671362	0.116307745	1.15991559	0	100	0	0	3
638	59018	0	3.75448448	-9.98343519	-10.2637883	-10.765211	-9.62671362	0.120522306	1.15991559	0	100	0	0	3
639	59021	0	3.76036925	-9.85133005	-10.2583033	-10.765211	-9.62671362	0.126007293	1.15991559	0	100	0	0	3
640	59023	0	3.76625402	-9.77911611	-10.2515369	-10.765211	-9.62671362	0.132773719	1.15991559	0	100	0	0	3
641	59026	0	3.7721388	-10.230666	-10.2510716	-10.765211	-9.62671362	0.133238955	1.15991559	0	100	0	0	3
642	59028	0	3.77802357	-10.3016836	-10.249073	-10.765211	-9.62671362	0.135237594	1.15991559	0	100	0	0	3
643	59031	0	3.78390834	-10.4019562	-10.245475	-10.765211	-9.62671362	0.138835643	1.15991559	0	100	0	0	3
644	59034	0	3.78979311	-10.074961	-10.2438544	-10.765211	-9.62671362	0.140456162	1.15991559	0	100	0	0	3
645	59036	0	3.79567788	-10.2167583	-10.246181	-10.765211	-9.62671362	0.140456162	1.15991559	0	100	0	0	3
646	59039	0	3.80156266	-10.2789772	-10.2468626	-10.765211	-9.62671362	0.140456162	1.15991559	0	100	0	0	3
647	59041	0	3.80744743	-10.6763178	-10.2515529	-10.765211	-9.62671362	0.140456162	1.15991559	0	100	0	0	3
648	59044	0	3.8133322	-10.6606813	-10.2519509	-10.765211	-9.62671362	0.140456162	1.15991559	0	100	0	0	3
649	59046	0	3.81921697	-10.6006814	-10.255796	-10.765211	-9.62671362	0.140456162	1.15991559	0	100	0	0	3
650	59049	0	3.82510174	-10.5045562	-10.2578005	-10.765211	-9.62671362	0.140456162	1.15991559	0	100	0	0	3
651	59052	0	3.83098651	-10.4232918	-10.2593597	-10.765211	-9.62671362	0.140456162	1.15991559	0	100	0	0	3
652	59054	0	3.83687129	-10.2348648	-10.2583777	-10.765211	-9.62671362	0.140456162	1.15991559	0	100	0	0	3
653	59057	0	3.84275606	-10.6163446	-10.2651165	-10.765211	-9.62671362	0.140456162	1.15991559	0	100	0	0	3
654	59059	0	3.84864083	-10.6347073	-10.264893	-10.765211	-9.62671362	0.140456162	1.15991559	0	100	0	0	3
655	59062	0	3.8545256	-10.5057783	-10.2659398	-10.765211	-9.62671362	0.140456162	1.15991559	0	100	0	0	3
656	59064	0	3.86041037	-10.144188	-10.2645662	-10.765211	-9.62671362	0.140456162	1.15991559	0	100	0	0	3
657	59067	0	3.86629515	-10.4944287	-10.2686451	-10.765211	-9.62671362	0.140456162	1.15991559	0	100	0	0	3
658	59069	0	3.87217992	-10.5319318	-10.2737435	-10.765211	-9.62671362	0.140456162	1.15991559	0	100	0	0	3
659	59072	0	3.87806469	-10.1935507	-10.2725403	-10.765211	-9.62671362	0.140456162	1.15991559	0	100	0	0	3
660	59075	0	3.88394946	-10.2085752	-10.2712369	-10.765211	-9.62671362	0.140456162	1.15991559	0	100	0	0	3
661	59077	0	3.88983423	-10.8137903	-10.2806936	-10.8137903	-9.62671362	0.140456162	1.15991559	0	100	0	0	3
662	59080	0	3.89571901	-10.4703623	-10.2816542	-10.8137903	-9.62671362	0.140456162	1.15991559	0	100	0	0	3
663	59082	0	3.90160378	-10.1330604	-10.2805595	-10.8137903	-9.62671362	0.140456162	1.15991559	0	100	0	0	3
664	59085	0	3.90748855	-10.2023356	-10.2812014	-10.8137903	-9.62671362	0.140456162	1.15991559	0	100	0	0	3
665	59088	0	3.91337332	-10.0476632	-10.2782072	-10.8137903	-9.62671362	0.140456162	1.15991559	0	100	0	0	3
666	59090	0	3.91925809	-10.0259707	-10.2745378	-10.8137903	-9.62671362	0.140456162	1.15991559	0	100	0	0	3
667	59093	0	3.92514287	-10.2046077	-10.2794381	-10.8137903	-9.62671362	0.140456162	1.15991559	0	100	0	0	3
668	59095	0	3.93102764	-10.1450623	-10.2807615	-10.8137903	-9.62671362	0.140456162	1.15991559	0	100	0	0	3
669	59098	0	3.93691241	-10.3312412	-10.2793551	-10.8137903	-9.62671362	0.140456162	1.15991559	0	100	0	0	3
670	59100	0	3.94279718	-10.1616587	-10.2750499	-10.8137903	-9.62671362	0.140456162	1.15991559	0	100	0	0	3
671	59103	0	3.94868195	-10.3118109	-10.2764418	-10.8137903	-9.62671362	0.140456162	1.15991559	0	100	0	0	3
672	59105	0	3.95456673	-10.3951978	-10.2807794	-10.8137903	-9.62671362	0.140456162	1.15991559	0	100	0	0	3
673	59108	0	3.9604515	-10.040082	-10.2812829	-10.8137903	-9.62671362	0.140456162	1.15991559	0	100	0	0	3
674	59111	0	3.96633627	-10.31385	-10.2802133	-10.8137903	-9.62671362	0.140456162	1.15991559	0	100	0	0	3
675	59113	0	3.97222104	-10.6645973	-10.2827521	-10.8137903	-9.62671362	0.140456162	1.15991559	0	100	0	0	3
676	59116	0	3.97810581	-10.3628239	-10.2860949	-10.8137903	-9.62671362	0.140456162	1.15991559	0	100	0	0	3
677	59118	0	3.98399058	-10.0189316	-10.2840559	-10.8137903	-9.62671362	0.140456162	1.15991559	0	100	0	0	3
678	59121	0	3.98987536	-10.3991761	-10.2805958	-10.8137903	-9.62671362	0.140456162	1.15991559	0	100	0	0	3
679	59124	0	3.99576013	-10.2058374	-10.2758633	-10.8137903	-9.62671362	0.140456162	1.15991559	0	100	0	0	3
680	59127	0	4.0016449	-10.2560907	-10.2748567	-10.8137903	-9.62671362	0.140456162	1.15991559	0	100	0	0	3
