Iteration	CPUTime	PhysTime	Travels	Value	AvValue	MinValue	MaxValue	Delta	Criteria	Progress	CriteriaType	CriteriaVarType	CriteriaPercentage
1	14	0	0.00588477191	4031.22868	4031.22868	4031.22868	4031.22868	0	0	0	0	0	0	3
2	18	0	0.0117695438	183.567267	2107.39798	183.567267	4031.22868	1923.83071	0	0	0	0	0	3
3	20	0	0.0176543157	43.3362848	1419.37741	43.3362848	4031.22868	2611.85127	0	0	0	0	0	3
4	23	0	0.0235390876	11.5941612	1067.4316	11.5941612	4031.22868	2963.79708	0	0	0	0	0	3
5	26	0	0.0294238596	23.4431775	858.633915	11.5941612	4031.22868	3172.59477	0	0	0	0	0	3
6	28	0	0.0353086315	14.2428477	717.90207	11.5941612	4031.22868	3313.32661	0	0	0	0	0	3
7	30	0	0.0411934034	20.7003806	618.301829	11.5941612	4031.22868	3412.92686	0	0	0	0	0	3
8	33	0	0.0470781753	15.0072628	542.890008	11.5941612	4031.22868	3488.33868	0	0	0	0	0	3
9	35	0	0.0529629472	17.9325597	484.561403	11.5941612	4031.22868	3546.66728	0	0	0	0	0	3
10	37	0	0.0588477191	13.393599	437.444622	11.5941612	4031.22868	3593.78406	0	0	0	0	0	3
11	39	0	0.064732491	14.791544	399.021615	11.5941612	4031.22868	3632.20707	0	0	0	0	0	3
12	41	0	0.0706172629	12.3644871	366.800188	11.5941612	4031.22868	3664.4285	0	0	0	0	0	3
13	44	0	0.0765020349	13.6399197	339.634014	11.5941612	4031.22868	3691.59467	0	0	0	0	0	3
14	46	0	0.0823868068	11.8576351	316.221415	11.5941612	4031.22868	3715.00727	0	0	0	0	0	3
15	48	0	0.0882715787	12.7929666	295.992852	11.5941612	4031.22868	3735.23583	0	0	0	0	0	3
16	50	0	0.0941563506	11.4666683	278.209965	11.4666683	4031.22868	3753.01872	0	0	0	0	0	3
17	52	0	0.100041123	12.0442941	262.553161	11.4666683	4031.22868	3768.67552	0	0	0	0	0	3
18	55	0	0.105925894	10.7697088	248.565192	10.7697088	4031.22868	3782.66349	0	0	0	0	0	3
19	57	0	0.111810666	11.5857519	236.09259	10.7697088	4031.22868	3795.13609	0	0	0	0	0	3
20	59	0	0.117695438	10.354004	224.80566	10.354004	4031.22868	3806.42302	0	0	0	0	0	3
21	62	0	0.12358021	11.2077283	214.63433	10.354004	4031.22868	3816.59435	0	0	0	0	0	3
22	64	0	0.129464982	10.0661769	205.335778	10.0661769	4031.22868	3825.89291	0	0	0	0	0	3
23	66	0	0.135349754	10.8029889	196.87783	10.0661769	4031.22868	3834.35085	0	0	0	0	0	3
24	69	0	0.141234526	10.1054195	189.095647	10.0661769	4031.22868	3842.13304	0	0	0	0	0	3
25	71	0	0.147119298	10.441981	181.9495	10.0661769	4031.22868	3849.27918	0	0	0	0	0	3
26	73	0	0.15300407	10.1620678	175.342291	10.0661769	4031.22868	3855.88639	0	0	0	0	0	3
27	76	0	0.158888842	10.1058215	169.222422	10.0661769	4031.22868	3862.00626	0	0	0	0	0	3
28	78	0	0.164773614	10.1684223	163.541922	10.0661769	4031.22868	3867.68676	0	0	0	0	0	3
29	80	0	0.170658385	10.1345029	158.252011	10.0661769	4031.22868	3872.97667	0	0	0	0	0	3
30	82	0	0.176543157	10.0035863	153.310397	10.0035863	4031.22868	3877.91829	0	0	0	0	0	3
31	85	0	0.182427929	10.0831673	148.690163	10.0035863	4031.22868	3882.53852	0	0	0	0	0	3
32	87	0	0.188312701	10.0992026	144.359196	10.0035863	4031.22868	3886.86949	0	0	0	0	0	3
33	89	0	0.194197473	10.2699056	140.295884	10.0035863	4031.22868	3890.9328	0	0	0	0	0	3
34	92	0	0.200082245	10.1838317	136.469059	10.0035863	4031.22868	3894.75963	0	0	0	0	0	3
35	94	0	0.205967017	10.3305599	132.865102	10.0035863	4031.22868	3898.36358	0	0	0	0	0	3
36	96	0	0.211851789	10.2831172	129.460047	10.0035863	4031.22868	3901.76864	0	0	0	0	0	3
37	99	0	0.217736561	10.3109926	126.239802	10.0035863	4031.22868	3904.98888	0	0	0	0	0	3
38	101	0	0.223621333	10.3601021	123.190336	10.0035863	4031.22868	3908.03835	0	0	0	0	0	3
39	104	0	0.229506105	10.398062	120.298227	10.0035863	4031.22868	3910.93046	0	0	0	0	0	3
40	106	0	0.235390876	10.3903128	117.550529	10.0035863	4031.22868	3913.67816	0	0	0	0	0	3
41	109	0	0.241275648	10.3799009	114.936611	10.0035863	4031.22868	3916.29207	0	0	0	0	0	3
42	111	0	0.24716042	10.380148	112.447171	10.0035863	4031.22868	3918.78151	0	0	0	0	0	3
43	114	0	0.253045192	10.3390262	110.072563	10.0035863	4031.22868	3921.15612	0	0	0	0	0	3
44	116	0	0.258929964	10.3221377	107.805508	10.0035863	4031.22868	3923.42318	0	0	0	0	0	3
45	119	0	0.264814736	10.2738729	105.638139	10.0035863	4031.22868	3925.59055	0	0	0	0	0	3
46	121	0	0.270699508	10.2753341	103.565034	10.0035863	4031.22868	3927.66365	0	0	0	0	0	3
47	124	0	0.27658428	10.2723918	101.580084	10.0035863	4031.22868	3929.6486	0	0	0	0	0	3
48	127	0	0.282469052	10.2212433	99.6767752	10.0035863	4031.22868	3931.55191	0	0	0	0	0	3
49	129	0	0.288353824	10.2342677	97.8514179	10.0035863	4031.22868	3933.37727	0	0	0	0	0	3
50	132	0	0.294238596	10.1887493	96.0981645	10.0035863	4031.22868	3935.13052	0	0	0	0	0	3
51	134	0	0.300123368	10.2050965	94.4139867	10.0035863	4031.22868	3936.8147	0	0	0	0	0	3
52	136	0	0.306008139	10.251017	92.7954681	10.0035863	4031.22868	3938.43322	0	0	0	0	0	3
53	139	0	0.311892911	10.2625424	91.238243	10.0035863	4031.22868	3939.99044	0	0	0	0	0	3
54	141	0	0.317777683	10.2764681	89.7389509	10.0035863	4031.22868	3941.48973	0	0	0	0	0	3
55	144	0	0.323662455	10.2510236	88.2937159	10.0035863	4031.22868	3942.93497	0	0	0	0	0	3
56	146	0	0.329547227	10.2827211	86.9006624	10.0035863	4031.22868	3944.32802	0	0	0	0	0	3
57	148	0	0.335431999	10.2622887	85.5561295	10.0035863	4031.22868	3945.67255	0	0	0	0	0	3
58	151	0	0.341316771	10.2432293	84.2576312	10.0035863	4031.22868	3946.97105	0	0	0	0	0	3
59	153	0	0.347201543	10.2414853	83.0031203	10.0035863	4031.22868	3948.22556	0	0	0	0	0	3
60	156	0	0.353086315	10.2585238	81.7907104	10.0035863	4031.22868	3949.43797	0	0	0	0	0	3
61	159	0	0.358971087	10.1936987	80.6169889	10.0035863	4031.22868	3950.6117	0	0	0	0	0	3
62	161	0	0.364855859	10.1473536	79.4803818	10.0035863	4031.22868	3951.7483	0	0	0	0	0	3
63	164	0	0.37074063	10.1185544	78.3794004	10.0035863	4031.22868	3952.84928	0	0	0	0	0	3
64	166	0	0.376625402	10.099416	77.3125257	10.0035863	4031.22868	3953.91616	0	0	0	0	0	3
65	169	0	0.382510174	10.1024975	76.2785253	10.0035863	4031.22868	3954.95016	0	0	0	0	0	3
66	172	0	0.388394946	10.1172647	75.2760819	10.0035863	4031.22868	3955.9526	0	0	0	0	0	3
67	174	0	0.394279718	10.110356	74.3034591	10.0035863	4031.22868	3956.92523	0	0	0	0	0	3
68	177	0	0.40016449	10.1337436	73.3597868	10.0035863	4031.22868	3957.8689	0	0	0	0	0	3
69	179	0	0.406049262	10.1121031	72.4431538	10.0035863	4031.22868	3958.78553	0	0	0	0	0	3
70	181	0	0.411934034	10.1481354	71.5532249	10.0035863	4031.22868	3959.67546	0	0	0	0	0	3
71	184	0	0.417818806	10.1726158	70.6887093	10.0035863	4031.22868	3960.53997	0	0	0	0	0	3
72	187	0	0.423703578	10.232868	69.8490448	10.0035863	4031.22868	3961.37964	0	0	0	0	0	3
73	189	0	0.42958835	10.2102116	69.0320745	10.0035863	4031.22868	3962.19661	0	0	0	0	0	3
74	192	0	0.435473122	10.1685428	68.2366214	10.0035863	4031.22868	3962.99206	0	0	0	0	0	3
75	194	0	0.441357893	10.2036116	67.4628479	10.0035863	4031.22868	3963.76584	0	0	0	0	0	3
76	197	0	0.447242665	10.1729587	66.7090336	10.0035863	4031.22868	3964.51965	0	0	0	0	0	3
77	199	0	0.453127437	10.2000951	65.9751513	10.0035863	4031.22868	3965.25353	0	0	0	0	0	3
78	202	0	0.459012209	10.2280867	65.2604453	10.0035863	4031.22868	3965.96824	0	0	0	0	0	3
79	204	0	0.464896981	10.185059	64.5632885	10.0035863	4031.22868	3966.6654	0	0	0	0	0	3
80	207	0	0.470781753	10.2046669	63.8838058	10.0035863	4031.22868	3967.34488	0	0	0	0	0	3
81	209	0	0.476666525	10.1809362	63.2208074	10.0035863	4031.22868	3968.00788	0	0	0	0	0	3
82	211	0	0.482551297	10.1495103	62.5735964	10.0035863	4031.22868	3968.65509	0	0	0	0	0	3
83	214	0	0.488436069	10.1351954	61.9418085	10.0035863	4031.22868	3969.28688	0	0	0	0	0	3
84	216	0	0.494320841	10.0907385	61.3245338	10.0035863	4031.22868	3969.90415	0	0	0	0	0	3
85	219	0	0.500205613	10.1047742	60.7219484	10.0035863	4031.22868	3970.50674	0	0	0	0	0	3
86	221	0	0.506090384	10.0926868	13.4144661	10.0035863	183.567267	173.563681	0	0	0	0	0	3
87	224	0	0.511975156	10.1032963	11.3737135	10.0035863	43.3362848	33.3326985	0	0	0	0	0	3
88	226	0	0.517859928	10.1254273	10.9829975	10.0035863	23.4431775	13.4395912	0	0	0	0	0	3
89	229	0	0.5237447	10.1403228	10.9658935	10.0035863	23.4431775	13.4395912	0	0	0	0	0	3
90	231	0	0.529629472	10.1721304	10.8097636	10.0035863	20.7003806	10.6967943	0	0	0	0	0	3
91	234	0	0.535514244	10.1615705	10.7617485	10.0035863	20.7003806	10.6967943	0	0	0	0	0	3
92	236	0	0.541399016	10.200866	10.6382248	10.0035863	17.9325597	7.9289734	0	0	0	0	0	3
93	239	0	0.547283788	10.2075416	10.5817575	10.0035863	17.9325597	7.9289734	0	0	0	0	0	3
94	241	0	0.55316856	10.2772805	10.4916954	10.0035863	14.791544	4.78795767	0	0	0	0	0	3
95	244	0	0.559053332	10.2831123	10.4551015	10.0035863	14.791544	4.78795767	0	0	0	0	0	3
96	246	0	0.564938104	10.3058608	10.4023287	10.0035863	13.6399197	3.63633335	0	0	0	0	0	3
97	249	0	0.570822876	10.2538599	10.3774978	10.0035863	13.6399197	3.63633335	0	0	0	0	0	3
98	251	0	0.576707647	10.2674617	10.3378218	10.0035863	12.7929666	2.78938035	0	0	0	0	0	3
99	254	0	0.582592419	10.3026162	10.3195275	10.0035863	12.7929666	2.78938035	0	0	0	0	0	3
100	257	0	0.588477191	10.3496293	10.2907824	10.0035863	12.0442941	2.04070782	0	0	0	0	0	3
101	264	0	0.594361963	10.3879511	10.2780916	10.0035863	12.0442941	2.04070782	0	0	0	0	0	3
102	266	0	0.600246735	10.3723038	10.2584211	10.0035863	11.5857519	1.58216562	0	0	0	0	0	3
103	268	0	0.606131507	10.4004383	10.2540767	10.0035863	11.5857519	1.58216562	0	0	0	0	0	3
104	271	0	0.612016279	10.3584441	10.2396378	10.0035863	11.2077283	1.20414202	0	0	0	0	0	3
105	273	0	0.617901051	10.3607989	10.2397178	10.0035863	11.2077283	1.20414202	0	0	0	0	0	3
106	275	0	0.623785823	10.3421043	10.2295339	10.0035863	10.8029889	0.799402581	0	0	0	0	0	3
107	278	0	0.629670595	10.3183122	10.2325002	10.0035863	10.8029889	0.799402581	0	0	0	0	0	3
108	280	0	0.635555367	10.2793021	10.2263392	10.0035863	10.441981	0.438394663	0	0	0	0	0	3
109	283	0	0.641440138	10.2424796	10.2279517	10.0035863	10.441981	0.438394663	0	0	0	0	0	3
110	285	0	0.64732491	10.2290261	10.2254463	10.0035863	10.4004383	0.39685197	0	0	0	0	0	3
111	287	0	0.653209682	10.1775012	10.2256279	10.0035863	10.4004383	0.39685197	0	0	0	0	0	3
112	290	0	0.659094454	10.1292179	10.2259032	10.0035863	10.4004383	0.39685197	0	0	0	0	0	3
113	292	0	0.664979226	10.1175164	10.2253043	10.0035863	10.4004383	0.39685197	0	0	0	0	0	3
114	295	0	0.670863998	10.111383	10.2250323	10.0035863	10.4004383	0.39685197	0	0	0	0	0	3
115	297	0	0.67674877	10.0953847	10.2261123	10.0831673	10.4004383	0.317270946	0	0	0	0	0	3
116	300	0	0.682633542	10.1180246	10.2265223	10.0907385	10.4004383	0.309699787	0	0	0	0	0	3
117	302	0	0.688518314	10.0634821	10.2261021	10.0634821	10.4004383	0.336956124	0	0	0	0	0	3
118	305	0	0.694403086	10.0409445	10.2234084	10.0409445	10.4004383	0.359493768	0	0	0	0	0	3
119	307	0	0.700287858	10.0388398	10.2217026	10.0388398	10.4004383	0.361598486	0	0	0	0	0	3
120	310	0	0.706172629	10.0679124	10.2186127	10.0388398	10.4004383	0.361598486	0	0	0	0	0	3
121	312	0	0.712057401	10.0829735	10.216258	10.0388398	10.4004383	0.361598486	0	0	0	0	0	3
122	315	0	0.717942173	10.0832249	10.2135784	10.0388398	10.4004383	0.361598486	0	0	0	0	0	3
123	317	0	0.723826945	10.1314933	10.2108889	10.0388398	10.4004383	0.361598486	0	0	0	0	0	3
124	320	0	0.729711717	10.1041251	10.2074308	10.0388398	10.4004383	0.361598486	0	0	0	0	0	3
125	322	0	0.735596489	10.1212145	10.204265	10.0388398	10.4004383	0.361598486	0	0	0	0	0	3
126	325	0	0.741481261	10.1241816	10.2012565	10.0388398	10.4004383	0.361598486	0	0	0	0	0	3
127	327	0	0.747366033	10.1596615	10.1986625	10.0388398	10.4004383	0.361598486	0	0	0	0	0	3
128	329	0	0.753250805	10.1305684	10.1962101	10.0388398	10.4004383	0.361598486	0	0	0	0	0	3
129	332	0	0.759135577	10.0688223	10.1932299	10.0388398	10.4004383	0.361598486	0	0	0	0	0	3
130	334	0	0.765020349	10.1068903	10.1912654	10.0388398	10.4004383	0.361598486	0	0	0	0	0	3
131	337	0	0.770905121	10.1484184	10.1897723	10.0388398	10.4004383	0.361598486	0	0	0	0	0	3
132	339	0	0.776789892	10.1992387	10.1889117	10.0388398	10.4004383	0.361598486	0	0	0	0	0	3
133	341	0	0.782674664	10.2035261	10.1887032	10.0388398	10.4004383	0.361598486	0	0	0	0	0	3
134	343	0	0.788559436	10.2027071	10.1883319	10.0388398	10.4004383	0.361598486	0	0	0	0	0	3
135	346	0	0.794444208	10.1799176	10.188228	10.0388398	10.4004383	0.361598486	0	0	0	0	0	3
136	348	0	0.80032898	10.202153	10.1881934	10.0388398	10.4004383	0.361598486	0	0	0	0	0	3
137	350	0	0.806213752	10.2192345	10.1878195	10.0388398	10.4004383	0.361598486	0	0	0	0	0	3
138	352	0	0.812098524	10.2839059	10.1880708	10.0388398	10.4004383	0.361598486	0	0	0	0	0	3
139	355	0	0.817983296	10.2823203	10.1881397	10.0388398	10.4004383	0.361598486	0	0	0	0	0	3
140	357	0	0.823868068	10.325943	10.1890211	10.0388398	10.4004383	0.361598486	0	0	0	0	0	3
141	359	0	0.82975284	10.3295207	10.1895717	10.0388398	10.4004383	0.361598486	0	0	0	0	0	3
142	361	0	0.835637612	10.3650491	10.1907806	10.0388398	10.4004383	0.361598486	0	0	0	0	0	3
143	364	0	0.841522383	10.3597263	10.1921512	10.0388398	10.4004383	0.361598486	0	0	0	0	0	3
144	366	0	0.847407155	10.3934018	10.1939384	10.0388398	10.4004383	0.361598486	0	0	0	0	0	3
145	369	0	0.853291927	10.4048659	10.1956601	10.0388398	10.4048659	0.366026116	0	0	0	0	0	3
146	371	0	0.859176699	10.4031343	10.198124	10.0388398	10.4048659	0.366026116	0	0	0	0	0	3
147	374	0	0.865061471	10.401463	10.2011136	10.0388398	10.4048659	0.366026116	0	0	0	0	0	3
148	377	0	0.870946243	10.3489481	10.2038241	10.0388398	10.4048659	0.366026116	0	0	0	0	0	3
149	379	0	0.876831015	10.3506236	10.2067795	10.0388398	10.4048659	0.366026116	0	0	0	0	0	3
150	382	0	0.882715787	10.338893	10.2095606	10.0388398	10.4048659	0.366026116	0	0	0	0	0	3
151	384	0	0.888600559	10.3562181	10.2123718	10.0388398	10.4048659	0.366026116	0	0	0	0	0	3
152	387	0	0.894485331	10.3543582	10.2152424	10.0388398	10.4048659	0.366026116	0	0	0	0	0	3
153	389	0	0.900370103	10.3511752	10.2178004	10.0388398	10.4048659	0.366026116	0	0	0	0	0	3
154	392	0	0.906254875	10.3475627	10.2205705	10.0388398	10.4048659	0.366026116	0	0	0	0	0	3
155	394	0	0.912139646	10.334043	10.2227577	10.0388398	10.4048659	0.366026116	0	0	0	0	0	3
156	397	0	0.918024418	10.3157751	10.2244419	10.0388398	10.4048659	0.366026116	0	0	0	0	0	3
157	399	0	0.92390919	10.3050731	10.2252914	10.0388398	10.4048659	0.366026116	0	0	0	0	0	3
158	402	0	0.929793962	10.2790993	10.2261018	10.0388398	10.4048659	0.366026116	0	0	0	0	0	3
159	405	0	0.935678734	10.2558512	10.227129	10.0388398	10.4048659	0.366026116	0	0	0	0	0	3
160	407	0	0.941563506	10.2807605	10.2280366	10.0388398	10.4048659	0.366026116	0	0	0	0	0	3
161	410	0	0.947448278	10.2597471	10.2290577	10.0388398	10.4048659	0.366026116	0	0	0	0	0	3
162	412	0	0.95333305	10.2501303	10.2296463	10.0388398	10.4048659	0.366026116	0	0	0	0	0	3
163	414	0	0.959217822	10.2001623	10.2293178	10.0388398	10.4048659	0.366026116	0	0	0	0	0	3
164	417	0	0.965102594	10.1952945	10.2294382	10.0388398	10.4048659	0.366026116	0	0	0	0	0	3
165	419	0	0.970987366	10.1687429	10.2290156	10.0388398	10.4048659	0.366026116	0	0	0	0	0	3
166	421	0	0.976872137	10.1732502	10.2289251	10.0388398	10.4048659	0.366026116	0	0	0	0	0	3
167	424	0	0.982756909	10.1486646	10.2289152	10.0388398	10.4048659	0.366026116	0	0	0	0	0	3
168	426	0	0.988641681	10.1270214	10.228819	10.0388398	10.4048659	0.366026116	0	0	0	0	0	3
169	428	0	0.994526453	10.1469259	10.2294801	10.0388398	10.4048659	0.366026116	0	0	0	0	0	3
170	431	0	1.00041123	10.1829563	10.2303999	10.0388398	10.4048659	0.366026116	0.999980956	0	100	0	0	3
171	433	0	1.006296	10.2278481	10.23199	10.0388398	10.4048659	0.366026116	0.999980956	0	100	0	0	3
172	436	0	1.01218077	10.2778295	10.2340433	10.0388398	10.4048659	0.366026116	0.999980956	0	100	0	0	3
173	438	0	1.01806554	10.2492981	10.2355006	10.0388398	10.4048659	0.366026116	0.999980956	0	100	0	0	3
174	440	0	1.02395031	10.2099182	10.2363194	10.0388398	10.4048659	0.366026116	0.999980956	0	100	0	0	3
175	443	0	1.02983508	10.1854633	10.2364762	10.0388398	10.4048659	0.366026116	0.999980956	0	100	0	0	3
176	445	0	1.03571986	10.1990564	10.2369173	10.0388398	10.4048659	0.366026116	0.999980956	0	100	0	0	3
177	448	0	1.04160463	10.2377556	10.2373513	10.0388398	10.4048659	0.366026116	0.999980956	0	100	0	0	3
178	450	0	1.0474894	10.218387	10.2374788	10.0388398	10.4048659	0.303875938	0.999980956	0	100	0	0	3
179	453	0	1.05337417	10.1979295	10.2365453	10.0388398	10.4048659	0.267281976	0.999980956	0	100	0	0	3
180	455	0	1.05925894	10.1847908	10.2353886	10.0388398	10.4048659	0.214509233	0.999980956	0	100	0	0	3
181	458	0	1.06514372	10.2036619	10.2341862	10.0388398	10.4048659	0.189678324	0.999980956	0	100	0	0	3
182	460	0	1.07102849	10.1944765	10.2334876	10.0388398	10.4048659	0.150002349	0.999980956	0	100	0	0	3
183	463	0	1.07691326	10.1631727	10.2322607	10.0388398	10.4048659	0.131708009	0.999980956	0	100	0	0	3
184	465	0	1.08279803	10.1438644	10.230393	10.0388398	10.4048659	0.102962864	0.999980956	0	100	0	0	3
185	468	0	1.0886828	10.1272791	10.2277771	10.0388398	10.4048659	0.0902720738	0.999980956	0	100	0	0	3
186	471	0	1.09456758	10.1446669	10.224915	10.0388398	10.4048659	0.0706015999	0.999980956	0	100	0	0	3
187	473	0	1.10045235	10.1535588	10.2223415	10.0388398	10.4048659	0.0662572411	0.999980956	0	100	0	0	3
188	475	0	1.10633712	10.1929272	10.2199002	10.0388398	10.4048659	0.0518982652	0.999980956	0	100	0	0	3
189	478	0	1.11222189	10.1952389	10.2179801	10.0388398	10.4048659	0.0518982652	0.999980956	0	100	0	0	3
190	480	0	1.11810666	10.2707306	10.2169205	10.0388398	10.4048659	0.0496593566	0.999980956	0	100	0	0	3
191	482	0	1.12399144	10.2553377	10.2158997	10.0388398	10.4048659	0.0496593566	0.999980956	0	100	0	0	3
192	484	0	1.12987621	10.2698194	10.2153292	10.0388398	10.4048659	0.0496593566	0.999980956	0	100	0	0	3
193	486	0	1.13576098	10.2273259	10.2147177	10.0388398	10.4048659	0.0496593566	0.999980956	0	100	0	0	3
194	489	0	1.14164575	10.2194889	10.2144472	10.0388398	10.4048659	0.0496593566	0.999980956	0	100	0	0	3
195	491	0	1.14753052	10.1938845	10.2140338	10.0388398	10.4048659	0.0496593566	0.999980956	0	100	0	0	3
196	493	0	1.15341529	10.1917406	10.2142013	10.0388398	10.4048659	0.0496593566	0.999980956	0	100	0	0	3
197	495	0	1.15930007	10.2046816	10.2150891	10.0388398	10.4048659	0.0496593566	0.999980956	0	100	0	0	3
198	497	0	1.16518484	10.2109999	10.216189	10.0388398	10.4048659	0.0496593566	0.999980956	0	100	0	0	3
199	500	0	1.17106961	10.1683873	10.2168596	10.0388398	10.4048659	0.0496593566	0.999980956	0	100	0	0	3
200	502	0	1.17695438	10.1207667	10.2171582	10.0388398	10.4048659	0.0496593566	0.999980956	0	100	0	0	3
201	509	0	1.18283915	10.0926931	10.2168602	10.0388398	10.4048659	0.0496593566	0.999980956	0	100	0	0	3
202	511	0	1.18872393	10.1101406	10.2174091	10.0388398	10.4048659	0.0496593566	0.999980956	0	100	0	0	3
203	513	0	1.1946087	10.10671	10.2181828	10.0388398	10.4048659	0.0496593566	0.999980956	0	100	0	0	3
204	515	0	1.20049347	10.0704215	10.2185544	10.0679124	10.4048659	0.0496593566	0.999980956	0	100	0	0	3
205	517	0	1.20637824	10.1087402	10.2190347	10.0688223	10.4048659	0.0496593566	0.999980956	0	100	0	0	3
206	520	0	1.21226301	10.0914987	10.219135	10.0688223	10.4048659	0.0496593566	0.999980956	0	100	0	0	3
207	522	0	1.21814779	10.06303	10.2188974	10.06303	10.4048659	0.0496593566	0.999980956	0	100	0	0	3
208	524	0	1.22403256	10.0823783	10.2183196	10.06303	10.4048659	0.0496593566	0.999980956	0	100	0	0	3
209	526	0	1.22991733	10.0703686	10.2179224	10.06303	10.4048659	0.0496593566	0.999980956	0	100	0	0	3
210	528	0	1.2358021	10.0560297	10.2171556	10.0560297	10.4048659	0.0496593566	0.999980956	0	100	0	0	3
211	530	0	1.24168687	10.0403982	10.2161699	10.0403982	10.4048659	0.0496593566	0.999980956	0	100	0	0	3
212	533	0	1.24757165	10.0847128	10.2152881	10.0403982	10.4048659	0.0496593566	0.999980956	0	100	0	0	3
213	535	0	1.25345642	10.1554287	10.2155806	10.0403982	10.4048659	0.0496593566	0.999980956	0	100	0	0	3
214	537	0	1.25934119	10.2214311	10.217376	10.0403982	10.4048659	0.0496593566	0.999980956	0	100	0	0	3
215	539	0	1.26522596	10.2269731	10.2187887	10.0403982	10.4048659	0.0496593566	0.999980956	0	100	0	0	3
216	541	0	1.27111073	10.2334553	10.2197892	10.0403982	10.4048659	0.0496593566	0.999980956	0	100	0	0	3
217	544	0	1.2769955	10.2337951	10.2201957	10.0403982	10.4048659	0.0496593566	0.999980956	0	100	0	0	3
218	546	0	1.28288028	10.219517	10.2203838	10.0403982	10.4048659	0.0496593566	0.999980956	0	100	0	0	3
219	549	0	1.28876505	10.1974215	10.2203217	10.0403982	10.4048659	0.0496593566	0.999980956	0	100	0	0	3
220	551	0	1.29464982	10.2412719	10.2210435	10.0403982	10.4048659	0.0496593566	0.999980956	0	100	0	0	3
221	554	0	1.30053459	10.2041717	10.2210672	10.0403982	10.4048659	0.0496593566	0.999980956	0	100	0	0	3
222	556	0	1.30641936	10.1802001	10.220608	10.0403982	10.4048659	0.0494080212	0.999980956	0	100	0	0	3
223	559	0	1.31230414	10.1571148	10.2191163	10.0403982	10.4048659	0.0493391709	0.999980956	0	100	0	0	3
224	561	0	1.31818891	10.2219186	10.2184057	10.0403982	10.4048659	0.0484577672	0.999980956	0	100	0	0	3
225	564	0	1.32407368	10.163643	10.2164963	10.0403982	10.4048659	0.0479071832	0.999980956	0	100	0	0	3
226	566	0	1.32995845	10.1530634	10.2144204	10.0403982	10.4048659	0.0466982377	0.999980956	0	100	0	0	3
227	569	0	1.33584322	10.193595	10.2124032	10.0403982	10.4048659	0.0453276848	0.999980956	0	100	0	0	3
228	571	0	1.341728	10.2123306	10.2106692	10.0403982	10.4048659	0.0435404323	0.999980956	0	100	0	0	3
229	574	0	1.34761277	10.2246288	10.2086836	10.0403982	10.4048659	0.0418187603	0.999980956	0	100	0	0	3
230	576	0	1.35349754	10.1800054	10.2060382	10.0403982	10.4031343	0.0393548117	0.999980956	0	100	0	0	3
231	579	0	1.35938231	10.1858926	10.2034824	10.0403982	10.401463	0.036365289	0.999980956	0	100	0	0	3
232	581	0	1.36526708	10.1875606	10.2009659	10.0403982	10.3562181	0.0365129346	0.999980956	0	100	0	0	3
233	584	0	1.37115186	10.1873177	10.1990644	10.0403982	10.3562181	0.0384144682	0.999980956	0	100	0	0	3
234	586	0	1.37703663	10.2001838	10.1972945	10.0403982	10.3562181	0.0401843488	0.999980956	0	100	0	0	3
235	588	0	1.3829214	10.1734976	10.1953487	10.0403982	10.3562181	0.0421301771	0.999980956	0	100	0	0	3
236	591	0	1.38880617	10.1876735	10.1933658	10.0403982	10.3543582	0.0441130546	0.999980956	0	100	0	0	3
237	593	0	1.39469094	10.1454874	10.1909085	10.0403982	10.3511752	0.0465703592	0.999980956	0	100	0	0	3
238	595	0	1.40057572	10.1505998	10.1885488	10.0403982	10.3475627	0.0489300693	0.999980956	0	100	0	0	3
239	598	0	1.40646049	10.1774937	10.186548	10.0403982	10.334043	0.050930882	0.999980956	0	100	0	0	3
240	600	0	1.41234526	10.2227163	10.1852382	10.0403982	10.3157751	0.0522406085	0.999980956	0	100	0	0	3
241	602	0	1.41823003	10.2193307	10.1841036	10.0403982	10.3050731	0.0533752492	0.999980956	0	100	0	0	3
242	604	0	1.4241148	10.2321126	10.1832452	10.0403982	10.2807605	0.054233608	0.999980956	0	100	0	0	3
243	607	0	1.42999957	10.2236293	10.1825926	10.0403982	10.2807605	0.0548861962	0.999980956	0	100	0	0	3
244	609	0	1.43588435	10.2748664	10.1828164	10.0403982	10.2807605	0.0548861962	0.999980956	0	100	0	0	3
245	611	0	1.44176912	10.280329	10.1828113	10.0403982	10.280329	0.0548861962	0.999980956	0	100	0	0	3
246	614	0	1.44765389	10.2862966	10.1831236	10.0403982	10.2862966	0.0548861962	0.999980956	0	100	0	0	3
247	616	0	1.45353866	10.288868	10.1835794	10.0403982	10.288868	0.0548861962	0.999980956	0	100	0	0	3
248	619	0	1.45942343	10.28459	10.1845726	10.0403982	10.288868	0.0548861962	0.999980956	0	100	0	0	3
249	621	0	1.46530821	10.251327	10.1852318	10.0403982	10.288868	0.0548861962	0.999980956	0	100	0	0	3
250	624	0	1.47119298	10.2294891	10.1859465	10.0403982	10.288868	0.0548861962	0.999980956	0	100	0	0	3
251	626	0	1.47707775	10.2027616	10.1862937	10.0403982	10.288868	0.0548861962	0.999980956	0	100	0	0	3
252	629	0	1.48296252	10.1962201	10.1868532	10.0403982	10.288868	0.0548861962	0.999980956	0	100	0	0	3
253	631	0	1.48884729	10.175115	10.187419	10.0403982	10.288868	0.0548861962	0.999980956	0	100	0	0	3
254	633	0	1.49473207	10.1910091	10.1879376	10.0403982	10.288868	0.0548861962	0.999980956	0	100	0	0	3
255	636	0	1.50061684	10.1579834	10.1876438	10.0403982	10.288868	0.0548861962	0.999980956	0	100	0	0	3
256	638	0	1.50650161	10.1199646	10.1863746	10.0403982	10.288868	0.0548861962	0.999980956	0	100	0	0	3
257	641	0	1.51238638	10.100481	10.1842881	10.0403982	10.288868	0.0548861962	0.999980956	0	100	0	0	3
258	643	0	1.51827115	10.1201914	10.1827692	10.0403982	10.288868	0.0548861962	0.999980956	0	100	0	0	3
259	645	0	1.52415593	10.0901105	10.1813597	10.0403982	10.288868	0.0561191159	0.999980956	0	100	0	0	3
260	648	0	1.5300407	10.148731	10.1809276	10.0403982	10.288868	0.0565512598	0.999980956	0	100	0	0	3
261	650	0	1.53592547	10.1608743	10.1804784	10.0403982	10.288868	0.0570004608	0.999980956	0	100	0	0	3
262	653	0	1.54181024	10.189908	10.1799155	10.0403982	10.288868	0.0575633731	0.999980956	0	100	0	0	3
263	655	0	1.54769501	10.164198	10.179278	10.0403982	10.288868	0.0572673499	0.999980956	0	100	0	0	3
264	657	0	1.55357978	10.1593139	10.1788237	10.0403982	10.288868	0.0565649286	0.999980956	0	100	0	0	3
265	660	0	1.55946456	10.1802157	10.1787698	10.0403982	10.288868	0.0554164149	0.999980956	0	100	0	0	3
266	4264	0	1.56534933	10.1684339	10.1783554	10.0403982	10.288868	0.0551322331	0.999980956	0	100	0	0	3
267	4266	0	1.5712341	10.1730034	10.1781028	10.0403982	10.288868	0.0541579272	0.999980956	0	100	0	0	3
268	4268	0	1.57711887	10.1613284	10.1780811	10.0403982	10.288868	0.0523119567	0.999980956	0	100	0	0	3
269	4271	0	1.58300364	10.1458779	10.1781047	10.0403982	10.288868	0.0496960721	0.999980956	0	100	0	0	3
270	4274	0	1.58888842	10.1520535	10.1783962	10.0403982	10.288868	0.0468339048	0.999980956	0	100	0	0	3
271	4277	0	1.59477319	10.1772978	10.1787801	10.0403982	10.288868	0.0442604334	0.999980956	0	100	0	0	3
272	58057	0	1.60065796	10.1584755	10.1788379	10.0403982	10.288868	0.0429861716	0.999980956	0	100	0	0	3
273	58061	0	1.60654273	10.1109828	10.1778739	10.0403982	10.288868	0.0431933347	0.999980956	0	100	0	0	3
274	58065	0	1.6124275	10.1094231	10.1768643	10.0403982	10.288868	0.0442029315	0.999980956	0	100	0	0	3
275	58069	0	1.61831228	10.0863211	10.1746948	10.0403982	10.288868	0.0463724554	0.999980956	0	100	0	0	3
276	58072	0	1.62419705	10.0885088	10.1727321	10.0403982	10.288868	0.0483351481	0.999980956	0	100	0	0	3
277	58076	0	1.63008182	10.0322603	10.1699373	10.0322603	10.288868	0.0511299608	0.999980956	0	100	0	0	3
278	58080	0	1.63596659	10.0198924	10.1674969	10.0198924	10.288868	0.0535703555	0.999980956	0	100	0	0	3
279	58083	0	1.64185136	10.0258826	10.1652192	10.0198924	10.288868	0.0558480764	0.999980956	0	100	0	0	3
280	58086	0	1.64773614	10.0465226	10.1634855	10.0198924	10.288868	0.0575817461	0.999980956	0	100	0	0	3
281	58089	0	1.65362091	10.0308518	10.1615927	10.0198924	10.288868	0.0594745555	0.999980956	0	100	0	0	3
282	58092	0	1.65950568	10.0509581	10.1597842	10.0198924	10.288868	0.0612830671	0.999980956	0	100	0	0	3
283	58095	0	1.66539045	10.0515023	10.1579077	10.0198924	10.288868	0.0631595101	0.999980956	0	100	0	0	3
284	58098	0	1.67127522	10.038318	10.1563775	10.0198924	10.288868	0.0646897363	0.999980956	0	100	0	0	3
285	58101	0	1.67716	10.045544	10.1554925	10.0198924	10.288868	0.0655747094	0.999980956	0	100	0	0	3
286	58104	0	1.68304477	10.0445995	10.1549267	10.0198924	10.288868	0.0661405163	0.999980956	0	100	0	0	3
287	58107	0	1.68892954	10.0486316	10.1542031	10.0198924	10.288868	0.0668641518	0.999980956	0	100	0	0	3
288	58110	0	1.69481431	10.0779084	10.1538642	10.0198924	10.288868	0.0672029942	0.999980956	0	100	0	0	3
289	58113	0	1.70069908	10.0937548	10.1541387	10.0198924	10.288868	0.0672029942	0.999980956	0	100	0	0	3
290	58116	0	1.70658385	10.1538636	10.1546696	10.0198924	10.288868	0.0672029942	0.999980956	0	100	0	0	3
291	58118	0	1.71246863	10.1545551	10.1554114	10.0198924	10.288868	0.0672029942	0.999980956	0	100	0	0	3
292	58121	0	1.7183534	10.1990558	10.1570118	10.0198924	10.288868	0.0672029942	0.999980956	0	100	0	0	3
293	58123	0	1.72423817	10.1425431	10.1577196	10.0198924	10.288868	0.0672029942	0.999980956	0	100	0	0	3
294	58126	0	1.73012294	10.1407731	10.1585479	10.0198924	10.288868	0.0672029942	0.999980956	0	100	0	0	3
295	58129	0	1.73600771	10.1481922	10.1596321	10.0198924	10.288868	0.0672029942	0.999980956	0	100	0	0	3
296	58132	0	1.74189249	10.167353	10.1611257	10.0198924	10.288868	0.0672029942	0.999980956	0	100	0	0	3
297	58134	0	1.74777726	10.2244464	10.1627696	10.0198924	10.288868	0.0672029942	0.999980956	0	100	0	0	3
298	58137	0	1.75366203	10.1745354	10.1629944	10.0198924	10.288868	0.0672029942	0.999980956	0	100	0	0	3
299	58140	0	1.7595468	10.1993663	10.1627348	10.0198924	10.288868	0.0672029942	0.999980956	0	100	0	0	3
300	58142	0	1.76543157	10.1985892	10.1624009	10.0198924	10.288868	0.0672029942	0.999980956	0	100	0	0	3
301	58149	0	1.77131635	10.1473188	10.1613875	10.0198924	10.288868	0.0672029942	0.999980956	0	100	0	0	3
302	58151	0	1.77720112	10.1244413	10.160101	10.0198924	10.288868	0.0672029942	0.999980956	0	100	0	0	3
303	58154	0	1.78308589	10.1134993	10.1588538	10.0198924	10.288868	0.0672029942	0.999980956	0	100	0	0	3
304	58157	0	1.78897066	10.1374208	10.1581479	10.0198924	10.288868	0.0672029942	0.999980956	0	100	0	0	3
305	58159	0	1.79485543	10.1761776	10.1573821	10.0198924	10.288868	0.0672029942	0.999980956	0	100	0	0	3
306	58162	0	1.80074021	10.2263296	10.1576427	10.0198924	10.288868	0.0667437662	0.999980956	0	100	0	0	3
307	58164	0	1.80662498	10.2450672	10.1584059	10.0198924	10.288868	0.0652521056	0.999980956	0	100	0	0	3
308	58167	0	1.81250975	10.279775	10.1598489	10.0198924	10.288868	0.0645414966	0.999980956	0	100	0	0	3
309	58169	0	1.81839452	10.2712198	10.160429	10.0198924	10.288868	0.0626320853	0.999980956	0	100	0	0	3
310	58172	0	1.82427929	10.2799756	10.1617976	10.0198924	10.288868	0.0605561162	0.999980956	0	100	0	0	3
311	58174	0	1.83016406	10.3183437	10.163742	10.0198924	10.3183437	0.0585390086	0.999980956	0	100	0	0	3
312	58177	0	1.83604884	10.2816744	10.1647783	10.0198924	10.3183437	0.0568049412	0.999980956	0	100	0	0	3
313	58179	0	1.84193361	10.2114158	10.1647675	10.0198924	10.3183437	0.0548193767	0.999980956	0	100	0	0	3
314	58182	0	1.84781838	10.247756	10.1650396	10.0198924	10.3183437	0.0521739587	0.999980956	0	100	0	0	3
315	58184	0	1.85370315	10.2422527	10.1657719	10.0198924	10.3183437	0.0496181744	0.999980956	0	100	0	0	3
316	58187	0	1.85958792	10.2563795	10.1666012	10.0198924	10.3183437	0.0471016752	0.999980956	0	100	0	0	3
317	58189	0	1.8654727	10.2255358	10.1670479	10.0198924	10.3183437	0.0452001416	0.999980956	0	100	0	0	3
318	58192	0	1.87135747	10.1953826	10.1671428	10.0198924	10.3183437	0.0434302611	0.999980956	0	100	0	0	3
319	58195	0	1.87724224	10.146248	10.1665083	10.0198924	10.3183437	0.0414844328	0.999980956	0	100	0	0	3
320	58198	0	1.88312701	10.145918	10.1661838	10.0198924	10.3183437	0.0395015552	0.999980956	0	100	0	0	3
321	58200	0	1.88901178	10.1343063	10.165556	10.0198924	10.3183437	0.0370442506	0.999980956	0	100	0	0	3
322	58203	0	1.89489656	10.1138625	10.1651839	10.0198924	10.3183437	0.0346845405	0.999980956	0	100	0	0	3
323	58206	0	1.90078133	10.0892026	10.1644616	10.0198924	10.3183437	0.0340733704	0.999980956	0	100	0	0	3
324	58208	0	1.9066661	10.0991818	10.1635403	10.0198924	10.3183437	0.0340733704	0.999980956	0	100	0	0	3
325	58211	0	1.91255087	10.0901214	10.1619803	10.0198924	10.3183437	0.0340733704	0.999980956	0	100	0	0	3
326	58214	0	1.91843564	10.0900052	10.1604589	10.0198924	10.3183437	0.0340733704	0.999980956	0	100	0	0	3
327	58216	0	1.92432042	10.1102429	10.1590251	10.0198924	10.3183437	0.0340733704	0.999980956	0	100	0	0	3
328	58219	0	1.93020519	10.1610363	10.1582887	10.0198924	10.3183437	0.0340733704	0.999980956	0	100	0	0	3
329	58221	0	1.93608996	10.1865926	10.1572502	10.0198924	10.3183437	0.0340733704	0.999980956	0	100	0	0	3
330	58224	0	1.94197473	10.2256124	10.1566065	10.0198924	10.3183437	0.0340733704	0.999980956	0	100	0	0	3
331	58226	0	1.9478595	10.2159558	10.1557789	10.0198924	10.3183437	0.0340733704	0.999980956	0	100	0	0	3
332	58229	0	1.95374427	10.2718905	10.1555792	10.0198924	10.3183437	0.0340733704	0.999980956	0	100	0	0	3
333	58231	0	1.95962905	10.2311752	10.1549508	10.0198924	10.3183437	0.0340733704	0.999980956	0	100	0	0	3
334	58233	0	1.96551382	10.2680385	10.1551474	10.0198924	10.3183437	0.0340733704	0.999980956	0	100	0	0	3
335	58236	0	1.97139859	10.2394283	10.1552643	10.0198924	10.3183437	0.0340733704	0.999980956	0	100	0	0	3
336	58238	0	1.97728336	10.2572033	10.1559048	10.0198924	10.3183437	0.0340733704	0.999980956	0	100	0	0	3
337	58241	0	1.98316813	10.2459732	10.1564901	10.0198924	10.3183437	0.0340733704	0.999980956	0	100	0	0	3
338	58243	0	1.98905291	10.241039	10.1572657	10.0198924	10.3183437	0.0340733704	0.999980956	0	100	0	0	3
339	58246	0	1.99493768	10.208981	10.1574772	10.0198924	10.3183437	0.0337795706	0.999980956	0	100	0	0	3
340	58248	0	2.00082245	10.2460379	10.1585131	10.0198924	10.3183437	0.0325103531	0.999980956	0	100	0	0	3
341	58251	0	2.00670722	10.1960112	10.1594078	10.0198924	10.3183437	0.0304238993	0.999980956	0	100	0	0	3
342	58253	0	2.01259199	10.2029305	10.160613	10.0198924	10.3183437	0.0289049968	0.999980956	0	100	0	0	3
343	58256	0	2.01847677	10.1673256	10.1611676	10.0198924	10.3183437	0.0274954939	0.999980956	0	100	0	0	3
344	58259	0	2.02436154	10.1269331	10.1616008	10.0198924	10.3183437	0.0270633501	0.999980956	0	100	0	0	3
345	58262	0	2.03024631	10.1329266	10.1614148	10.0198924	10.3183437	0.026614149	0.999980956	0	100	0	0	3
346	58264	0	2.03613108	10.1564804	10.1613631	10.0198924	10.3183437	0.0260512368	0.999980956	0	100	0	0	3
347	58267	0	2.04201585	10.131869	10.1606803	10.0198924	10.3183437	0.0254137186	0.999980956	0	100	0	0	3
348	58270	0	2.04790063	10.0828823	10.1597237	10.0198924	10.3183437	0.0249737114	0.999980956	0	100	0	0	3
349	58273	0	2.0537854	10.0865629	10.1588678	10.0198924	10.3183437	0.0249737114	0.999980956	0	100	0	0	3
350	58275	0	2.05967017	10.0977163	10.1578972	10.0198924	10.3183437	0.0249737114	0.999980956	0	100	0	0	3
351	58278	0	2.06555494	10.0820613	10.1568811	10.0198924	10.3183437	0.0249737114	0.999980956	0	100	0	0	3
352	58280	0	2.07143971	10.0681982	10.1556481	10.0198924	10.3183437	0.0249737114	0.999980956	0	100	0	0	3
353	58283	0	2.07732449	10.0320952	10.1541277	10.0198924	10.3183437	0.0249737114	0.999980956	0	100	0	0	3
354	58285	0	2.08320926	9.9807601	10.1521851	9.9807601	10.3183437	0.0266528505	0.999980956	0	100	0	0	3
355	58288	0	2.08909403	9.96230279	10.1499527	9.96230279	10.3183437	0.0288852123	0.999980956	0	100	0	0	3
356	58290	0	2.0949788	9.99200142	10.1477728	9.96230279	10.3183437	0.0310651698	0.999980956	0	100	0	0	3
357	58293	0	2.10086357	9.97401966	10.1456027	9.96230279	10.3183437	0.0322711863	0.999980956	0	100	0	0	3
358	58295	0	2.10674834	10.002963	10.1443319	9.96230279	10.3183437	0.0325324109	0.999980956	0	100	0	0	3
359	58298	0	2.11263312	10.0243204	10.1433307	9.96230279	10.3183437	0.0313640957	0.999980956	0	100	0	0	3
360	58300	0	2.11851789	10.0604995	10.1430269	9.96230279	10.3183437	0.0297051864	0.999980956	0	100	0	0	3
361	58303	0	2.12440266	10.1088397	10.1432661	9.96230279	10.3183437	0.0269103736	0.999980956	0	100	0	0	3
362	58306	0	2.13028743	10.113545	10.1442224	9.96230279	10.3183437	0.0244699789	0.999980956	0	100	0	0	3
363	58308	0	2.1361722	10.1028325	10.1451981	9.96230279	10.3183437	0.0241159245	0.999980956	0	100	0	0	3
364	58311	0	2.14205698	10.1202038	10.1463078	9.96230279	10.3183437	0.0241159245	0.999980956	0	100	0	0	3
365	58314	0	2.14794175	10.1882958	10.1479757	9.96230279	10.3183437	0.0241159245	0.999980956	0	100	0	0	3
366	58316	0	2.15382652	10.2186816	10.1501855	9.96230279	10.3183437	0.0241159245	0.999980956	0	100	0	0	3
367	58319	0	2.15971129	10.2243121	10.1522249	9.96230279	10.3183437	0.0241159245	0.999980956	0	100	0	0	3
368	58321	0	2.16559606	10.1890659	10.1538433	9.96230279	10.3183437	0.0241159245	0.999980956	0	100	0	0	3
369	58324	0	2.17148084	10.2062953	10.1558195	9.96230279	10.3183437	0.0241159245	0.999980956	0	100	0	0	3
370	58327	0	2.17736561	10.2601861	10.1583447	9.96230279	10.3183437	0.0241159245	0.999980956	0	100	0	0	3
371	58329	0	2.18325038	10.3104196	10.161472	9.96230279	10.3183437	0.0241159245	0.999980956	0	100	0	0	3
372	58332	0	2.18913515	10.3030934	10.1644657	9.96230279	10.3183437	0.0241159245	0.999980956	0	100	0	0	3
373	58335	0	2.19501992	10.3178001	10.167288	9.96230279	10.3183437	0.0242610652	0.999980956	0	100	0	0	3
374	58337	0	2.2009047	10.31564	10.1698984	9.96230279	10.3183437	0.0268714788	0.999980956	0	100	0	0	3
375	58340	0	2.20678947	10.318221	10.171832	9.96230279	10.3183437	0.0288050955	0.999980956	0	100	0	0	3
376	58342	0	2.21267424	10.3428114	10.1740468	9.96230279	10.3428114	0.0310198751	0.999980956	0	100	0	0	3
377	58344	0	2.21855901	10.3932275	10.1763311	9.96230279	10.3932275	0.0333042477	0.999980956	0	100	0	0	3
378	58347	0	2.22444378	10.3722023	10.179033	9.96230279	10.3932275	0.0360061211	0.999980956	0	100	0	0	3
379	58349	0	2.23032855	10.3256143	10.1812076	9.96230279	10.3932275	0.0381807225	0.999980956	0	100	0	0	3
380	58352	0	2.23621333	10.3167772	10.183191	9.96230279	10.3932275	0.040164075	0.999980956	0	100	0	0	3
381	58354	0	2.2420981	10.3063338	10.184826	9.96230279	10.3932275	0.0417991425	0.999980956	0	100	0	0	3
382	58357	0	2.24798287	10.2722695	10.1853887	9.96230279	10.3932275	0.0423617665	0.999980956	0	100	0	0	3
383	58359	0	2.25386764	10.1997271	10.185685	9.96230279	10.3932275	0.0426581397	0.999980956	0	100	0	0	3
384	58362	0	2.25975241	10.2004269	10.1856975	9.96230279	10.3932275	0.0426706175	0.999980956	0	100	0	0	3
385	58365	0	2.26563719	10.2105562	10.1858383	9.96230279	10.3932275	0.0428114056	0.999980956	0	100	0	0	3
386	58368	0	2.27152196	10.1945403	10.1863938	9.96230279	10.3932275	0.0433669516	0.999980956	0	100	0	0	3
387	58371	0	2.27740673	10.182684	10.1870791	9.96230279	10.3932275	0.0440521591	0.999980956	0	100	0	0	3
388	58373	0	2.2832915	10.187872	10.187954	9.96230279	10.3932275	0.0449271318	0.999980956	0	100	0	0	3
389	58376	0	2.28917627	10.1550873	10.1881619	9.96230279	10.3932275	0.045134974	0.999980956	0	100	0	0	3
390	58379	0	2.29506105	10.1788095	10.1881928	9.96230279	10.3932275	0.0451659379	0.999980956	0	100	0	0	3
391	58381	0	2.30094582	10.0764401	10.1864294	9.96230279	10.3932275	0.0451659379	0.999980956	0	100	0	0	3
392	58384	0	2.30683059	10.0911225	10.1846183	9.96230279	10.3932275	0.0451659379	0.999980956	0	100	0	0	3
393	58387	0	2.31271536	10.0640043	10.1820798	9.96230279	10.3932275	0.0451659379	0.999980956	0	100	0	0	3
394	58390	0	2.31860013	10.0223098	10.1791515	9.96230279	10.3932275	0.0451659379	0.999980956	0	100	0	0	3
395	58392	0	2.32448491	10.0057924	10.1759258	9.96230279	10.3932275	0.0451659379	0.999980956	0	100	0	0	3
396	58395	0	2.33036968	10.0153432	10.1723611	9.96230279	10.3932275	0.0451659379	0.999980956	0	100	0	0	3
397	58397	0	2.33625445	10.0307187	10.1694087	9.96230279	10.3932275	0.0451659379	0.999980956	0	100	0	0	3
398	58400	0	2.34213922	10.0798462	10.1678608	9.96230279	10.3932275	0.0451659379	0.999980956	0	100	0	0	3
399	58402	0	2.34802399	10.0638977	10.1656978	9.96230279	10.3932275	0.0451659379	0.999980956	0	100	0	0	3
400	58405	0	2.35390876	10.0532921	10.1634747	9.96230279	10.3932275	0.0451659379	0.999980956	0	100	0	0	3
401	58412	0	2.35979354	10.0640981	10.1612126	9.96230279	10.3932275	0.0451659379	0.999980956	0	100	0	0	3
402	58415	0	2.36567831	10.1213245	10.1599865	9.96230279	10.3932275	0.0451659379	0.999980956	0	100	0	0	3
403	58418	0	2.37156308	10.0972759	10.1588323	9.96230279	10.3932275	0.0451659379	0.999980956	0	100	0	0	3
404	58420	0	2.37744785	10.1484453	10.1588582	9.96230279	10.3932275	0.0451659379	0.999980956	0	100	0	0	3
405	58423	0	2.38333262	10.1399011	10.1587874	9.96230279	10.3932275	0.0451659379	0.999980956	0	100	0	0	3
406	58426	0	2.3892174	10.1170393	10.1585843	9.96230279	10.3932275	0.0451659379	0.999980956	0	100	0	0	3
407	58428	0	2.39510217	10.1004988	10.158427	9.96230279	10.3932275	0.0451659379	0.999980956	0	100	0	0	3
408	58431	0	2.40098694	10.13955	10.1590194	9.96230279	10.3932275	0.0451659379	0.999980956	0	100	0	0	3
409	58433	0	2.40687171	10.1211318	10.1592776	9.96230279	10.3932275	0.0451659379	0.999980956	0	100	0	0	3
410	58436	0	2.41275648	10.1469007	10.1599456	9.96230279	10.3932275	0.0451659379	0.999980956	0	100	0	0	3
411	58438	0	2.41864126	10.0864743	10.1599041	9.96230279	10.3932275	0.0451659379	0.999980956	0	100	0	0	3
412	58441	0	2.42452603	10.1381169	10.160232	9.96230279	10.3932275	0.0451659379	0.999980956	0	100	0	0	3
413	58443	0	2.4304108	10.1510566	10.1601146	9.96230279	10.3932275	0.0451659379	0.999980956	0	100	0	0	3
414	58446	0	2.43629557	10.1685868	10.1599027	9.96230279	10.3932275	0.0451659379	0.999980956	0	100	0	0	3
415	58448	0	2.44218034	10.1654899	10.1591954	9.96230279	10.3932275	0.0451659379	0.999980956	0	100	0	0	3
416	58450	0	2.44806512	10.189448	10.1588836	9.96230279	10.3932275	0.0451659379	0.999980956	0	100	0	0	3
417	58453	0	2.45394989	10.2092151	10.1581462	9.96230279	10.3932275	0.0451659379	0.999980956	0	100	0	0	3
418	58455	0	2.45983466	10.2418997	10.1582724	9.96230279	10.3932275	0.0451659379	0.999980956	0	100	0	0	3
419	58457	0	2.46571943	10.2348596	10.157882	9.96230279	10.3932275	0.0451659379	0.999980956	0	100	0	0	3
420	58460	0	2.4716042	10.2311848	10.157785	9.96230279	10.3932275	0.0451659379	0.999980956	0	100	0	0	3
421	58463	0	2.47748898	10.2304007	10.1574697	9.96230279	10.3932275	0.0451659379	0.999980956	0	100	0	0	3
422	58465	0	2.48337375	10.2807601	10.157879	9.96230279	10.3932275	0.0451659379	0.999980956	0	100	0	0	3
423	58467	0	2.48925852	10.3159927	10.1587608	9.96230279	10.3932275	0.0451659379	0.999980956	0	100	0	0	3
424	58470	0	2.49514329	10.3233621	10.1601065	9.96230279	10.3932275	0.0451659379	0.999980956	0	100	0	0	3
425	58473	0	2.50102806	10.3345853	10.1611482	9.96230279	10.3932275	0.0451659379	0.999980956	0	100	0	0	3
426	58475	0	2.50691283	10.3474771	10.1629301	9.96230279	10.3932275	0.0451659379	0.999980956	0	100	0	0	3
427	58478	0	2.51279761	10.3292199	10.1644159	9.96230279	10.3932275	0.0451659379	0.999980956	0	100	0	0	3
428	58480	0	2.51868238	10.3650021	10.1667415	9.96230279	10.3932275	0.0451659379	0.999980956	0	100	0	0	3
429	58483	0	2.52456715	10.3635837	10.1695256	9.96230279	10.3932275	0.0451659379	0.999980956	0	100	0	0	3
430	58485	0	2.53045192	10.3857817	10.1725004	9.96230279	10.3932275	0.0451659379	0.999980956	0	100	0	0	3
431	58488	0	2.53633669	10.3616774	10.1749145	9.96230279	10.3932275	0.0451659379	0.999980956	0	100	0	0	3
432	58490	0	2.54222147	10.3752879	10.1777782	9.96230279	10.3932275	0.0451659379	0.999980956	0	100	0	0	3
433	58493	0	2.54810624	10.3411826	10.1808171	9.96230279	10.3932275	0.0451659379	0.999980956	0	100	0	0	3
434	58495	0	2.55399101	10.3442068	10.1838482	9.96230279	10.3932275	0.0451659379	0.999980956	0	100	0	0	3
435	58498	0	2.55987578	10.3136442	10.1863885	9.96230279	10.3932275	0.0451659379	0.999980956	0	100	0	0	3
436	58500	0	2.56576055	10.2575521	10.1884531	9.96230279	10.3932275	0.0454261844	0.999980956	0	100	0	0	3
437	58503	0	2.57164533	10.2276551	10.190329	9.96230279	10.3932275	0.0473021487	0.999980956	0	100	0	0	3
438	58505	0	2.5775301	10.2356929	10.1927243	9.96230279	10.3932275	0.049697416	0.999980956	0	100	0	0	3
439	58508	0	2.58341487	10.2542065	10.1959413	9.96230279	10.3932275	0.0529144324	0.999980956	0	100	0	0	3
440	58510	0	2.58929964	10.25405	10.1993736	9.97401966	10.3932275	0.0563467527	0.999980956	0	100	0	0	3
441	58513	0	2.59518441	10.2742611	10.2026944	9.97401966	10.3932275	0.0596674554	0.999980956	0	100	0	0	3
442	58516	0	2.60106919	10.2509396	10.2059522	10.002963	10.3932275	0.0629253374	0.999980956	0	100	0	0	3
443	58518	0	2.60695396	10.2556793	10.2089254	10.0057924	10.3932275	0.0658984697	0.999980956	0	100	0	0	3
444	58521	0	2.61283873	10.2492092	10.2115711	10.0057924	10.3932275	0.0685442207	0.999980956	0	100	0	0	3
445	58523	0	2.6187235	10.2006533	10.21322	10.0057924	10.3932275	0.0699539015	0.999980956	0	100	0	0	3
446	58526	0	2.62460827	10.221014	10.2145397	10.0057924	10.3932275	0.0703173089	0.999980956	0	100	0	0	3
447	58529	0	2.63049304	10.1952332	10.2155007	10.0057924	10.3932275	0.0703025803	0.999980956	0	100	0	0	3
448	58531	0	2.63637782	10.1895265	10.2165206	10.0057924	10.3932275	0.0702128486	0.999980956	0	100	0	0	3
449	58534	0	2.64226259	10.1909426	10.2173529	10.0057924	10.3932275	0.0693771503	0.999980956	0	100	0	0	3
450	58536	0	2.64814736	10.2033911	10.2175305	10.0057924	10.3932275	0.0673449803	0.999980956	0	100	0	0	3
451	58539	0	2.65403213	10.171512	10.2169755	10.0057924	10.3932275	0.0653055213	0.999980956	0	100	0	0	3
452	58542	0	2.6599169	10.2087537	10.2167925	10.0057924	10.3932275	0.0636871261	0.999980956	0	100	0	0	3
453	58544	0	2.66580168	10.1437914	10.2162598	10.0057924	10.3932275	0.0617109228	0.999980956	0	100	0	0	3
454	58547	0	2.67168645	10.1686533	10.215817	10.0057924	10.3932275	0.0600607383	0.999980956	0	100	0	0	3
455	58549	0	2.67757122	10.1644479	10.2146907	10.0057924	10.3932275	0.0600607383	0.999980956	0	100	0	0	3
456	58552	0	2.68345599	10.1660367	10.212992	10.0057924	10.3932275	0.0600607383	0.999980956	0	100	0	0	3
457	58554	0	2.68934076	10.1489815	10.211179	10.0057924	10.3932275	0.0600607383	0.999980956	0	100	0	0	3
458	58557	0	2.69522554	10.138159	10.2090655	10.0057924	10.3932275	0.0600607383	0.999980956	0	100	0	0	3
459	58559	0	2.70111031	10.1152815	10.2067084	10.0057924	10.3932275	0.0600607383	0.999980956	0	100	0	0	3
460	58562	0	2.70699508	10.1698193	10.2049625	10.0057924	10.3932275	0.0600607383	0.999980956	0	100	0	0	3
461	58564	0	2.71287985	10.1514208	10.2027108	10.0057924	10.3932275	0.0600607383	0.999980956	0	100	0	0	3
462	58566	0	2.71876462	10.1774832	10.2001727	10.0057924	10.3857817	0.0600607383	0.999980956	0	100	0	0	3
463	58569	0	2.7246494	10.1692728	10.1977852	10.0057924	10.3857817	0.0600607383	0.999980956	0	100	0	0	3
464	58571	0	2.73053417	10.1752409	10.1960161	10.0057924	10.3857817	0.0600607383	0.999980956	0	100	0	0	3
465	58574	0	2.73641894	10.1814449	10.194424	10.0057924	10.3857817	0.0600607383	0.999980956	0	100	0	0	3
466	58576	0	2.74230371	10.1798713	10.1929362	10.0057924	10.3857817	0.0600607383	0.999980956	0	100	0	0	3
467	58579	0	2.74818848	10.1430475	10.191416	10.0057924	10.3857817	0.0600607383	0.999980956	0	100	0	0	3
468	58581	0	2.75407326	10.1522258	10.1908571	10.0057924	10.3857817	0.0600607383	0.999980956	0	100	0	0	3
469	58584	0	2.75995803	10.1532401	10.190302	10.0057924	10.3857817	0.0600607383	0.999980956	0	100	0	0	3
470	58587	0	2.7658428	10.2367846	10.1906105	10.0057924	10.3857817	0.0600607383	0.999980956	0	100	0	0	3
471	58589	0	2.77172757	10.188985	10.1905452	10.0057924	10.3857817	0.0600607383	0.999980956	0	100	0	0	3
472	58592	0	2.77761234	10.1985288	10.1907316	10.0057924	10.3857817	0.0600607383	0.999980956	0	100	0	0	3
473	58594	0	2.78349711	10.160928	10.1904146	10.0057924	10.3857817	0.0600607383	0.999980956	0	100	0	0	3
474	58596	0	2.78938189	10.1605609	10.190479	10.0057924	10.3857817	0.0600607383	0.999980956	0	100	0	0	3
475	58599	0	2.79526666	10.1508867	10.1901505	10.0057924	10.3857817	0.0600607383	0.999980956	0	100	0	0	3
476	58601	0	2.80115143	10.190748	10.1914953	10.0057924	10.3857817	0.0600607383	0.999980956	0	100	0	0	3
477	58603	0	2.8070362	10.2370097	10.1932116	10.0057924	10.3857817	0.0600607383	0.999980956	0	100	0	0	3
478	58606	0	2.81292097	10.2548896	10.1954573	10.0057924	10.3857817	0.0600607383	0.999980956	0	100	0	0	3
479	58608	0	2.81880575	10.2951033	10.1986667	10.0057924	10.3857817	0.0600607383	0.999980956	0	100	0	0	3
480	58611	0	2.82469052	10.2913106	10.2020257	10.0153432	10.3857817	0.0600607383	0.999980956	0	100	0	0	3
481	58613	0	2.83057529	10.2718258	10.2050431	10.0307187	10.3857817	0.0600607383	0.999980956	0	100	0	0	3
482	58616	0	2.83646006	10.2720018	10.2078818	10.0532921	10.3857817	0.0600607383	0.999980956	0	100	0	0	3
483	58618	0	2.84234483	10.2806141	10.2102437	10.0532921	10.3857817	0.0600607383	0.999980956	0	100	0	0	3
484	58620	0	2.84822961	10.316812	10.2132192	10.0532921	10.3857817	0.0600607383	0.999980956	0	100	0	0	3
485	58623	0	2.85411438	10.2995293	10.2161161	10.0640981	10.3857817	0.0600607383	0.999980956	0	100	0	0	3
486	58625	0	2.85999915	10.3169941	10.2190914	10.0864743	10.3857817	0.0616216374	0.999980956	0	100	0	0	3
487	58628	0	2.86588392	10.3152127	10.2213724	10.0864743	10.3857817	0.0639026749	0.999980956	0	100	0	0	3
488	58631	0	2.87176869	10.3336211	10.2241529	10.0864743	10.3857817	0.0666832064	0.999980956	0	100	0	0	3
489	58633	0	2.87765347	10.3673061	10.2267278	10.0864743	10.3857817	0.0692580388	0.999980956	0	100	0	0	3
490	58636	0	2.88353824	10.4206829	10.2300311	10.0864743	10.4206829	0.0725613545	0.999980956	0	100	0	0	3
491	58638	0	2.88942301	10.3934812	10.2332833	10.0864743	10.4206829	0.0758136116	0.999980956	0	100	0	0	3
492	58641	0	2.89530778	10.331219	10.2359977	10.0864743	10.4206829	0.0785279664	0.999980956	0	100	0	0	3
493	58643	0	2.90119255	10.2480661	10.2372744	10.0864743	10.4206829	0.0798046271	0.999980956	0	100	0	0	3
494	58646	0	2.90707732	10.1912811	10.2380996	10.0864743	10.4206829	0.0806299125	0.999980956	0	100	0	0	3
495	58649	0	2.9129621	10.1929638	10.2386416	10.0864743	10.4206829	0.0811718321	0.999980956	0	100	0	0	3
496	58651	0	2.91884687	10.1754061	10.2396878	10.1152815	10.4206829	0.0822180897	0.999980956	0	100	0	0	3
497	58654	0	2.92473164	10.1959554	10.2403683	10.1152815	10.4206829	0.0828985428	0.999980956	0	100	0	0	3
498	58656	0	2.93061641	10.1419219	10.2402608	10.1152815	10.4206829	0.0828985428	0.999980956	0	100	0	0	3
499	58659	0	2.93650118	10.1308374	10.2398167	10.1152815	10.4206829	0.0828985428	0.999980956	0	100	0	0	3
500	58661	0	2.94238596	10.089818	10.2389264	10.089818	10.4206829	0.0828985428	0.999980956	0	100	0	0	3
501	58668	0	2.94827073	10.1054857	10.2379386	10.089818	10.4206829	0.0828985428	0.999980956	0	100	0	0	3
502	58671	0	2.9541555	10.0481633	10.2360439	10.0481633	10.4206829	0.0828985428	0.999980956	0	100	0	0	3
503	58673	0	2.96004027	10.0434855	10.2337096	10.0434855	10.4206829	0.0828985428	0.999980956	0	100	0	0	3
504	58676	0	2.96592504	10.098607	10.2321067	10.0434855	10.4206829	0.0828985428	0.999980956	0	100	0	0	3
505	58678	0	2.97180982	10.1410274	10.231046	10.0434855	10.4206829	0.0828985428	0.999980956	0	100	0	0	3
506	58680	0	2.97769459	10.15212	10.230125	10.0434855	10.4206829	0.0824892844	0.999980956	0	100	0	0	3
507	58683	0	2.98357936	10.1841887	10.2289889	10.0434855	10.4206829	0.081607476	0.999980956	0	100	0	0	3
508	58685	0	2.98946413	10.2238494	10.2279049	10.0434855	10.4206829	0.0802618161	0.999980956	0	100	0	0	3
509	58688	0	2.9953489	10.2584118	10.2271407	10.0434855	10.4206829	0.0792200824	0.999980956	0	100	0	0	3
510	58690	0	3.00123368	10.2960571	10.2266875	10.0434855	10.4206829	0.0774381298	0.999980956	0	100	0	0	3
511	58693	0	3.00711845	10.3219084	10.2263867	10.0434855	10.4206829	0.0759523725	0.999980956	0	100	0	0	3
512	58695	0	3.01300322	10.3564259	10.2267067	10.0434855	10.4206829	0.0736267674	0.999980956	0	100	0	0	3
513	58698	0	3.01888799	10.3560442	10.2266013	10.0434855	10.4206829	0.0708426434	0.999980956	0	100	0	0	3
514	58700	0	3.02477276	10.3664458	10.226635	10.0434855	10.4206829	0.0678678772	0.999980956	0	100	0	0	3
515	58703	0	3.03065753	10.3665522	10.2264088	10.0434855	10.4206829	0.0654537953	0.999980956	0	100	0	0	3
516	58705	0	3.03654231	10.3643522	10.2264402	10.0434855	10.4206829	0.0625900435	0.999980956	0	100	0	0	3
517	58708	0	3.04242708	10.3535224	10.2261842	10.0434855	10.4206829	0.0595512164	0.999980956	0	100	0	0	3
518	58711	0	3.04831185	10.3038167	10.2257446	10.0434855	10.4206829	0.0565201127	0.999980956	0	100	0	0	3
519	58713	0	3.05419662	10.2302701	10.2244042	10.0434855	10.4206829	0.0539797841	0.999980956	0	100	0	0	3
520	58716	0	3.06008139	10.2542219	10.2237051	10.0434855	10.4206829	0.0519151871	0.999980956	0	100	0	0	3
521	58718	0	3.06596617	10.1415113	10.2223399	10.0434855	10.4206829	0.0502177668	0.999980956	0	100	0	0	3
522	58721	0	3.07185094	10.1194497	10.2210669	10.0434855	10.4206829	0.0502177668	0.999980956	0	100	0	0	3
523	58723	0	3.07773571	10.1074473	10.2195581	10.0434855	10.4206829	0.0502177668	0.999980956	0	100	0	0	3
524	58726	0	3.08362048	10.1090371	10.2178502	10.0434855	10.4206829	0.0502177668	0.999980956	0	100	0	0	3
525	58729	0	3.08950525	10.1121613	10.216181	10.0434855	10.4206829	0.0502177668	0.999980956	0	100	0	0	3
526	58731	0	3.09539003	10.1210619	10.2143786	10.0434855	10.4206829	0.0502177668	0.999980956	0	100	0	0	3
527	58734	0	3.1012748	10.1082848	10.2127003	10.0434855	10.4206829	0.0502177668	0.999980956	0	100	0	0	3
528	58736	0	3.10715957	10.132527	10.2112515	10.0434855	10.4206829	0.0502177668	0.999980956	0	100	0	0	3
529	58739	0	3.11304434	10.1600929	10.210203	10.0434855	10.4206829	0.0502177668	0.999980956	0	100	0	0	3
530	58742	0	3.11892911	10.1863081	10.2100343	10.0434855	10.4206829	0.0502177668	0.999980956	0	100	0	0	3
531	58744	0	3.12481389	10.2204054	10.2100271	10.0434855	10.4206829	0.0502177668	0.999980956	0	100	0	0	3
532	58747	0	3.13069866	10.2028796	10.2101171	10.0434855	10.4206829	0.0502177668	0.999980956	0	100	0	0	3
533	58750	0	3.13658343	10.1919918	10.2101461	10.0434855	10.4206829	0.0502177668	0.999980956	0	100	0	0	3
534	58752	0	3.1424682	10.1980649	10.2102299	10.0434855	10.4206829	0.0502177668	0.999980956	0	100	0	0	3
535	58755	0	3.14835297	10.2025259	10.2102197	10.0434855	10.4206829	0.0502177668	0.999980956	0	100	0	0	3
536	58757	0	3.15423775	10.2293248	10.2108998	10.0434855	10.4206829	0.0502177668	0.999980956	0	100	0	0	3
537	58760	0	3.16012252	10.2129255	10.2109489	10.0434855	10.4206829	0.0502177668	0.999980956	0	100	0	0	3
538	58762	0	3.16600729	10.2292728	10.2119546	10.0434855	10.4206829	0.0502177668	0.999980956	0	100	0	0	3
539	58765	0	3.17189206	10.2240445	10.2126062	10.0434855	10.4206829	0.0502177668	0.999980956	0	100	0	0	3
540	58768	0	3.17777683	10.2186464	10.2132439	10.0434855	10.4206829	0.0502177668	0.999980956	0	100	0	0	3
541	58770	0	3.1836616	10.2293191	10.2139884	10.0434855	10.4206829	0.0502177668	0.999980956	0	100	0	0	3
542	58772	0	3.18954638	10.249173	10.2151671	10.0434855	10.4206829	0.0502177668	0.999980956	0	100	0	0	3
543	58775	0	3.19543115	10.2363763	10.2163226	10.0434855	10.4206829	0.0502177668	0.999980956	0	100	0	0	3
544	58777	0	3.20131592	10.2644006	10.2180769	10.0434855	10.4206829	0.0502177668	0.999980956	0	100	0	0	3
545	58780	0	3.20720069	10.2521198	10.2190452	10.0434855	10.4206829	0.0502177668	0.999980956	0	100	0	0	3
546	58782	0	3.21308546	10.2576132	10.2202945	10.0434855	10.4206829	0.0502177668	0.999980956	0	100	0	0	3
547	58785	0	3.21897024	10.2283647	10.2208931	10.0434855	10.4206829	0.0502177668	0.999980956	0	100	0	0	3
548	58788	0	3.22485501	10.2052168	10.221316	10.0434855	10.4206829	0.0502177668	0.999980956	0	100	0	0	3
549	58790	0	3.23073978	10.2299849	10.22196	10.0434855	10.4206829	0.0502177668	0.999980956	0	100	0	0	3
550	58792	0	3.23662455	10.2351852	10.2225923	10.0434855	10.4206829	0.0502177668	0.999980956	0	100	0	0	3
551	58795	0	3.24250932	10.2502211	10.2234199	10.0434855	10.4206829	0.0502177668	0.999980956	0	100	0	0	3
552	58797	0	3.2483941	10.2792546	10.2250223	10.0434855	10.4206829	0.0502177668	0.999980956	0	100	0	0	3
553	58800	0	3.25427887	10.2649662	10.2263487	10.0434855	10.4206829	0.0502177668	0.999980956	0	100	0	0	3
554	58802	0	3.26016364	10.2814634	10.2278572	10.0434855	10.4206829	0.0502177668	0.999980956	0	100	0	0	3
555	58805	0	3.26604841	10.3361707	10.2290265	10.0434855	10.4206829	0.0502177668	0.999980956	0	100	0	0	3
556	58807	0	3.27193318	10.2498007	10.2297419	10.0434855	10.4206829	0.0502177668	0.999980956	0	100	0	0	3
557	58810	0	3.27781796	10.1976046	10.2297311	10.0434855	10.4206829	0.0502177668	0.999980956	0	100	0	0	3
558	58812	0	3.28370273	10.1998147	10.2301886	10.0434855	10.4206829	0.0502177668	0.999980956	0	100	0	0	3
559	58815	0	3.2895875	10.2215576	10.2309062	10.0434855	10.4206829	0.0502177668	0.999980956	0	100	0	0	3
560	58817	0	3.29547227	10.2358129	10.2319053	10.0434855	10.4206829	0.0488729677	0.999980956	0	100	0	0	3
561	58820	0	3.30135704	10.1963793	10.2319715	10.0434855	10.4206829	0.0471566472	0.999980956	0	100	0	0	3
562	58822	0	3.30724181	10.1994575	10.2315298	10.0434855	10.4206829	0.044910938	0.999980956	0	100	0	0	3
563	58825	0	3.31312659	10.1878645	10.2307412	10.0434855	10.4206829	0.0417016024	0.999980956	0	100	0	0	3
564	58828	0	3.31901136	10.1888285	10.2294909	10.0434855	10.4206829	0.0383425648	0.999980956	0	100	0	0	3
565	58830	0	3.32489613	10.2005444	10.2284231	10.0434855	10.4206829	0.0353251217	0.999980956	0	100	0	0	3
566	58833	0	3.3307809	10.209886	10.2276944	10.0434855	10.4206829	0.0324864972	0.999980956	0	100	0	0	3
567	58835	0	3.33666567	10.1806781	10.22662	10.0434855	10.4206829	0.0303411544	0.999980956	0	100	0	0	3
568	58838	0	3.34255045	10.2180211	10.2258836	10.0434855	10.4206829	0.0303411544	0.999980956	0	100	0	0	3
569	58840	0	3.34843522	10.2107846	10.2246362	10.0434855	10.4206829	0.0303411544	0.999980956	0	100	0	0	3
570	58843	0	3.35431999	10.1998336	10.2234633	10.0434855	10.4206829	0.0303411544	0.999980956	0	100	0	0	3
571	58846	0	3.36020476	10.1847713	10.2219078	10.0434855	10.4206829	0.0303411544	0.999980956	0	100	0	0	3
572	58848	0	3.36608953	10.2288951	10.2208923	10.0434855	10.4206829	0.0303411544	0.999980956	0	100	0	0	3
573	58851	0	3.37197431	10.232838	10.2197066	10.0434855	10.4206829	0.0303411544	0.999980956	0	100	0	0	3
574	58853	0	3.37785908	10.2381094	10.2181866	10.0434855	10.4206829	0.0303411544	0.999980956	0	100	0	0	3
575	58856	0	3.38374385	10.2333453	10.2159827	10.0434855	10.3934812	0.0303411544	0.999980956	0	100	0	0	3
576	58858	0	3.38962862	10.2560059	10.2143653	10.0434855	10.3665522	0.0303411544	0.999980956	0	100	0	0	3
577	58861	0	3.39551339	10.2385048	10.2132745	10.0434855	10.3665522	0.0303411544	0.999980956	0	100	0	0	3
578	58864	0	3.40139817	10.2227937	10.2129772	10.0434855	10.3665522	0.0303411544	0.999980956	0	100	0	0	3
579	58866	0	3.40728294	10.1917939	10.2129833	10.0434855	10.3665522	0.0303411544	0.999980956	0	100	0	0	3
580	58869	0	3.41316771	10.1745619	10.2127668	10.0434855	10.3665522	0.0303411544	0.999980956	0	100	0	0	3
581	58871	0	3.41905248	10.1993244	10.2130481	10.0434855	10.3665522	0.0303411544	0.999980956	0	100	0	0	3
582	58874	0	3.42493725	10.1707767	10.2127519	10.0434855	10.3665522	0.0302336879	0.999980956	0	100	0	0	3
583	58877	0	3.43082202	10.1233187	10.2125331	10.0434855	10.3665522	0.0297895767	0.999980956	0	100	0	0	3
584	58879	0	3.4367068	10.0873673	10.2120217	10.0434855	10.3665522	0.0288993182	0.999980956	0	100	0	0	3
585	58881	0	3.44259157	10.0264658	10.2112763	10.0264658	10.3665522	0.0279115266	0.999980956	0	100	0	0	3
586	58884	0	3.44847634	10.0157314	10.2102204	10.0157314	10.3665522	0.0260168	0.999980956	0	100	0	0	3
587	58886	0	3.45436111	10.0279653	10.2099828	10.0157314	10.3665522	0.0237268503	0.999980956	0	100	0	0	3
588	58889	0	3.46024588	10.0026834	10.2095028	10.0026834	10.3665522	0.0226039026	0.999980956	0	100	0	0	3
589	58891	0	3.46613066	10.009181	10.2084507	10.0026834	10.3665522	0.0235208594	0.999980956	0	100	0	0	3
590	58893	0	3.47201543	9.96453779	10.2063743	9.96453779	10.3665522	0.0255972075	0.999980956	0	100	0	0	3
591	58896	0	3.4779002	10.0173801	10.2047892	9.96453779	10.3665522	0.0271823835	0.999980956	0	100	0	0	3
592	58898	0	3.48378497	10.0462632	10.2031665	9.96453779	10.3665522	0.0288050373	0.999980956	0	100	0	0	3
593	58901	0	3.48966974	10.0441793	10.2010527	9.96453779	10.3665522	0.0309188028	0.999980956	0	100	0	0	3
594	58904	0	3.49555452	10.1075171	10.1992775	9.96453779	10.3665522	0.0326940353	0.999980956	0	100	0	0	3
595	58906	0	3.50143929	10.0891963	10.1968439	9.96453779	10.3665522	0.0351276916	0.999980956	0	100	0	0	3
596	58909	0	3.50732406	10.1736695	10.1950999	9.96453779	10.3665522	0.0368716786	0.999980956	0	100	0	0	3
597	58911	0	3.51320883	10.2069256	10.193341	9.96453779	10.3665522	0.0386305056	0.999980956	0	100	0	0	3
598	58914	0	3.5190936	10.1916354	10.1914068	9.96453779	10.3665522	0.040564726	0.999980956	0	100	0	0	3
599	58916	0	3.52497838	10.1550364	10.1889196	9.96453779	10.3665522	0.0430518955	0.999980956	0	100	0	0	3
600	58919	0	3.53086315	10.1891381	10.1868324	9.96453779	10.3643522	0.0451391206	0.999980956	0	100	0	0	3
601	58926	0	3.53674792	10.2188569	10.1851207	9.96453779	10.3535224	0.0468508292	0.999980956	0	100	0	0	3
602	58928	0	3.54263269	10.2610913	10.1840333	9.96453779	10.3361707	0.0479382531	0.999980956	0	100	0	0	3
603	58931	0	3.54851746	10.3052586	10.1840503	9.96453779	10.3361707	0.0479382531	0.999980956	0	100	0	0	3
604	58933	0	3.55440224	10.2619006	10.1844224	9.96453779	10.3361707	0.0479382531	0.999980956	0	100	0	0	3
605	58936	0	3.56028701	10.3078487	10.1850533	9.96453779	10.3361707	0.0479382531	0.999980956	0	100	0	0	3
606	58938	0	3.56617178	10.3130115	10.1870709	9.96453779	10.3361707	0.0479382531	0.999980956	0	100	0	0	3
607	58941	0	3.57205655	10.3297069	10.1895445	9.96453779	10.3361707	0.0479382531	0.999980956	0	100	0	0	3
608	58943	0	3.57794132	10.3337824	10.1922073	9.96453779	10.3361707	0.0479382531	0.999980956	0	100	0	0	3
609	58946	0	3.58382609	10.3043973	10.1945057	9.96453779	10.3361707	0.0479382531	0.999980956	0	100	0	0	3
610	58949	0	3.58971087	10.2849178	10.1965381	9.96453779	10.3361707	0.0479382531	0.999980956	0	100	0	0	3
611	58951	0	3.59559564	10.2968999	10.1986068	9.96453779	10.3361707	0.0479382531	0.999980956	0	100	0	0	3
612	58954	0	3.60148041	10.3143304	10.2010308	9.96453779	10.3361707	0.0479382531	0.999980956	0	100	0	0	3
613	58956	0	3.60736518	10.3064422	10.2030769	9.96453779	10.3361707	0.0479382531	0.999980956	0	100	0	0	3
614	58959	0	3.61324995	10.3148335	10.2048974	9.96453779	10.3361707	0.0479382531	0.999980956	0	100	0	0	3
615	58961	0	3.61913473	10.2919795	10.2061406	9.96453779	10.3361707	0.0479382531	0.999980956	0	100	0	0	3
616	58964	0	3.6250195	10.3108362	10.2072045	9.96453779	10.3361707	0.0479382531	0.999980956	0	100	0	0	3
617	58966	0	3.63090427	10.3452034	10.2088789	9.96453779	10.3452034	0.0479382531	0.999980956	0	100	0	0	3
618	58969	0	3.63678904	10.333702	10.210546	9.96453779	10.3452034	0.0479382531	0.999980956	0	100	0	0	3
619	58971	0	3.64267381	10.3468761	10.2122968	9.96453779	10.3468761	0.0479382531	0.999980956	0	100	0	0	3
620	58974	0	3.64855859	10.3035887	10.2134857	9.96453779	10.3468761	0.0479382531	0.999980956	0	100	0	0	3
621	58976	0	3.65444336	10.3035461	10.2143589	9.96453779	10.3468761	0.0479382531	0.999980956	0	100	0	0	3
622	58979	0	3.66032813	10.3045337	10.2154367	9.96453779	10.3468761	0.0479382531	0.999980956	0	100	0	0	3
623	58981	0	3.6662129	10.3216244	10.2165232	9.96453779	10.3468761	0.0479382531	0.999980956	0	100	0	0	3
624	58984	0	3.67209767	10.3203214	10.2176558	9.96453779	10.3468761	0.0479382531	0.999980956	0	100	0	0	3
625	58986	0	3.67798245	10.3514884	10.2192187	9.96453779	10.3514884	0.0479382531	0.999980956	0	100	0	0	3
626	58988	0	3.68386722	10.3675038	10.2208444	9.96453779	10.3675038	0.0479382531	0.999980956	0	100	0	0	3
627	58991	0	3.68975199	10.3875987	10.2224729	9.96453779	10.3875987	0.0479382531	0.999980956	0	100	0	0	3
628	58993	0	3.69563676	10.4039441	10.2244443	9.96453779	10.4039441	0.0479382531	0.999980956	0	100	0	0	3
629	58995	0	3.70152153	10.407784	10.2261312	9.96453779	10.407784	0.0479382531	0.999980956	0	100	0	0	3
630	58998	0	3.7074063	10.3637424	10.2274444	9.96453779	10.407784	0.0479382531	0.999980956	0	100	0	0	3
631	59000	0	3.71329108	10.3644693	10.2287015	9.96453779	10.407784	0.0479382531	0.999980956	0	100	0	0	3
632	59003	0	3.71917585	10.3106959	10.2296701	9.96453779	10.407784	0.0479382531	0.999980956	0	100	0	0	3
633	59005	0	3.72506062	10.2864213	10.2306255	9.96453779	10.407784	0.0479382531	0.999980956	0	100	0	0	3
634	59008	0	3.73094539	10.2393446	10.2307356	9.96453779	10.407784	0.0479382531	0.999980956	0	100	0	0	3
635	59011	0	3.73683016	10.1904208	10.2302089	9.96453779	10.407784	0.0479382531	0.999980956	0	100	0	0	3
636	59013	0	3.74271494	10.1483205	10.2290101	9.96453779	10.407784	0.0479382531	0.999980956	0	100	0	0	3
637	59016	0	3.74859971	10.0766573	10.2266266	9.96453779	10.407784	0.0479382531	0.999980956	0	100	0	0	3
638	59018	0	3.75448448	10.0835684	10.2244925	9.96453779	10.407784	0.0479382531	0.999980956	0	100	0	0	3
639	59021	0	3.76036925	10.0778953	10.2220976	9.96453779	10.407784	0.0479382531	0.999980956	0	100	0	0	3
640	59023	0	3.76625402	10.0658386	10.2189172	9.96453779	10.407784	0.0479382531	0.999980956	0	100	0	0	3
641	59026	0	3.7721388	10.0402749	10.2164522	9.96453779	10.407784	0.0479382531	0.999980956	0	100	0	0	3
642	59028	0	3.77802357	10.0596185	10.2148288	9.96453779	10.407784	0.0479382531	0.999980956	0	100	0	0	3
643	59031	0	3.78390834	10.0820654	10.2134435	9.96453779	10.407784	0.0479382531	0.999980956	0	100	0	0	3
644	59034	0	3.78979311	10.1055408	10.2120786	9.96453779	10.407784	0.0479382531	0.999980956	0	100	0	0	3
645	59036	0	3.79567788	10.1352323	10.2108953	9.96453779	10.407784	0.0479382531	0.999980956	0	100	0	0	3
646	59039	0	3.80156266	10.1456115	10.2102981	9.96453779	10.407784	0.0474964626	0.999980956	0	100	0	0	3
647	59041	0	3.80744743	10.1767718	10.2100312	9.96453779	10.407784	0.0467079319	0.999980956	0	100	0	0	3
648	59044	0	3.8133322	10.2189559	10.210397	9.96453779	10.407784	0.0467022767	0.999980956	0	100	0	0	3
649	59046	0	3.81921697	10.2215915	10.2107824	9.96453779	10.407784	0.0467022767	0.999980956	0	100	0	0	3
650	59049	0	3.82510174	10.2329269	10.2111634	9.96453779	10.407784	0.0467022767	0.999980956	0	100	0	0	3
651	59052	0	3.83098651	10.2311407	10.2114134	9.96453779	10.407784	0.0467022767	0.999980956	0	100	0	0	3
652	59054	0	3.83687129	10.2590253	10.2123352	9.96453779	10.407784	0.0467022767	0.999980956	0	100	0	0	3
653	59057	0	3.84275606	10.2648861	10.2128865	9.96453779	10.407784	0.0467022767	0.999980956	0	100	0	0	3
654	59059	0	3.84864083	10.2980808	10.2139135	9.96453779	10.407784	0.0467022767	0.999980956	0	100	0	0	3
655	59062	0	3.8545256	10.3080253	10.2151864	9.96453779	10.407784	0.0467022767	0.999980956	0	100	0	0	3
656	59064	0	3.86041037	10.3803214	10.217487	9.96453779	10.407784	0.0467022767	0.999980956	0	100	0	0	3
657	59067	0	3.86629515	10.3815807	10.2192833	9.96453779	10.407784	0.0467022767	0.999980956	0	100	0	0	3
658	59069	0	3.87217992	10.413019	10.221403	9.96453779	10.413019	0.0467022767	0.999980956	0	100	0	0	3
659	59072	0	3.87806469	10.3645253	10.2228903	9.96453779	10.413019	0.0467022767	0.999980956	0	100	0	0	3
660	59075	0	3.88394946	10.398235	10.2248302	9.96453779	10.413019	0.0467022767	0.999980956	0	100	0	0	3
661	59077	0	3.88983423	10.3775021	10.2262595	9.96453779	10.413019	0.0467022767	0.999980956	0	100	0	0	3
662	59080	0	3.89571901	10.3411128	10.2274667	9.96453779	10.413019	0.0467022767	0.999980956	0	100	0	0	3
663	59082	0	3.90160378	10.33905	10.2288344	9.96453779	10.413019	0.0467022767	0.999980956	0	100	0	0	3
664	59085	0	3.90748855	10.3388407	10.2305644	9.96453779	10.413019	0.0467022767	0.999980956	0	100	0	0	3
665	59088	0	3.91337332	10.312671	10.2321892	9.96453779	10.413019	0.0481558973	0.999980956	0	100	0	0	3
666	59090	0	3.91925809	10.3287838	10.2337122	9.96453779	10.413019	0.0496789496	0.999980956	0	100	0	0	3
667	59093	0	3.92514287	10.3164873	10.2354265	9.96453779	10.413019	0.0513931924	0.999980956	0	100	0	0	3
668	59095	0	3.93102764	10.3625573	10.2382411	9.96453779	10.413019	0.0542077641	0.999980956	0	100	0	0	3
669	59098	0	3.93691241	10.3739746	10.2416129	9.96453779	10.413019	0.0575796141	0.999980956	0	100	0	0	3
670	59100	0	3.94279718	10.3783253	10.2457524	9.96453779	10.413019	0.0617191377	0.999980956	0	100	0	0	3
671	59103	0	3.94868195	10.3725441	10.2499502	9.96453779	10.413019	0.0659169347	0.999980956	0	100	0	0	3
672	59105	0	3.95456673	10.2446143	10.252499	9.96453779	10.413019	0.0684657465	0.999980956	0	100	0	0	3
673	59108	0	3.9604515	10.2320524	10.2551975	9.96453779	10.413019	0.0711642049	0.999980956	0	100	0	0	3
674	59111	0	3.96633627	10.2300244	10.2577957	9.96453779	10.413019	0.0737623627	0.999980956	0	100	0	0	3
675	59113	0	3.97222104	10.2263265	10.2608755	10.0173801	10.413019	0.07684223	0.999980956	0	100	0	0	3
676	59116	0	3.97810581	10.2096536	10.2631376	10.0402749	10.413019	0.0791042714	0.999980956	0	100	0	0	3
677	59118	0	3.98399058	10.191901	10.2648509	10.0402749	10.413019	0.0808176578	0.999980956	0	100	0	0	3
678	59121	0	3.98987536	10.1719668	10.2663543	10.0402749	10.413019	0.0823210399	0.999980956	0	100	0	0	3
679	59124	0	3.99576013	10.1177005	10.2664741	10.0402749	10.413019	0.0824408454	0.999980956	0	100	0	0	3
680	59127	0	4.0016449	10.1290074	10.2669425	10.0402749	10.413019	0.0829092117	0.999980956	0	100	0	0	3
