Iteration	CPUTime	PhysTime	Travels	Value	AvValue	MinValue	MaxValue	Delta	Criteria	Progress	CriteriaType	CriteriaVarType	CriteriaPercentage
1	14	0	0.00588477191	4042.48166	4042.48166	4042.48166	4042.48166	0	0	0	0	0	0	3
2	18	0	0.0117695438	183.762813	2113.12224	183.762813	4042.48166	1929.35942	0	0	0	0	0	3
3	20	0	0.0176543157	51.6641939	1425.96955	51.6641939	4042.48166	2616.5121	0	0	0	0	0	3
4	23	0	0.0235390876	11.6261639	1072.38371	11.6261639	4042.48166	2970.09795	0	0	0	0	0	3
5	26	0	0.0294238596	27.9812184	863.503209	11.6261639	4042.48166	3178.97845	0	0	0	0	0	3
6	28	0	0.0353086315	14.6628102	722.029809	11.6261639	4042.48166	3320.45185	0	0	0	0	0	3
7	30	0	0.0411934034	22.7254035	622.12918	11.6261639	4042.48166	3420.35248	0	0	0	0	0	3
8	33	0	0.0470781753	16.0367639	546.367628	11.6261639	4042.48166	3496.11403	0	0	0	0	0	3
9	35	0	0.0529629472	18.5522679	487.721477	11.6261639	4042.48166	3554.76018	0	0	0	0	0	3
10	37	0	0.0588477191	14.4033478	440.389664	11.6261639	4042.48166	3602.09199	0	0	0	0	0	3
11	39	0	0.064732491	15.0593749	401.723274	11.6261639	4042.48166	3640.75838	0	0	0	0	0	3
12	41	0	0.0706172629	12.6273604	369.298615	11.6261639	4042.48166	3673.18304	0	0	0	0	0	3
13	44	0	0.0765020349	13.6787825	341.943243	11.6261639	4042.48166	3700.53841	0	0	0	0	0	3
14	46	0	0.0823868068	11.9035384	318.368978	11.6261639	4042.48166	3724.11268	0	0	0	0	0	3
15	48	0	0.0882715787	12.8050704	297.998051	11.6261639	4042.48166	3744.48361	0	0	0	0	0	3
16	50	0	0.0941563506	11.4951644	280.091621	11.4951644	4042.48166	3762.39004	0	0	0	0	0	3
17	52	0	0.100041123	12.2011482	264.333358	11.4951644	4042.48166	3778.1483	0	0	0	0	0	3
18	55	0	0.105925894	10.795155	250.247902	10.795155	4042.48166	3792.23376	0	0	0	0	0	3
19	57	0	0.111810666	12.0014573	237.708615	10.795155	4042.48166	3804.77304	0	0	0	0	0	3
20	59	0	0.117695438	10.3570123	226.341035	10.3570123	4042.48166	3816.14062	0	0	0	0	0	3
21	62	0	0.12358021	11.8400172	216.126701	10.3570123	4042.48166	3826.35496	0	0	0	0	0	3
22	64	0	0.129464982	10.0685877	206.760423	10.0685877	4042.48166	3835.72123	0	0	0	0	0	3
23	66	0	0.135349754	11.611293	198.275678	10.0685877	4042.48166	3844.20598	0	0	0	0	0	3
24	69	0	0.141234526	10.1254492	190.436085	10.0685877	4042.48166	3852.04557	0	0	0	0	0	3
25	71	0	0.147119298	11.1140006	183.263202	10.0685877	4042.48166	3859.21846	0	0	0	0	0	3
26	73	0	0.15300407	10.6885574	176.625716	10.0685877	4042.48166	3865.85594	0	0	0	0	0	3
27	76	0	0.158888842	10.9829303	170.490798	10.0685877	4042.48166	3871.99086	0	0	0	0	0	3
28	78	0	0.164773614	10.595931	164.780267	10.0685877	4042.48166	3877.70139	0	0	0	0	0	3
29	80	0	0.170658385	10.8098288	159.470941	10.0685877	4042.48166	3883.01072	0	0	0	0	0	3
30	82	0	0.176543157	11.0598895	154.523906	10.0685877	4042.48166	3887.95775	0	0	0	0	0	3
31	85	0	0.182427929	11.0836549	149.896801	10.0685877	4042.48166	3892.58486	0	0	0	0	0	3
32	87	0	0.188312701	10.9581024	145.554967	10.0685877	4042.48166	3896.92669	0	0	0	0	0	3
33	89	0	0.194197473	11.7119725	141.499119	10.0685877	4042.48166	3900.98254	0	0	0	0	0	3
34	92	0	0.200082245	12.3164589	137.699629	10.0685877	4042.48166	3904.78203	0	0	0	0	0	3
35	94	0	0.205967017	12.1038208	134.111177	10.0685877	4042.48166	3908.37048	0	0	0	0	0	3
36	96	0	0.211851789	12.7147215	130.739053	10.0685877	4042.48166	3911.7426	0	0	0	0	0	3
37	99	0	0.217736561	12.6504018	127.547468	10.0685877	4042.48166	3914.93419	0	0	0	0	0	3
38	101	0	0.223621333	12.4337759	124.51816	10.0685877	4042.48166	3917.9635	0	0	0	0	0	3
39	104	0	0.229506105	13.217106	121.664287	10.0685877	4042.48166	3920.81737	0	0	0	0	0	3
40	106	0	0.235390876	13.0554616	118.949067	10.0685877	4042.48166	3923.53259	0	0	0	0	0	3
41	109	0	0.241275648	13.4788225	116.376622	10.0685877	4042.48166	3926.10504	0	0	0	0	0	3
42	111	0	0.24716042	13.5052974	113.927304	10.0685877	4042.48166	3928.55435	0	0	0	0	0	3
43	114	0	0.253045192	13.2332421	111.585582	10.0685877	4042.48166	3930.89608	0	0	0	0	0	3
44	116	0	0.258929964	13.3091548	109.352027	10.0685877	4042.48166	3933.12963	0	0	0	0	0	3
45	119	0	0.264814736	13.226326	107.2159	10.0685877	4042.48166	3935.26576	0	0	0	0	0	3
46	121	0	0.270699508	13.4798706	105.17816	10.0685877	4042.48166	3937.3035	0	0	0	0	0	3
47	124	0	0.27658428	13.5623586	103.228888	10.0685877	4042.48166	3939.25277	0	0	0	0	0	3
48	127	0	0.282469052	13.6841845	101.363373	10.0685877	4042.48166	3941.11828	0	0	0	0	0	3
49	129	0	0.288353824	13.5664497	99.5715994	10.0685877	4042.48166	3942.91006	0	0	0	0	0	3
50	132	0	0.294238596	13.5213658	97.8505947	10.0685877	4042.48166	3944.63106	0	0	0	0	0	3
51	134	0	0.300123368	13.425311	96.195197	10.0685877	4042.48166	3946.28646	0	0	0	0	0	3
52	136	0	0.306008139	13.3595636	94.6022041	10.0685877	4042.48166	3947.87945	0	0	0	0	0	3
53	139	0	0.311892911	13.8957228	93.0794403	10.0685877	4042.48166	3949.40222	0	0	0	0	0	3
54	141	0	0.317777683	14.1650202	91.6180621	10.0685877	4042.48166	3950.86359	0	0	0	0	0	3
55	144	0	0.323662455	13.7446363	90.2021816	10.0685877	4042.48166	3952.27948	0	0	0	0	0	3
56	146	0	0.329547227	13.8053091	88.8379518	10.0685877	4042.48166	3953.64371	0	0	0	0	0	3
57	148	0	0.335431999	13.8762243	87.5228338	10.0685877	4042.48166	3954.95882	0	0	0	0	0	3
58	151	0	0.341316771	14.0567858	86.2561778	10.0685877	4042.48166	3956.22548	0	0	0	0	0	3
59	153	0	0.347201543	13.9352751	85.0303997	10.0685877	4042.48166	3957.45126	0	0	0	0	0	3
60	156	0	0.353086315	13.8647748	83.844306	10.0685877	4042.48166	3958.63735	0	0	0	0	0	3
61	159	0	0.358971087	13.9071164	82.6977947	10.0685877	4042.48166	3959.78386	0	0	0	0	0	3
62	161	0	0.364855859	14.0909186	81.5912322	10.0685877	4042.48166	3960.89042	0	0	0	0	0	3
63	164	0	0.37074063	14.0489153	80.5191319	10.0685877	4042.48166	3961.96253	0	0	0	0	0	3
64	166	0	0.376625402	14.0917069	79.4812034	10.0685877	4042.48166	3963.00045	0	0	0	0	0	3
65	169	0	0.382510174	13.8427237	78.4713806	10.0685877	4042.48166	3964.01028	0	0	0	0	0	3
66	172	0	0.388394946	14.0691617	77.4955894	10.0685877	4042.48166	3964.98607	0	0	0	0	0	3
67	174	0	0.394279718	14.116064	76.5496264	10.0685877	4042.48166	3965.93203	0	0	0	0	0	3
68	177	0	0.40016449	14.0259927	75.6301612	10.0685877	4042.48166	3966.8515	0	0	0	0	0	3
69	179	0	0.406049262	14.0308974	74.7374182	10.0685877	4042.48166	3967.74424	0	0	0	0	0	3
70	181	0	0.411934034	14.2105652	73.8727489	10.0685877	4042.48166	3968.60891	0	0	0	0	0	3
71	184	0	0.417818806	14.1619391	73.0317516	10.0685877	4042.48166	3969.44991	0	0	0	0	0	3
72	187	0	0.423703578	14.4841827	72.2185909	10.0685877	4042.48166	3970.26307	0	0	0	0	0	3
73	189	0	0.42958835	14.6568818	71.4300743	10.0685877	4042.48166	3971.05158	0	0	0	0	0	3
74	192	0	0.435473122	14.4165333	70.6596211	10.0685877	4042.48166	3971.82204	0	0	0	0	0	3
75	194	0	0.441357893	14.1388736	69.9060111	10.0685877	4042.48166	3972.57565	0	0	0	0	0	3
76	197	0	0.447242665	14.3328644	69.1747855	10.0685877	4042.48166	3973.30687	0	0	0	0	0	3
77	199	0	0.453127437	14.3591378	68.4628939	10.0685877	4042.48166	3974.01876	0	0	0	0	0	3
78	202	0	0.459012209	14.7201252	67.7738841	10.0685877	4042.48166	3974.70777	0	0	0	0	0	3
79	204	0	0.464896981	14.2384237	67.09622	10.0685877	4042.48166	3975.38544	0	0	0	0	0	3
80	207	0	0.470781753	14.1781145	66.4347437	10.0685877	4042.48166	3976.04691	0	0	0	0	0	3
81	209	0	0.476666525	14.2400059	65.7903642	10.0685877	4042.48166	3976.69129	0	0	0	0	0	3
82	211	0	0.482551297	14.4779357	65.1646029	10.0685877	4042.48166	3977.31705	0	0	0	0	0	3
83	214	0	0.488436069	14.4790001	64.553933	10.0685877	4042.48166	3977.92772	0	0	0	0	0	3
84	216	0	0.494320841	14.5222026	63.9583172	10.0685877	4042.48166	3978.52334	0	0	0	0	0	3
85	219	0	0.500205613	14.3766276	63.3750032	10.0685877	4042.48166	3979.10665	0	0	0	0	0	3
86	221	0	0.506090384	14.4130921	15.9859612	10.0685877	183.762813	173.694225	0	0	0	0	0	3
87	224	0	0.511975156	14.5334108	13.9950271	10.0685877	51.6641939	41.5956062	0	0	0	0	0	3
88	226	0	0.517859928	14.3248661	13.5557409	10.0685877	27.9812184	17.9126307	0	0	0	0	0	3
89	229	0	0.5237447	14.3022463	13.5872242	10.0685877	27.9812184	17.9126307	0	0	0	0	0	3
90	231	0	0.529629472	14.5055641	13.4286871	10.0685877	22.7254035	12.6568158	0	0	0	0	0	3
91	234	0	0.535514244	14.64302	13.4284543	10.0685877	22.7254035	12.6568158	0	0	0	0	0	3
92	236	0	0.541399016	14.5179918	13.3318965	10.0685877	18.5522679	8.4836802	0	0	0	0	0	3
93	239	0	0.547283788	14.5337962	13.3142145	10.0685877	18.5522679	8.4836802	0	0	0	0	0	3
94	241	0	0.55316856	14.8012562	13.270085	10.0685877	15.0593749	4.99078721	0	0	0	0	0	3
95	244	0	0.559053332	14.7686507	13.2743826	10.0685877	15.0593749	4.99078721	0	0	0	0	0	3
96	246	0	0.564938104	14.9618185	13.2732349	10.0685877	14.9618185	4.89323082	0	0	0	0	0	3
97	249	0	0.570822876	14.6221275	13.2967028	10.0685877	14.9618185	4.89323082	0	0	0	0	0	3
98	251	0	0.576707647	14.8750351	13.3107763	10.0685877	14.9618185	4.89323082	0	0	0	0	0	3
99	254	0	0.582592419	14.4517872	13.3407557	10.0685877	14.9618185	4.89323082	0	0	0	0	0	3
100	257	0	0.588477191	14.7231177	13.363321	10.0685877	14.9618185	4.89323082	0	0	0	0	0	3
101	264	0	0.594361963	14.7829288	13.4020006	10.0685877	14.9618185	4.89323082	0	0	0	0	0	3
102	266	0	0.600246735	14.6518984	13.4308329	10.0685877	14.9618185	4.89323082	0	0	0	0	0	3
103	268	0	0.606131507	14.6112609	13.4757283	10.0685877	14.9618185	4.89323082	0	0	0	0	0	3
104	271	0	0.612016279	14.7320292	13.5078527	10.0685877	14.9618185	4.89323082	0	0	0	0	0	3
105	273	0	0.617901051	14.8293941	13.5604689	10.0685877	14.9618185	4.89323082	0	0	0	0	0	3
106	275	0	0.623785823	14.9344811	13.5968744	10.0685877	14.9618185	4.89323082	0	0	0	0	0	3
107	278	0	0.629670595	14.7851397	13.6523632	10.1254492	14.9618185	4.83636934	0	0	0	0	0	3
108	280	0	0.635555367	14.6409669	13.6880064	10.1254492	14.9618185	4.83636934	0	0	0	0	0	3
109	283	0	0.641440138	14.4409085	13.7387765	10.595931	14.9618185	4.36588747	0	0	0	0	0	3
110	285	0	0.64732491	14.3276465	13.7765841	10.595931	14.9618185	4.36588747	0	0	0	0	0	3
111	287	0	0.653209682	14.1845709	13.8177137	10.595931	14.9618185	4.36588747	0	0	0	0	0	3
112	290	0	0.659094454	14.2624448	13.8562962	10.595931	14.9618185	4.36588747	0	0	0	0	0	3
113	292	0	0.664979226	14.3677124	13.9006701	10.8098288	14.9618185	4.15198973	0	0	0	0	0	3
114	295	0	0.670863998	14.4422593	13.9434046	10.9581024	14.9618185	4.00371612	0	0	0	0	0	3
115	297	0	0.67674877	14.143558	13.9796831	10.9581024	14.9618185	4.00371612	0	0	0	0	0	3
116	300	0	0.682633542	14.328981	14.0178634	10.9581024	14.9618185	4.00371612	0	0	0	0	0	3
117	302	0	0.688518314	14.3301433	14.0575344	11.7119725	14.9618185	3.24984604	0	0	0	0	0	3
118	305	0	0.694403086	14.241819	14.0872973	12.1038208	14.9618185	2.85799767	0	0	0	0	0	3
119	307	0	0.700287858	14.6210215	14.1144098	12.1038208	14.9618185	2.85799767	0	0	0	0	0	3
120	310	0	0.706172629	14.5566633	14.1432668	12.4337759	14.9618185	2.52804262	0	0	0	0	0	3
121	312	0	0.712057401	14.4028	14.1631266	12.4337759	14.9618185	2.52804262	0	0	0	0	0	3
122	315	0	0.717942173	14.2650831	14.1821228	12.4337759	14.9618185	2.52804262	0	0	0	0	0	3
123	317	0	0.723826945	14.3251924	14.2043748	13.0554616	14.9618185	1.90635691	0	0	0	0	0	3
124	320	0	0.729711717	14.6965212	14.2217797	13.0554616	14.9618185	1.90635691	0	0	0	0	0	3
125	322	0	0.735596489	14.5835386	14.239757	13.226326	14.9618185	1.73549254	0	0	0	0	0	3
126	325	0	0.741481261	14.3345175	14.249824	13.226326	14.9618185	1.73549254	0	0	0	0	0	3
127	327	0	0.747366033	14.4574517	14.2610258	13.226326	14.9618185	1.73549254	0	0	0	0	0	3
128	329	0	0.753250805	14.7874426	14.2793106	13.226326	14.9618185	1.73549254	0	0	0	0	0	3
129	332	0	0.759135577	14.6309898	14.2948616	13.226326	14.9618185	1.73549254	0	0	0	0	0	3
130	334	0	0.765020349	14.4655287	14.3094404	13.3595636	14.9618185	1.60225494	0	0	0	0	0	3
131	337	0	0.770905121	14.5381987	14.3218913	13.3595636	14.9618185	1.60225494	0	0	0	0	0	3
132	339	0	0.776789892	14.8609208	14.3371685	13.3595636	14.9618185	1.60225494	0	0	0	0	0	3
133	341	0	0.782674664	14.7811943	14.3500745	13.3595636	14.9618185	1.60225494	0	0	0	0	0	3
134	343	0	0.788559436	14.7523243	14.364026	13.3595636	14.9618185	1.60225494	0	0	0	0	0	3
135	346	0	0.794444208	14.6816166	14.377676	13.3595636	14.9618185	1.60225494	0	0	0	0	0	3
136	348	0	0.80032898	14.4868317	14.3901645	13.3595636	14.9618185	1.60225494	0	0	0	0	0	3
137	350	0	0.806213752	14.32334	14.401503	13.7446363	14.9618185	1.21718225	0	0	0	0	0	3
138	352	0	0.812098524	14.8452145	14.4126735	13.7446363	14.9618185	1.21718225	0	0	0	0	0	3
139	355	0	0.817983296	14.8021904	14.4201696	13.7446363	14.9618185	1.21718225	0	0	0	0	0	3
140	357	0	0.823868068	14.7080904	14.4315044	13.8053091	14.9618185	1.15650942	0	0	0	0	0	3
141	359	0	0.82975284	14.809217	14.4433151	13.8427237	14.9618185	1.11909485	0	0	0	0	0	3
142	361	0	0.835637612	14.6283086	14.4521631	13.8427237	14.9618185	1.11909485	0	0	0	0	0	3
143	364	0	0.841522383	14.9316889	14.4624561	13.8427237	14.9618185	1.11909485	0	0	0	0	0	3
144	366	0	0.847407155	14.9402895	14.4742798	13.8427237	14.9618185	1.11909485	0	0	0	0	0	3
145	369	0	0.853291927	15.1053959	14.4888753	13.8427237	15.1053959	1.26267227	0	0	0	0	0	3
146	371	0	0.859176699	14.9113289	14.5006896	13.8427237	15.1053959	1.26267227	0	0	0	0	0	3
147	374	0	0.865061471	14.9013975	14.5102247	13.8427237	15.1053959	1.26267227	0	0	0	0	0	3
148	377	0	0.870946243	14.711407	14.5180187	13.8427237	15.1053959	1.26267227	0	0	0	0	0	3
149	379	0	0.876831015	14.5751227	14.5237059	13.8427237	15.1053959	1.26267227	0	0	0	0	0	3
150	382	0	0.882715787	14.7096326	14.5339049	14.0259927	15.1053959	1.07940324	0	0	0	0	0	3
151	384	0	0.888600559	14.5636522	14.5397224	14.0259927	15.1053959	1.07940324	0	0	0	0	0	3
152	387	0	0.894485331	14.6673988	14.5462087	14.0259927	15.1053959	1.07940324	0	0	0	0	0	3
153	389	0	0.900370103	14.7921644	14.5552225	14.0308974	15.1053959	1.07449851	0	0	0	0	0	3
154	392	0	0.906254875	14.7526438	14.5637136	14.1388736	15.1053959	0.966522285	0	0	0	0	0	3
155	394	0	0.912139646	14.6763039	14.5691929	14.1388736	15.1053959	0.966522285	0	0	0	0	0	3
156	397	0	0.918024418	14.4079999	14.5720877	14.1388736	15.1053959	0.966522285	0	0	0	0	0	3
157	399	0	0.92390919	14.5691738	14.5730876	14.1388736	15.1053959	0.966522285	0	0	0	0	0	3
158	402	0	0.929793962	14.7551325	14.5742435	14.1388736	15.1053959	0.966522285	0	0	0	0	0	3
159	405	0	0.935678734	14.6497689	14.5769874	14.1388736	15.1053959	0.966522285	0	0	0	0	0	3
160	407	0	0.941563506	14.5709233	14.5820704	14.143558	15.1053959	0.961837972	0	0	0	0	0	3
161	410	0	0.947448278	14.4172201	14.5830628	14.143558	15.1053959	0.961837972	0	0	0	0	0	3
162	412	0	0.95333305	14.3819549	14.5833312	14.143558	15.1053959	0.961837972	0	0	0	0	0	3
163	414	0	0.959217822	14.4827618	14.5805387	14.143558	15.1053959	0.961837972	0	0	0	0	0	3
164	417	0	0.965102594	14.699217	14.5859598	14.143558	15.1053959	0.961837972	0	0	0	0	0	3
165	419	0	0.970987366	14.4766074	14.5894715	14.143558	15.1053959	0.961837972	0	0	0	0	0	3
166	421	0	0.976872137	14.6623879	14.5944407	14.143558	15.1053959	0.961837972	0	0	0	0	0	3
167	424	0	0.982756909	14.6988621	14.5970398	14.143558	15.1053959	0.961837972	0	0	0	0	0	3
168	426	0	0.988641681	14.4524524	14.5967275	14.143558	15.1053959	0.961837972	0	0	0	0	0	3
169	428	0	0.994526453	14.6472863	14.5981991	14.143558	15.1053959	0.961837972	0	0	0	0	0	3
170	431	0	1.00041123	14.6670938	14.6016163	14.143558	15.1053959	0.961837972	1.24786819	0	100	0	0	3
171	433	0	1.006296	14.5498578	14.6032253	14.143558	15.1053959	0.961837972	1.24786819	0	100	0	0	3
172	436	0	1.01218077	14.634173	14.6044108	14.143558	15.1053959	0.961837972	1.24786819	0	100	0	0	3
173	438	0	1.01806554	14.9052993	14.6112394	14.143558	15.1053959	0.961837972	1.24786819	0	100	0	0	3
174	440	0	1.02395031	14.808472	14.617195	14.143558	15.1053959	0.961837972	1.24786819	0	100	0	0	3
175	443	0	1.02983508	14.2963506	14.6147337	14.143558	15.1053959	0.961837972	1.24786819	0	100	0	0	3
176	445	0	1.03571986	14.6203719	14.6144672	14.143558	15.1053959	0.961837972	1.24786819	0	100	0	0	3
177	448	0	1.04160463	14.5815725	14.6152152	14.143558	15.1053959	0.961837972	1.24786819	0	100	0	0	3
178	450	0	1.0474894	14.6481068	14.6165601	14.143558	15.1053959	0.961837972	1.24786819	0	100	0	0	3
179	453	0	1.05337417	14.651181	14.6147945	14.143558	15.1053959	0.961837972	1.24786819	0	100	0	0	3
180	455	0	1.05925894	14.4858629	14.6114676	14.143558	15.1053959	0.961837972	1.24786819	0	100	0	0	3
181	458	0	1.06514372	14.6553505	14.6078621	14.143558	15.1053959	0.961837972	1.24786819	0	100	0	0	3
182	460	0	1.07102849	14.6735895	14.6084675	14.143558	15.1053959	0.961837972	1.24786819	0	100	0	0	3
183	463	0	1.07691326	14.8733195	14.6084473	14.143558	15.1053959	0.961837972	1.24786819	0	100	0	0	3
184	465	0	1.08279803	14.6069065	14.6102722	14.143558	15.1053959	0.961837972	1.24786819	0	100	0	0	3
185	468	0	1.0886828	14.5867922	14.6086684	14.143558	15.1053959	0.961837972	1.24786819	0	100	0	0	3
186	471	0	1.09456758	14.6474178	14.6070742	14.143558	15.1053959	0.961837972	1.24786819	0	100	0	0	3
187	473	0	1.10045235	14.618764	14.6066843	14.143558	15.1053959	0.961837972	1.24786819	0	100	0	0	3
188	475	0	1.10633712	14.6562362	14.6072135	14.143558	15.1053959	0.961837972	1.24786819	0	100	0	0	3
189	478	0	1.11222189	14.5945869	14.6055965	14.143558	15.1053959	0.961837972	1.24786819	0	100	0	0	3
190	480	0	1.11810666	14.679368	14.6038315	14.143558	15.1053959	0.961837972	1.24786819	0	100	0	0	3
191	482	0	1.12399144	14.5963628	14.5998536	14.143558	15.1053959	0.961837972	1.24786819	0	100	0	0	3
192	484	0	1.12987621	14.6721651	14.5985245	14.143558	15.1053959	0.92918857	1.24786819	0	100	0	0	3
193	486	0	1.13576098	14.7695643	14.6000374	14.143558	15.1053959	0.878418461	1.24786819	0	100	0	0	3
194	489	0	1.14164575	14.5112011	14.6008644	14.143558	15.1053959	0.840610862	1.24786819	0	100	0	0	3
195	491	0	1.14753052	14.4780979	14.6026344	14.143558	15.1053959	0.799481291	1.24786819	0	100	0	0	3
196	493	0	1.15341529	14.4014724	14.6051862	14.143558	15.1053959	0.760898767	1.24786819	0	100	0	0	3
197	495	0	1.15930007	14.399268	14.6067959	14.143558	15.1053959	0.716524869	1.24786819	0	100	0	0	3
198	497	0	1.16518484	14.4539	14.6078098	14.143558	15.1053959	0.673790392	1.24786819	0	100	0	0	3
199	500	0	1.17106961	14.4154254	14.6074942	14.143558	15.1053959	0.637511939	1.24786819	0	100	0	0	3
200	502	0	1.17695438	14.2792261	14.6090902	14.241819	15.1053959	0.599331632	1.24786819	0	100	0	0	3
201	509	0	1.18283915	14.411216	14.6100577	14.241819	15.1053959	0.559660562	1.24786819	0	100	0	0	3
202	511	0	1.18872393	14.3922869	14.6107888	14.241819	15.1053959	0.529897661	1.24786819	0	100	0	0	3
203	513	0	1.1946087	14.3962466	14.6126056	14.2650831	15.1053959	0.502785161	1.24786819	0	100	0	0	3
204	515	0	1.20049347	14.2820409	14.6086176	14.2650831	15.1053959	0.473928191	1.24786819	0	100	0	0	3
205	517	0	1.20637824	14.2939903	14.6055273	14.2650831	15.1053959	0.454068444	1.24786819	0	100	0	0	3
206	520	0	1.21226301	14.3074454	14.6044055	14.2650831	15.1053959	0.435072194	1.24786819	0	100	0	0	3
207	522	0	1.21814779	14.3195218	14.605046	14.2792261	15.1053959	0.412820235	1.24786819	0	100	0	0	3
208	524	0	1.22403256	14.578194	14.6080225	14.2792261	15.1053959	0.39541535	1.24786819	0	100	0	0	3
209	526	0	1.22991733	14.5830701	14.6066877	14.2792261	15.1053959	0.377437973	1.24786819	0	100	0	0	3
210	528	0	1.2358021	14.4798258	14.6054676	14.2792261	15.1053959	0.367370973	1.24786819	0	100	0	0	3
211	530	0	1.24168687	14.5197076	14.6076463	14.2792261	15.1053959	0.356169158	1.24786819	0	100	0	0	3
212	533	0	1.24757165	14.4618156	14.6076976	14.2792261	15.1053959	0.337884446	1.24786819	0	100	0	0	3
213	535	0	1.25345642	14.3776879	14.602877	14.2792261	15.1053959	0.322333445	1.24786819	0	100	0	0	3
214	537	0	1.25934119	14.7654803	14.6044592	14.2792261	15.1053959	0.30775459	1.24786819	0	100	0	0	3
215	539	0	1.26522596	14.5830307	14.6058416	14.2792261	15.1053959	0.295303672	1.24786819	0	100	0	0	3
216	541	0	1.27111073	14.7571452	14.6084175	14.2792261	15.1053959	0.280026469	1.24786819	0	100	0	0	3
217	544	0	1.2769955	14.5815689	14.605131	14.2792261	15.1053959	0.267120472	1.24786819	0	100	0	0	3
218	546	0	1.28288028	14.8145254	14.6055231	14.2792261	15.1053959	0.253169005	1.24786819	0	100	0	0	3
219	549	0	1.28876505	14.8555695	14.6067377	14.2792261	15.1053959	0.239518995	1.24786819	0	100	0	0	3
220	551	0	1.29464982	14.5882489	14.6056393	14.2792261	15.1053959	0.227030517	1.24786819	0	100	0	0	3
221	554	0	1.30053459	14.434071	14.6050186	14.2792261	15.1053959	0.215691971	1.24786819	0	100	0	0	3
222	556	0	1.30641936	14.677741	14.609188	14.2792261	15.1053959	0.204521482	1.24786819	0	100	0	0	3
223	559	0	1.31230414	14.6750504	14.6071861	14.2792261	15.1053959	0.197025362	1.24786819	0	100	0	0	3
224	561	0	1.31818891	14.6069585	14.6048892	14.2792261	15.1053959	0.185690608	1.24786819	0	100	0	0	3
225	564	0	1.32407368	14.772506	14.6056471	14.2792261	15.1053959	0.173879927	1.24786819	0	100	0	0	3
226	566	0	1.32995845	14.7307204	14.6047236	14.2792261	15.1053959	0.165031877	1.24786819	0	100	0	0	3
227	569	0	1.33584322	14.6634614	14.6051371	14.2792261	15.1053959	0.154738901	1.24786819	0	100	0	0	3
228	571	0	1.341728	14.48233	14.5998506	14.2792261	15.1053959	0.142915203	1.24786819	0	100	0	0	3
229	574	0	1.34761277	15.0424782	14.6010528	14.2792261	15.1053959	0.12831966	1.24786819	0	100	0	0	3
230	576	0	1.35349754	14.6132272	14.5952626	14.2792261	15.0424782	0.116505395	1.24786819	0	100	0	0	3
231	579	0	1.35938231	14.7470026	14.5933293	14.2792261	15.0424782	0.106970349	1.24786819	0	100	0	0	3
232	581	0	1.36526708	14.8200672	14.5923725	14.2792261	15.0424782	0.0991763292	1.24786819	0	100	0	0	3
233	584	0	1.37115186	14.6406783	14.5915404	14.2792261	15.0424782	0.0934890838	1.24786819	0	100	0	0	3
234	586	0	1.37703663	14.5505447	14.5912512	14.2792261	15.0424782	0.0832901547	1.24786819	0	100	0	0	3
235	588	0	1.3829214	14.6415159	14.5904499	14.2792261	15.0424782	0.0774726187	1.24786819	0	100	0	0	3
236	591	0	1.38880617	14.6461086	14.5914199	14.2792261	15.0424782	0.070986326	1.24786819	0	100	0	0	3
237	593	0	1.39469094	15.04233	14.5958309	14.2792261	15.0424782	0.0619725411	1.24786819	0	100	0	0	3
238	595	0	1.40057572	14.8796831	14.5968605	14.2792261	15.0424782	0.0534814076	1.24786819	0	100	0	0	3
239	598	0	1.40646049	14.5344595	14.5942936	14.2792261	15.0424782	0.048002129	1.24786819	0	100	0	0	3
240	600	0	1.41234526	14.6200927	14.5936323	14.2792261	15.0424782	0.0451072964	1.24786819	0	100	0	0	3
241	602	0	1.41823003	14.8716308	14.5990868	14.2792261	15.0424782	0.0441074016	1.24786819	0	100	0	0	3
242	604	0	1.4241148	14.979583	14.6039152	14.2792261	15.0424782	0.0429515101	1.24786819	0	100	0	0	3
243	607	0	1.42999957	14.9851537	14.6066213	14.2792261	15.0424782	0.040207561	1.24786819	0	100	0	0	3
244	609	0	1.43588435	14.5327599	14.6052447	14.2792261	15.0424782	0.0366562767	1.24786819	0	100	0	0	3
245	611	0	1.44176912	14.6422867	14.6060843	14.2792261	15.0424782	0.0366562767	1.24786819	0	100	0	0	3
246	614	0	1.44765389	14.7300944	14.6097652	14.2792261	15.0424782	0.0366562767	1.24786819	0	100	0	0	3
247	616	0	1.45353866	14.7212061	14.6137563	14.2792261	15.0424782	0.0366562767	1.24786819	0	100	0	0	3
248	619	0	1.45942343	14.5761686	14.6148553	14.2792261	15.0424782	0.0312351796	1.24786819	0	100	0	0	3
249	621	0	1.46530821	14.6320408	14.6140649	14.2792261	15.0424782	0.027723498	1.24786819	0	100	0	0	3
250	624	0	1.47119298	14.4542599	14.613802	14.2792261	15.0424782	0.0267451523	1.24786819	0	100	0	0	3
251	626	0	1.47707775	14.7147005	14.6144175	14.2792261	15.0424782	0.0267451523	1.24786819	0	100	0	0	3
252	629	0	1.48296252	14.5699124	14.6129004	14.2792261	15.0424782	0.0267451523	1.24786819	0	100	0	0	3
253	631	0	1.48884729	14.4661405	14.6130615	14.2792261	15.0424782	0.0267451523	1.24786819	0	100	0	0	3
254	633	0	1.49473207	14.4413857	14.6106391	14.2792261	15.0424782	0.0267451523	1.24786819	0	100	0	0	3
255	636	0	1.50061684	14.4728438	14.6083538	14.2792261	15.0424782	0.0267451523	1.24786819	0	100	0	0	3
256	638	0	1.50650161	14.4561494	14.6072513	14.2792261	15.0424782	0.0267451523	1.24786819	0	100	0	0	3
257	641	0	1.51238638	14.5247041	14.6059635	14.2792261	15.0424782	0.0267451523	1.24786819	0	100	0	0	3
258	643	0	1.51827115	14.5668524	14.6019818	14.2792261	15.0424782	0.0267451523	1.24786819	0	100	0	0	3
259	645	0	1.52415593	14.6297453	14.5998791	14.2792261	15.0424782	0.0261102081	1.24786819	0	100	0	0	3
260	648	0	1.5300407	14.3476439	14.6004825	14.2792261	15.0424782	0.0261102081	1.24786819	0	100	0	0	3
261	650	0	1.53592547	14.4430227	14.5983961	14.2792261	15.0424782	0.0261102081	1.24786819	0	100	0	0	3
262	653	0	1.54181024	14.3780125	14.5960012	14.2792261	15.0424782	0.0261102081	1.24786819	0	100	0	0	3
263	655	0	1.54769501	14.5620437	14.5949887	14.2792261	15.0424782	0.0244053956	1.24786819	0	100	0	0	3
264	657	0	1.55357978	14.5177701	14.5934192	14.2792261	15.0424782	0.0244053956	1.24786819	0	100	0	0	3
265	660	0	1.55946456	14.2317935	14.5904302	14.2317935	15.0424782	0.0244250989	1.24786819	0	100	0	0	3
266	4264	0	1.56534933	14.470883	14.5882599	14.2317935	15.0424782	0.0265953049	1.24786819	0	100	0	0	3
267	4266	0	1.5712341	14.618833	14.5876158	14.2317935	15.0424782	0.0272394995	1.24786819	0	100	0	0	3
268	4268	0	1.57711887	14.4455178	14.5825828	14.2317935	15.0424782	0.0322724603	1.24786819	0	100	0	0	3
269	4271	0	1.58300364	14.6407085	14.5829805	14.2317935	15.0424782	0.0322724603	1.24786819	0	100	0	0	3
270	4274	0	1.58888842	14.2866017	14.5794488	14.2317935	15.0424782	0.0354064426	1.24786819	0	100	0	0	3
271	4277	0	1.59477319	14.2936939	14.5752874	14.2317935	15.0424782	0.0395678993	1.24786819	0	100	0	0	3
272	58057	0	1.60065796	14.3611166	14.5722562	14.2317935	15.0424782	0.0425990452	1.24786819	0	100	0	0	3
273	58061	0	1.60654273	14.4452607	14.5697741	14.2317935	15.0424782	0.0450811094	1.24786819	0	100	0	0	3
274	58065	0	1.6124275	14.2329137	14.5655192	14.2317935	15.0424782	0.0493360887	1.24786819	0	100	0	0	3
275	58069	0	1.61831228	14.3685216	14.5618621	14.2317935	15.0424782	0.0529931049	1.24786819	0	100	0	0	3
276	58072	0	1.62419705	14.3032025	14.5584132	14.2317935	15.0424782	0.056442049	1.24786819	0	100	0	0	3
277	58076	0	1.63008182	14.3303344	14.5543917	14.2317935	15.0424782	0.0604635864	1.24786819	0	100	0	0	3
278	58080	0	1.63596659	14.0577765	14.5460177	14.0577765	15.0424782	0.0688375615	1.24786819	0	100	0	0	3
279	58083	0	1.64185136	14.1718432	14.5420252	14.0577765	15.0424782	0.0728300076	1.24786819	0	100	0	0	3
280	58086	0	1.64773614	14.347077	14.5404838	14.0577765	15.0424782	0.07437143	1.24786819	0	100	0	0	3
281	58089	0	1.65362091	14.382039	14.5402552	14.0577765	15.0424782	0.0746000584	1.24786819	0	100	0	0	3
282	58092	0	1.65950568	14.4032147	14.5403016	14.0577765	15.0424782	0.0746000584	1.24786819	0	100	0	0	3
283	58095	0	1.66539045	14.433011	14.5400559	14.0577765	15.0424782	0.0747993811	1.24786819	0	100	0	0	3
284	58098	0	1.67127522	14.2798279	14.5384606	14.0577765	15.0424782	0.0763946457	1.24786819	0	100	0	0	3
285	58101	0	1.67716	14.3909478	14.539775	14.0577765	15.0424782	0.0763946457	1.24786819	0	100	0	0	3
286	58104	0	1.68304477	14.4526841	14.5402628	14.0577765	15.0424782	0.0763946457	1.24786819	0	100	0	0	3
287	58107	0	1.68892954	14.2860677	14.5390132	14.0577765	15.0424782	0.0763946457	1.24786819	0	100	0	0	3
288	58110	0	1.69481431	14.4511515	14.5396591	14.0577765	15.0424782	0.0763946457	1.24786819	0	100	0	0	3
289	58113	0	1.70069908	14.4113387	14.5411803	14.0577765	15.0424782	0.0763946457	1.24786819	0	100	0	0	3
290	58116	0	1.70658385	14.5926435	14.5446939	14.0577765	15.0424782	0.0763946457	1.24786819	0	100	0	0	3
291	58118	0	1.71246863	14.724457	14.5495999	14.0577765	15.0424782	0.0763946457	1.24786819	0	100	0	0	3
292	58121	0	1.7183534	14.6333428	14.5532919	14.0577765	15.0424782	0.0763946457	1.24786819	0	100	0	0	3
293	58123	0	1.72423817	14.4867129	14.5522156	14.0577765	15.0424782	0.0763946457	1.24786819	0	100	0	0	3
294	58126	0	1.73012294	14.5795753	14.5521745	14.0577765	15.0424782	0.0763946457	1.24786819	0	100	0	0	3
295	58129	0	1.73600771	14.4747673	14.552115	14.0577765	15.0424782	0.0763946457	1.24786819	0	100	0	0	3
296	58132	0	1.74189249	14.6836319	14.5540435	14.0577765	15.0424782	0.0763946457	1.24786819	0	100	0	0	3
297	58134	0	1.74777726	14.7325793	14.557229	14.0577765	15.0424782	0.0763946457	1.24786819	0	100	0	0	3
298	58137	0	1.75366203	14.5403972	14.5591432	14.0577765	15.0424782	0.0763946457	1.24786819	0	100	0	0	3
299	58140	0	1.7595468	14.3753823	14.5545538	14.0577765	15.0424782	0.0763946457	1.24786819	0	100	0	0	3
300	58142	0	1.76543157	14.6176344	14.5549609	14.0577765	15.0424782	0.0763946457	1.24786819	0	100	0	0	3
301	58149	0	1.77131635	14.760192	14.5549968	14.0577765	15.0424782	0.0763946457	1.24786819	0	100	0	0	3
302	58151	0	1.77720112	14.7983201	14.5575468	14.0577765	15.0424782	0.0763946457	1.24786819	0	100	0	0	3
303	58154	0	1.78308589	14.4202433	14.5529082	14.0577765	15.0424782	0.0763946457	1.24786819	0	100	0	0	3
304	58157	0	1.78897066	14.5963906	14.549859	14.0577765	15.0424782	0.0763946457	1.24786819	0	100	0	0	3
305	58159	0	1.79485543	14.4652935	14.5484125	14.0577765	15.0424782	0.0763946457	1.24786819	0	100	0	0	3
306	58162	0	1.80074021	14.6409354	14.5508462	14.0577765	15.0424782	0.0763946457	1.24786819	0	100	0	0	3
307	58164	0	1.80662498	14.7553115	14.5517588	14.0577765	15.0424782	0.0763946457	1.24786819	0	100	0	0	3
308	58167	0	1.81250975	14.7959458	14.5531811	14.0577765	15.0424782	0.0763946457	1.24786819	0	100	0	0	3
309	58169	0	1.81839452	14.8651481	14.5562186	14.0577765	15.0424782	0.0763946457	1.24786819	0	100	0	0	3
310	58172	0	1.82427929	14.9289781	14.5580594	14.0577765	15.0424782	0.0763946457	1.24786819	0	100	0	0	3
311	58174	0	1.83016406	14.8030736	14.5589107	14.0577765	15.0424782	0.0763946457	1.24786819	0	100	0	0	3
312	58177	0	1.83604884	14.9071832	14.561778	14.0577765	15.0424782	0.0763946457	1.24786819	0	100	0	0	3
313	58179	0	1.84193361	14.3790394	14.5605628	14.0577765	15.0424782	0.0763946457	1.24786819	0	100	0	0	3
314	58182	0	1.84781838	14.4813827	14.5539617	14.0577765	15.04233	0.0763946457	1.24786819	0	100	0	0	3
315	58184	0	1.85370315	14.4606557	14.5521667	14.0577765	15.04233	0.0763946457	1.24786819	0	100	0	0	3
316	58187	0	1.85958792	14.5554032	14.5499126	14.0577765	15.04233	0.0763946457	1.24786819	0	100	0	0	3
317	58189	0	1.8654727	14.6353522	14.5477395	14.0577765	15.04233	0.0763946457	1.24786819	0	100	0	0	3
318	58192	0	1.87135747	14.6566061	14.5479269	14.0577765	15.04233	0.0763946457	1.24786819	0	100	0	0	3
319	58195	0	1.87724224	14.3847457	14.5459763	14.0577765	15.04233	0.0763946457	1.24786819	0	100	0	0	3
320	58198	0	1.88312701	14.3214725	14.5422111	14.0577765	15.04233	0.0763946457	1.24786819	0	100	0	0	3
321	58200	0	1.88901178	14.4682105	14.5401182	14.0577765	15.04233	0.0763946457	1.24786819	0	100	0	0	3
322	58203	0	1.89489656	14.5421035	14.5342331	14.0577765	14.9851537	0.0806221186	1.24786819	0	100	0	0	3
323	58206	0	1.90078133	14.4758229	14.5294818	14.0577765	14.9851537	0.0853734148	1.24786819	0	100	0	0	3
324	58208	0	1.9066661	14.4395355	14.5283651	14.0577765	14.9851537	0.0864901674	1.24786819	0	100	0	0	3
325	58211	0	1.91255087	14.3750103	14.5254818	14.0577765	14.9851537	0.0893734891	1.24786819	0	100	0	0	3
326	58214	0	1.91843564	14.6499744	14.522874	14.0577765	14.9851537	0.0919812124	1.24786819	0	100	0	0	3
327	58216	0	1.92432042	14.3790244	14.5158086	14.0577765	14.9851537	0.0990466069	1.24786819	0	100	0	0	3
328	58219	0	1.93020519	14.5507616	14.5106981	14.0577765	14.9289781	0.104157102	1.24786819	0	100	0	0	3
329	58221	0	1.93608996	14.7041613	14.5127146	14.0577765	14.9289781	0.104157102	1.24786819	0	100	0	0	3
330	58224	0	1.94197473	14.7235841	14.5136711	14.0577765	14.9289781	0.104157102	1.24786819	0	100	0	0	3
331	58226	0	1.9478595	14.8166325	14.5146892	14.0577765	14.9289781	0.104157102	1.24786819	0	100	0	0	3
332	58229	0	1.95374427	14.6360028	14.5136868	14.0577765	14.9289781	0.104157102	1.24786819	0	100	0	0	3
333	58231	0	1.95962905	14.5524857	14.5134082	14.0577765	14.9289781	0.103719325	1.24786819	0	100	0	0	3
334	58233	0	1.96551382	14.6070329	14.5131139	14.0577765	14.9289781	0.103719325	1.24786819	0	100	0	0	3
335	58236	0	1.97139859	14.7052037	14.5160662	14.0577765	14.9289781	0.103719325	1.24786819	0	100	0	0	3
336	58238	0	1.97728336	14.6947396	14.5158314	14.0577765	14.9289781	0.102363306	1.24786819	0	100	0	0	3
337	58241	0	1.98316813	14.2855407	14.5124858	14.0577765	14.9289781	0.102363306	1.24786819	0	100	0	0	3
338	58243	0	1.98905291	14.6209305	14.5143069	14.0577765	14.9289781	0.0999409458	1.24786819	0	100	0	0	3
339	58246	0	1.99493768	14.6806508	14.5171218	14.0577765	14.9289781	0.0976556521	1.24786819	0	100	0	0	3
340	58248	0	2.00082245	14.7550107	14.5204414	14.0577765	14.9289781	0.0965532004	1.24786819	0	100	0	0	3
341	58251	0	2.00670722	14.7661784	14.5240888	14.0577765	14.9289781	0.0952653308	1.24786819	0	100	0	0	3
342	58253	0	2.01259199	14.5424142	14.5242971	14.0577765	14.9289781	0.091283602	1.24786819	0	100	0	0	3
343	58256	0	2.01847677	14.3937937	14.5222612	14.0577765	14.9289781	0.0897843858	1.24786819	0	100	0	0	3
344	58259	0	2.02436154	14.2140886	14.5173711	14.0577765	14.9289781	0.0897843858	1.24786819	0	100	0	0	3
345	58262	0	2.03024631	14.2528261	14.5162556	14.0577765	14.9289781	0.087697924	1.24786819	0	100	0	0	3
346	58264	0	2.03613108	14.2877938	14.5144294	14.0577765	14.9289781	0.0853031008	1.24786819	0	100	0	0	3
347	58267	0	2.04201585	14.5034411	14.515905	14.0577765	14.9289781	0.0842905938	1.24786819	0	100	0	0	3
348	58270	0	2.04790063	14.306471	14.5128983	14.0577765	14.9289781	0.0827210541	1.24786819	0	100	0	0	3
349	58273	0	2.0537854	14.3087254	14.5104389	14.0577765	14.9289781	0.0799912482	1.24786819	0	100	0	0	3
350	58275	0	2.05967017	14.5033696	14.5136339	14.0577765	14.9289781	0.0778210423	1.24786819	0	100	0	0	3
351	58278	0	2.06555494	14.6070089	14.5152354	14.0577765	14.9289781	0.0771768477	1.24786819	0	100	0	0	3
352	58280	0	2.07143971	14.4543743	14.5133006	14.0577765	14.9289781	0.0725415584	1.24786819	0	100	0	0	3
353	58283	0	2.07732449	14.4774441	14.5136762	14.0577765	14.9289781	0.0725415584	1.24786819	0	100	0	0	3
354	58285	0	2.08320926	14.3080724	14.5097628	14.0577765	14.9289781	0.0696859808	1.24786819	0	100	0	0	3
355	58288	0	2.08909403	14.1113915	14.5077015	14.0577765	14.9289781	0.0675858195	1.24786819	0	100	0	0	3
356	58290	0	2.0949788	14.0384878	14.5046991	14.0384878	14.9289781	0.067557099	1.24786819	0	100	0	0	3
357	58293	0	2.10086357	14.2691629	14.5036173	14.0384878	14.9289781	0.0661568436	1.24786819	0	100	0	0	3
358	58295	0	2.10674834	14.3953525	14.5030301	14.0384878	14.9289781	0.0624890198	1.24786819	0	100	0	0	3
359	58298	0	2.11263312	14.6026753	14.5073803	14.0384878	14.9289781	0.0588320036	1.24786819	0	100	0	0	3
360	58300	0	2.11851789	14.4256694	14.5080526	14.0384878	14.9289781	0.0587478309	1.24786819	0	100	0	0	3
361	58303	0	2.12440266	14.5409809	14.51085	14.0384878	14.9289781	0.0587478309	1.24786819	0	100	0	0	3
362	58306	0	2.13028743	14.6064918	14.5140989	14.0384878	14.9289781	0.0587478309	1.24786819	0	100	0	0	3
363	58308	0	2.1361722	14.7539888	14.5222896	14.0384878	14.9289781	0.0587478309	1.24786819	0	100	0	0	3
364	58311	0	2.14205698	14.670751	14.5281591	14.0384878	14.9289781	0.0587478309	1.24786819	0	100	0	0	3
365	58314	0	2.14794175	14.5614051	14.5306807	14.0384878	14.9289781	0.0587478309	1.24786819	0	100	0	0	3
366	58316	0	2.15382652	14.6577377	14.5339242	14.0384878	14.9289781	0.0587478309	1.24786819	0	100	0	0	3
367	58319	0	2.15971129	14.8509032	14.5391911	14.0384878	14.9289781	0.0587478309	1.24786819	0	100	0	0	3
368	58321	0	2.16559606	14.8118136	14.5436476	14.0384878	14.9289781	0.0587478309	1.24786819	0	100	0	0	3
369	58324	0	2.17148084	14.9057417	14.5510113	14.0384878	14.9289781	0.0587478309	1.24786819	0	100	0	0	3
370	58327	0	2.17736561	14.6162155	14.5536615	14.0384878	14.9289781	0.0587478309	1.24786819	0	100	0	0	3
371	58329	0	2.18325038	14.7275114	14.5568948	14.0384878	14.9289781	0.0587478309	1.24786819	0	100	0	0	3
372	58332	0	2.18913515	14.769016	14.5625765	14.0384878	14.9289781	0.0595463623	1.24786819	0	100	0	0	3
373	58335	0	2.19501992	14.6779263	14.5652444	14.0384878	14.9289781	0.0622143014	1.24786819	0	100	0	0	3
374	58337	0	2.2009047	14.8966614	14.5709541	14.0384878	14.9289781	0.0679239801	1.24786819	0	100	0	0	3
375	58340	0	2.20678947	14.9715779	14.5754122	14.0384878	14.9715779	0.0723820319	1.24786819	0	100	0	0	3
376	58342	0	2.21267424	14.7738075	14.5759928	14.0384878	14.9715779	0.0729626256	1.24786819	0	100	0	0	3
377	58344	0	2.21855901	15.0513379	14.5809104	14.0384878	15.0513379	0.0778802149	1.24786819	0	100	0	0	3
378	58347	0	2.22444378	14.9607091	14.5864868	14.0384878	15.0513379	0.0834566398	1.24786819	0	100	0	0	3
379	58349	0	2.23032855	14.8604512	14.5897912	14.0384878	15.0513379	0.0867610616	1.24786819	0	100	0	0	3
380	58352	0	2.23621333	14.7018689	14.592463	14.0384878	15.0513379	0.0894328451	1.24786819	0	100	0	0	3
381	58354	0	2.2420981	14.4184105	14.5893427	14.0384878	15.0513379	0.0894328451	1.24786819	0	100	0	0	3
382	58357	0	2.24798287	14.3696604	14.5850731	14.0384878	15.0513379	0.0894328451	1.24786819	0	100	0	0	3
383	58359	0	2.25386764	14.4048771	14.5834787	14.0384878	15.0513379	0.0894328451	1.24786819	0	100	0	0	3
384	58362	0	2.25975241	14.3833523	14.5835725	14.0384878	15.0513379	0.0894328451	1.24786819	0	100	0	0	3
385	58365	0	2.26563719	14.5228077	14.5824569	14.0384878	15.0513379	0.0894328451	1.24786819	0	100	0	0	3
386	58368	0	2.27152196	14.5523693	14.5800119	14.0384878	15.0513379	0.0894328451	1.24786819	0	100	0	0	3
387	58371	0	2.27740673	14.5203261	14.5767414	14.0384878	15.0513379	0.0894328451	1.24786819	0	100	0	0	3
388	58373	0	2.2832915	14.3874747	14.5763559	14.0384878	15.0513379	0.0894328451	1.24786819	0	100	0	0	3
389	58376	0	2.28917627	14.3557856	14.5735253	14.0384878	15.0513379	0.0894328451	1.24786819	0	100	0	0	3
390	58379	0	2.29506105	14.4551811	14.5734063	14.0384878	15.0513379	0.0894328451	1.24786819	0	100	0	0	3
391	58381	0	2.30094582	14.3444538	14.5699183	14.0384878	15.0513379	0.0894328451	1.24786819	0	100	0	0	3
392	58384	0	2.30683059	14.2387285	14.5638408	14.0384878	15.0513379	0.0894328451	1.24786819	0	100	0	0	3
393	58387	0	2.31271536	14.4569151	14.5598522	14.0384878	15.0513379	0.0894328451	1.24786819	0	100	0	0	3
394	58390	0	2.31860013	14.2661366	14.552805	14.0384878	15.0513379	0.0894328451	1.24786819	0	100	0	0	3
395	58392	0	2.32448491	14.325751	14.5457082	14.0384878	15.0513379	0.0894328451	1.24786819	0	100	0	0	3
396	58395	0	2.33036968	14.293704	14.5397157	14.0384878	15.0513379	0.0894328451	1.24786819	0	100	0	0	3
397	58397	0	2.33625445	14.4742448	14.5346223	14.0384878	15.0513379	0.0894328451	1.24786819	0	100	0	0	3
398	58400	0	2.34213922	14.50644	14.5361211	14.0384878	15.0513379	0.0894328451	1.24786819	0	100	0	0	3
399	58402	0	2.34802399	14.5446478	14.5368654	14.0384878	15.0513379	0.0894328451	1.24786819	0	100	0	0	3
400	58405	0	2.35390876	14.5073593	14.5374148	14.0384878	15.0513379	0.0894328451	1.24786819	0	100	0	0	3
401	58412	0	2.35979354	14.4275429	14.5359106	14.0384878	15.0513379	0.0894328451	1.24786819	0	100	0	0	3
402	58415	0	2.36567831	14.414122	14.5333079	14.0384878	15.0513379	0.0894328451	1.24786819	0	100	0	0	3
403	58418	0	2.37156308	14.5726033	14.5323196	14.0384878	15.0513379	0.0894328451	1.24786819	0	100	0	0	3
404	58420	0	2.37744785	14.5051207	14.5337358	14.0384878	15.0513379	0.0894328451	1.24786819	0	100	0	0	3
405	58423	0	2.38333262	14.6219212	14.5372705	14.0384878	15.0513379	0.0894328451	1.24786819	0	100	0	0	3
406	58426	0	2.3892174	14.582456	14.5386146	14.0384878	15.0513379	0.0894328451	1.24786819	0	100	0	0	3
407	58428	0	2.39510217	14.7639044	14.541224	14.0384878	15.0513379	0.0894328451	1.24786819	0	100	0	0	3
408	58431	0	2.40098694	14.5064191	14.5415839	14.0384878	15.0513379	0.0894328451	1.24786819	0	100	0	0	3
409	58433	0	2.40687171	14.5549644	14.5429419	14.0384878	15.0513379	0.0894328451	1.24786819	0	100	0	0	3
410	58436	0	2.41275648	14.6326493	14.545973	14.0384878	15.0513379	0.0894328451	1.24786819	0	100	0	0	3
411	58438	0	2.41864126	14.5503556	14.544801	14.0384878	15.0513379	0.0894328451	1.24786819	0	100	0	0	3
412	58441	0	2.42452603	14.4660683	14.545825	14.0384878	15.0513379	0.0894328451	1.24786819	0	100	0	0	3
413	58443	0	2.4304108	14.6656749	14.547177	14.0384878	15.0513379	0.0894328451	1.24786819	0	100	0	0	3
414	58446	0	2.43629557	14.7599713	14.5478335	14.0384878	15.0513379	0.0894328451	1.24786819	0	100	0	0	3
415	58448	0	2.44218034	14.9304326	14.5502671	14.0384878	15.0513379	0.0894328451	1.24786819	0	100	0	0	3
416	58450	0	2.44806512	14.5279718	14.546871	14.0384878	15.0513379	0.0894328451	1.24786819	0	100	0	0	3
417	58453	0	2.45394989	14.7452345	14.5481561	14.0384878	15.0513379	0.0894328451	1.24786819	0	100	0	0	3
418	58455	0	2.45983466	14.7520222	14.5505036	14.0384878	15.0513379	0.0894328451	1.24786819	0	100	0	0	3
419	58457	0	2.46571943	14.9984907	14.555109	14.0384878	15.0513379	0.0894328451	1.24786819	0	100	0	0	3
420	58460	0	2.4716042	14.9368403	14.5578341	14.0384878	15.0513379	0.0894328451	1.24786819	0	100	0	0	3
421	58463	0	2.47748898	14.7160699	14.5580851	14.0384878	15.0513379	0.0894328451	1.24786819	0	100	0	0	3
422	58465	0	2.48337375	14.6546989	14.5624281	14.0384878	15.0513379	0.0894328451	1.24786819	0	100	0	0	3
423	58467	0	2.48925852	14.8704537	14.5653637	14.0384878	15.0513379	0.0894328451	1.24786819	0	100	0	0	3
424	58470	0	2.49514329	14.8713801	14.5676076	14.0384878	15.0513379	0.0894328451	1.24786819	0	100	0	0	3
425	58473	0	2.50102806	14.9317446	14.5696868	14.0384878	15.0513379	0.0894328451	1.24786819	0	100	0	0	3
426	58475	0	2.50691283	14.9053004	14.5713235	14.0384878	15.0513379	0.0894328451	1.24786819	0	100	0	0	3
427	58478	0	2.51279761	14.7723707	14.5740289	14.0384878	15.0513379	0.0894328451	1.24786819	0	100	0	0	3
428	58480	0	2.51868238	14.782064	14.5785968	14.0384878	15.0513379	0.0894328451	1.24786819	0	100	0	0	3
429	58483	0	2.52456715	14.9879929	14.5877015	14.0384878	15.0513379	0.0894328451	1.24786819	0	100	0	0	3
430	58485	0	2.53045192	14.8734917	14.5950035	14.0384878	15.0513379	0.0919733309	1.24786819	0	100	0	0	3
431	58488	0	2.53633669	14.9546437	14.6028488	14.0384878	15.0513379	0.0998186239	1.24786819	0	100	0	0	3
432	58490	0	2.54222147	14.8293519	14.606683	14.0384878	15.0513379	0.103652869	1.24786819	0	100	0	0	3
433	58493	0	2.54810624	14.6106058	14.6102611	14.0384878	15.0513379	0.107230925	1.24786819	0	100	0	0	3
434	58495	0	2.55399101	14.6197681	14.6139204	14.0384878	15.0513379	0.11089025	1.24786819	0	100	0	0	3
435	58498	0	2.55987578	14.6482635	14.615625	14.0384878	15.0513379	0.112594885	1.24786819	0	100	0	0	3
436	58500	0	2.56576055	14.7842021	14.6177097	14.0384878	15.0513379	0.114679511	1.24786819	0	100	0	0	3
437	58503	0	2.57164533	14.7375454	14.6210411	14.0384878	15.0513379	0.118010936	1.24786819	0	100	0	0	3
438	58505	0	2.5775301	14.5078164	14.6213984	14.0384878	15.0513379	0.118368257	1.24786819	0	100	0	0	3
439	58508	0	2.58341487	14.6218651	14.6250901	14.0384878	15.0513379	0.122059936	1.24786819	0	100	0	0	3
440	58510	0	2.58929964	14.7617538	14.6327414	14.0384878	15.0513379	0.129711257	1.24786819	0	100	0	0	3
441	58513	0	2.59518441	14.8437321	14.6422149	14.2387285	15.0513379	0.139184719	1.24786819	0	100	0	0	3
442	58516	0	2.60106919	14.578182	14.6458504	14.2387285	15.0513379	0.142820237	1.24786819	0	100	0	0	3
443	58518	0	2.60695396	14.5465546	14.6476292	14.2387285	15.0513379	0.140248948	1.24786819	0	100	0	0	3
444	58521	0	2.61283873	14.8937406	14.6510535	14.2387285	15.0513379	0.143000918	1.24786819	0	100	0	0	3
445	58523	0	2.6187235	14.8408121	14.6559376	14.2387285	15.0513379	0.145087556	1.24786819	0	100	0	0	3
446	58526	0	2.62460827	14.4816969	14.6552401	14.2387285	15.0513379	0.141838646	1.24786819	0	100	0	0	3
447	58529	0	2.63049304	14.5538306	14.6546206	14.2387285	15.0513379	0.133647912	1.24786819	0	100	0	0	3
448	58531	0	2.63637782	14.7592994	14.654683	14.2387285	15.0513379	0.127778408	1.24786819	0	100	0	0	3
449	58534	0	2.64226259	14.5674619	14.6534679	14.2387285	15.0513379	0.125256901	1.24786819	0	100	0	0	3
450	58536	0	2.64814736	14.7021524	14.6551237	14.2387285	15.0513379	0.123617928	1.24786819	0	100	0	0	3
451	58539	0	2.65403213	14.9288112	14.6583128	14.2387285	15.0513379	0.125993188	1.24786819	0	100	0	0	3
452	58542	0	2.6599169	14.8029391	14.6577485	14.2387285	15.0513379	0.125993188	1.24786819	0	100	0	0	3
453	58544	0	2.66580168	14.6668465	14.656043	14.2387285	15.0513379	0.125993188	1.24786819	0	100	0	0	3
454	58547	0	2.67168645	14.3254546	14.6492161	14.2387285	15.0513379	0.125993188	1.24786819	0	100	0	0	3
455	58549	0	2.67757122	14.5762578	14.648746	14.2387285	15.0513379	0.125993188	1.24786819	0	100	0	0	3
456	58552	0	2.68345599	14.8866861	14.6506187	14.2387285	15.0513379	0.125993188	1.24786819	0	100	0	0	3
457	58554	0	2.68934076	14.7382349	14.6502566	14.2387285	15.0513379	0.125993188	1.24786819	0	100	0	0	3
458	58557	0	2.69522554	14.5726986	14.6490186	14.2387285	15.0513379	0.125993188	1.24786819	0	100	0	0	3
459	58559	0	2.70111031	14.4457334	14.6437135	14.2387285	15.0513379	0.125993188	1.24786819	0	100	0	0	3
460	58562	0	2.70699508	14.5909762	14.6392359	14.2387285	15.0513379	0.125993188	1.24786819	0	100	0	0	3
461	58564	0	2.71287985	14.8729879	14.6404027	14.2387285	15.0513379	0.125993188	1.24786819	0	100	0	0	3
462	58566	0	2.71876462	14.8401971	14.6379187	14.2387285	14.9984907	0.125993188	1.24786819	0	100	0	0	3
463	58569	0	2.7246494	14.745671	14.6353888	14.2387285	14.9984907	0.125993188	1.24786819	0	100	0	0	3
464	58571	0	2.73053417	14.5516008	14.6317553	14.2387285	14.9984907	0.125993188	1.24786819	0	100	0	0	3
465	58574	0	2.73641894	14.541266	14.6298659	14.2387285	14.9984907	0.125993188	1.24786819	0	100	0	0	3
466	58576	0	2.74230371	14.7104505	14.6333016	14.2387285	14.9984907	0.125993188	1.24786819	0	100	0	0	3
467	58579	0	2.74818848	14.818159	14.6385781	14.2387285	14.9984907	0.125993188	1.24786819	0	100	0	0	3
468	58581	0	2.75407326	14.6068341	14.640954	14.2387285	14.9984907	0.125993188	1.24786819	0	100	0	0	3
469	58584	0	2.75995803	14.6835361	14.6444856	14.2387285	14.9984907	0.125993188	1.24786819	0	100	0	0	3
470	58587	0	2.7658428	14.60152	14.6454116	14.2387285	14.9984907	0.125993188	1.24786819	0	100	0	0	3
471	58589	0	2.77172757	14.7606636	14.6478622	14.2387285	14.9984907	0.125993188	1.24786819	0	100	0	0	3
472	58592	0	2.77761234	14.8441258	14.6516716	14.2387285	14.9984907	0.125993188	1.24786819	0	100	0	0	3
473	58594	0	2.78349711	14.7716774	14.6561916	14.2387285	14.9984907	0.125993188	1.24786819	0	100	0	0	3
474	58596	0	2.78938189	14.812264	14.6615619	14.2387285	14.9984907	0.129242308	1.24786819	0	100	0	0	3
475	58599	0	2.79526666	14.8707055	14.6664505	14.2387285	14.9984907	0.13413083	1.24786819	0	100	0	0	3
476	58601	0	2.80115143	14.9067972	14.6730663	14.2387285	14.9984907	0.140746634	1.24786819	0	100	0	0	3
477	58603	0	2.8070362	14.9363682	14.6812738	14.2661366	14.9984907	0.14895416	1.24786819	0	100	0	0	3
478	58606	0	2.81292097	14.9048209	14.6865433	14.2661366	14.9984907	0.15422364	1.24786819	0	100	0	0	3
479	58608	0	2.81880575	14.8215724	14.6930778	14.293704	14.9984907	0.160758178	1.24786819	0	100	0	0	3
480	58611	0	2.82469052	15.0711237	14.7018469	14.293704	15.0711237	0.169527268	1.24786819	0	100	0	0	3
481	58613	0	2.83057529	14.8947872	14.7089185	14.3254546	15.0711237	0.176598834	1.24786819	0	100	0	0	3
482	58616	0	2.83646006	14.8020247	14.7127747	14.3254546	15.0711237	0.180455069	1.24786819	0	100	0	0	3
483	58618	0	2.84234483	14.6024568	14.7139043	14.3254546	15.0711237	0.181584678	1.24786819	0	100	0	0	3
484	58620	0	2.84822961	14.953585	14.7187153	14.3254546	15.0711237	0.186395704	1.24786819	0	100	0	0	3
485	58623	0	2.85411438	15.0274238	14.7248337	14.3254546	15.0711237	0.19251411	1.24786819	0	100	0	0	3
486	58625	0	2.85999915	14.9317143	14.7307652	14.3254546	15.0711237	0.198445539	1.24786819	0	100	0	0	3
487	58628	0	2.86588392	14.8421009	14.7358002	14.3254546	15.0711237	0.203480585	1.24786819	0	100	0	0	3
488	58631	0	2.87176869	14.7447574	14.7378256	14.3254546	15.0711237	0.204089751	1.24786819	0	100	0	0	3
489	58633	0	2.87765347	14.7318316	14.7404927	14.3254546	15.0711237	0.203222247	1.24786819	0	100	0	0	3
490	58636	0	2.88353824	14.6817917	14.7411971	14.3254546	15.0711237	0.202582541	1.24786819	0	100	0	0	3
491	58638	0	2.88942301	14.8329054	14.7441436	14.3254546	15.0711237	0.202919583	1.24786819	0	100	0	0	3
492	58641	0	2.89530778	14.8682257	14.7453709	14.3254546	15.0711237	0.203786937	1.24786819	0	100	0	0	3
493	58643	0	2.90119255	14.6273848	14.746794	14.3254546	15.0711237	0.203852076	1.24786819	0	100	0	0	3
494	58646	0	2.90707732	14.6066354	14.7474019	14.3254546	15.0711237	0.202600909	1.24786819	0	100	0	0	3
495	58649	0	2.9129621	14.4415219	14.7451533	14.3254546	15.0711237	0.202600909	1.24786819	0	100	0	0	3
496	58651	0	2.91884687	14.3236974	14.7424868	14.3236974	15.0711237	0.201576863	1.24786819	0	100	0	0	3
497	58654	0	2.92473164	14.1313667	14.7385491	14.1313667	15.0711237	0.200530851	1.24786819	0	100	0	0	3
498	58656	0	2.93061641	14.453196	14.7360494	14.1313667	15.0711237	0.200530851	1.24786819	0	100	0	0	3
499	58659	0	2.93650118	14.5436947	14.7335049	14.1313667	15.0711237	0.200530851	1.24786819	0	100	0	0	3
500	58661	0	2.94238596	14.4166594	14.7274605	14.1313667	15.0711237	0.200530851	1.24786819	0	100	0	0	3
501	58668	0	2.94827073	14.7750637	14.7303675	14.1313667	15.0711237	0.199245771	1.24786819	0	100	0	0	3
502	58671	0	2.9541555	14.7439762	14.7303527	14.1313667	15.0711237	0.196898283	1.24786819	0	100	0	0	3
503	58673	0	2.96004027	14.5359786	14.727811	14.1313667	15.0711237	0.192292897	1.24786819	0	100	0	0	3
504	58676	0	2.96592504	14.5570367	14.7226174	14.1313667	15.0711237	0.18956776	1.24786819	0	100	0	0	3
505	58678	0	2.97180982	14.6029085	14.7186888	14.1313667	15.0711237	0.189316815	1.24786819	0	100	0	0	3
506	58680	0	2.97769459	14.7080937	14.718595	14.1313667	15.0711237	0.184973776	1.24786819	0	100	0	0	3
507	58683	0	2.98357936	14.7982148	14.7202834	14.1313667	15.0711237	0.182038209	1.24786819	0	100	0	0	3
508	58685	0	2.98946413	14.8261939	14.7197627	14.1313667	15.0711237	0.179794334	1.24786819	0	100	0	0	3
509	58688	0	2.9953489	15.0660156	14.7220525	14.1313667	15.0711237	0.177715113	1.24786819	0	100	0	0	3
510	58690	0	3.00123368	14.9210616	14.7219268	14.1313667	15.0711237	0.176078383	1.24786819	0	100	0	0	3
511	58693	0	3.00711845	14.9360458	14.7222886	14.1313667	15.0711237	0.173373012	1.24786819	0	100	0	0	3
512	58695	0	3.01300322	15.0336997	14.725363	14.1313667	15.0711237	0.168805126	1.24786819	0	100	0	0	3
513	58698	0	3.01888799	15.1100054	14.7292211	14.1313667	15.1100054	0.15970037	1.24786819	0	100	0	0	3
514	58700	0	3.02477276	15.265059	14.7324807	14.1313667	15.265059	0.152398422	1.24786819	0	100	0	0	3
515	58703	0	3.03065753	15.0849371	14.7349683	14.1313667	15.265059	0.144553129	1.24786819	0	100	0	0	3
516	58705	0	3.03654231	14.9154446	14.7345072	14.1313667	15.265059	0.140718884	1.24786819	0	100	0	0	3
517	58708	0	3.04242708	14.8862882	14.735177	14.1313667	15.265059	0.137140828	1.24786819	0	100	0	0	3
518	58711	0	3.04831185	14.6225759	14.7353178	14.1313667	15.265059	0.133481503	1.24786819	0	100	0	0	3
519	58713	0	3.05419662	14.7286227	14.7365985	14.1313667	15.265059	0.131776869	1.24786819	0	100	0	0	3
520	58716	0	3.06008139	14.6948811	14.7371469	14.1313667	15.265059	0.129692242	1.24786819	0	100	0	0	3
521	58718	0	3.06596617	14.5899735	14.7348619	14.1313667	15.265059	0.126360817	1.24786819	0	100	0	0	3
522	58721	0	3.07185094	14.2736445	14.7294042	14.1313667	15.265059	0.126003496	1.24786819	0	100	0	0	3
523	58723	0	3.07773571	14.5175597	14.7295188	14.1313667	15.265059	0.122311817	1.24786819	0	100	0	0	3
524	58726	0	3.08362048	14.5441401	14.7286044	14.1313667	15.265059	0.11753604	1.24786819	0	100	0	0	3
525	58729	0	3.08950525	14.4981769	14.7255035	14.1313667	15.265059	0.11753604	1.24786819	0	100	0	0	3
526	58731	0	3.09539003	14.3978059	14.7202573	14.1313667	15.265059	0.11753604	1.24786819	0	100	0	0	3
527	58734	0	3.1012748	14.6443147	14.7210354	14.1313667	15.265059	0.11753604	1.24786819	0	100	0	0	3
528	58736	0	3.10715957	14.8192317	14.7242433	14.1313667	15.265059	0.11753604	1.24786819	0	100	0	0	3
529	58739	0	3.11304434	14.8929846	14.7242344	14.1313667	15.265059	0.11753604	1.24786819	0	100	0	0	3
530	58742	0	3.11892911	14.6511067	14.7220026	14.1313667	15.265059	0.11753604	1.24786819	0	100	0	0	3
531	58744	0	3.12481389	15.0182911	14.7283155	14.1313667	15.265059	0.11753604	1.24786819	0	100	0	0	3
532	58747	0	3.13069866	14.9755472	14.7332769	14.1313667	15.265059	0.11753604	1.24786819	0	100	0	0	3
533	58750	0	3.13658343	14.8208751	14.7340013	14.1313667	15.265059	0.11753604	1.24786819	0	100	0	0	3
534	58752	0	3.1424682	14.6575311	14.7350609	14.1313667	15.265059	0.11753604	1.24786819	0	100	0	0	3
535	58755	0	3.14835297	14.7468205	14.7355864	14.1313667	15.265059	0.11753604	1.24786819	0	100	0	0	3
536	58757	0	3.15423775	14.9013388	14.7352632	14.1313667	15.265059	0.11753604	1.24786819	0	100	0	0	3
537	58760	0	3.16012252	15.1076691	14.7388483	14.1313667	15.265059	0.11753604	1.24786819	0	100	0	0	3
538	58762	0	3.16600729	14.9873976	14.7426195	14.1313667	15.265059	0.11753604	1.24786819	0	100	0	0	3
539	58765	0	3.17189206	14.9420014	14.749873	14.1313667	15.265059	0.120007106	1.24786819	0	100	0	0	3
540	58768	0	3.17777683	14.7035457	14.7513705	14.1313667	15.265059	0.12150461	1.24786819	0	100	0	0	3
541	58770	0	3.1836616	14.7206833	14.7494175	14.1313667	15.265059	0.12150461	1.24786819	0	100	0	0	3
542	58772	0	3.18954638	14.9418277	14.7518127	14.1313667	15.265059	0.121946846	1.24786819	0	100	0	0	3
543	58775	0	3.19543115	15.0128703	14.7569912	14.1313667	15.265059	0.127125336	1.24786819	0	100	0	0	3
544	58777	0	3.20131592	14.9961834	14.7634671	14.1313667	15.265059	0.133601219	1.24786819	0	100	0	0	3
545	58780	0	3.20720069	14.7006171	14.764757	14.1313667	15.265059	0.134891112	1.24786819	0	100	0	0	3
546	58782	0	3.21308546	14.630323	14.7619021	14.1313667	15.265059	0.134891112	1.24786819	0	100	0	0	3
547	58785	0	3.21897024	14.9750146	14.7634882	14.1313667	15.265059	0.134891112	1.24786819	0	100	0	0	3
548	58788	0	3.22485501	14.7603824	14.7636613	14.1313667	15.265059	0.134891112	1.24786819	0	100	0	0	3
549	58790	0	3.23073978	14.8028178	14.7666167	14.1313667	15.265059	0.136750889	1.24786819	0	100	0	0	3
550	58792	0	3.23662455	14.7920164	14.7695667	14.1313667	15.265059	0.13626513	1.24786819	0	100	0	0	3
551	58795	0	3.24250932	14.8521026	14.7712332	14.1313667	15.265059	0.132655171	1.24786819	0	100	0	0	3
552	58797	0	3.2483941	14.8551227	14.7716681	14.1313667	15.265059	0.130714073	1.24786819	0	100	0	0	3
553	58800	0	3.25427887	14.8374334	14.774381	14.1313667	15.265059	0.129895433	1.24786819	0	100	0	0	3
554	58802	0	3.26016364	14.8441379	14.7762705	14.1313667	15.265059	0.130858838	1.24786819	0	100	0	0	3
555	58805	0	3.26604841	14.8684774	14.7794112	14.1313667	15.265059	0.131548991	1.24786819	0	100	0	0	3
556	58807	0	3.27193318	14.7300826	14.7790514	14.1313667	15.265059	0.127739582	1.24786819	0	100	0	0	3
557	58810	0	3.27781796	14.8117664	14.7786707	14.1313667	15.265059	0.12321955	1.24786819	0	100	0	0	3
558	58812	0	3.28370273	14.9668349	14.7809666	14.1313667	15.265059	0.119404711	1.24786819	0	100	0	0	3
559	58815	0	3.2895875	14.5921323	14.7783769	14.1313667	15.265059	0.11451619	1.24786819	0	100	0	0	3
560	58817	0	3.29547227	14.4543749	14.7734789	14.1313667	15.265059	0.107900385	1.24786819	0	100	0	0	3
561	58820	0	3.30135704	14.5569772	14.7693633	14.1313667	15.265059	0.0996928593	1.24786819	0	100	0	0	3
562	58822	0	3.30724181	14.6065275	14.7654828	14.1313667	15.265059	0.0944233797	1.24786819	0	100	0	0	3
563	58825	0	3.31312659	14.8432349	14.7647583	14.1313667	15.265059	0.0878888413	1.24786819	0	100	0	0	3
564	58828	0	3.31901136	14.5972984	14.7621198	14.1313667	15.265059	0.0791197515	1.24786819	0	100	0	0	3
565	58830	0	3.32489613	14.6661478	14.7573554	14.1313667	15.265059	0.0720481851	1.24786819	0	100	0	0	3
566	58833	0	3.3307809	14.656565	14.7545528	14.1313667	15.265059	0.0681919507	1.24786819	0	100	0	0	3
567	58835	0	3.33666567	14.6805559	14.7531237	14.1313667	15.265059	0.0670623412	1.24786819	0	100	0	0	3
568	58838	0	3.34255045	14.5427061	14.7524208	14.1313667	15.265059	0.0623716693	1.24786819	0	100	0	0	3
569	58840	0	3.34843522	14.965848	14.752565	14.1313667	15.265059	0.0623716693	1.24786819	0	100	0	0	3
570	58843	0	3.35431999	14.7895504	14.7497665	14.1313667	15.265059	0.0623716693	1.24786819	0	100	0	0	3
571	58846	0	3.36020476	14.6771766	14.746772	14.1313667	15.265059	0.0623716693	1.24786819	0	100	0	0	3
572	58848	0	3.36608953	14.6294643	14.7442704	14.1313667	15.265059	0.0623716693	1.24786819	0	100	0	0	3
573	58851	0	3.37197431	14.5930642	14.7424857	14.1313667	15.265059	0.0623716693	1.24786819	0	100	0	0	3
574	58853	0	3.37785908	14.7283318	14.7424446	14.1313667	15.265059	0.0623716693	1.24786819	0	100	0	0	3
575	58856	0	3.38374385	14.7245289	14.7429473	14.1313667	15.265059	0.0623716693	1.24786819	0	100	0	0	3
576	58858	0	3.38962862	14.5078154	14.7391228	14.1313667	15.265059	0.0623716693	1.24786819	0	100	0	0	3
577	58861	0	3.39551339	14.7308933	14.7375071	14.1313667	15.265059	0.0623716693	1.24786819	0	100	0	0	3
578	58864	0	3.40139817	14.5904424	14.7370725	14.1313667	15.265059	0.0623716693	1.24786819	0	100	0	0	3
579	58866	0	3.40728294	14.4866237	14.7356606	14.1313667	15.265059	0.0623716693	1.24786819	0	100	0	0	3
580	58869	0	3.41316771	14.571962	14.7371951	14.1313667	15.265059	0.0623716693	1.24786819	0	100	0	0	3
581	58871	0	3.41905248	14.5998898	14.7404445	14.1313667	15.265059	0.0623716693	1.24786819	0	100	0	0	3
582	58874	0	3.42493725	14.1782441	14.740996	14.1782441	15.265059	0.0623716693	1.24786819	0	100	0	0	3
583	58877	0	3.43082202	14.3015737	14.7392122	14.1782441	15.265059	0.0623716693	1.24786819	0	100	0	0	3
584	58879	0	3.4367068	14.5732965	14.7395604	14.1782441	15.265059	0.0623716693	1.24786819	0	100	0	0	3
585	58881	0	3.44259157	14.5676658	14.741337	14.1782441	15.265059	0.0623716693	1.24786819	0	100	0	0	3
586	58884	0	3.44847634	14.3170072	14.7359481	14.1782441	15.265059	0.0623716693	1.24786819	0	100	0	0	3
587	58886	0	3.45436111	14.1999509	14.7295478	14.1782441	15.265059	0.0623716693	1.24786819	0	100	0	0	3
588	58889	0	3.46024588	14.1681013	14.7252198	14.1681013	15.265059	0.0623716693	1.24786819	0	100	0	0	3
589	58891	0	3.46613066	14.4608922	14.7240887	14.1681013	15.265059	0.0623716693	1.24786819	0	100	0	0	3
590	58893	0	3.47201543	14.4663886	14.7224826	14.1681013	15.265059	0.0623716693	1.24786819	0	100	0	0	3
591	58896	0	3.4779002	14.2497284	14.7170901	14.1681013	15.265059	0.0638765949	1.24786819	0	100	0	0	3
592	58898	0	3.48378497	14.3599712	14.7119342	14.1681013	15.265059	0.069032401	1.24786819	0	100	0	0	3
593	58901	0	3.48966974	14.7360346	14.7108735	14.1681013	15.265059	0.0700930983	1.24786819	0	100	0	0	3
594	58904	0	3.49555452	14.7255822	14.7068685	14.1681013	15.265059	0.0740981971	1.24786819	0	100	0	0	3
595	58906	0	3.50143929	14.5274042	14.7022372	14.1681013	15.265059	0.0787294604	1.24786819	0	100	0	0	3
596	58909	0	3.50732406	14.4946107	14.6970438	14.1681013	15.265059	0.0839228141	1.24786819	0	100	0	0	3
597	58911	0	3.51320883	14.745514	14.6936534	14.1681013	15.265059	0.0873132336	1.24786819	0	100	0	0	3
598	58914	0	3.5190936	14.8895976	14.6910604	14.1681013	15.265059	0.0899062658	1.24786819	0	100	0	0	3
599	58916	0	3.52497838	14.9450129	14.6872951	14.1681013	15.1076691	0.0936715143	1.24786819	0	100	0	0	3
600	58919	0	3.53086315	14.7603103	14.683476	14.1681013	15.1076691	0.0974906539	1.24786819	0	100	0	0	3
601	58926	0	3.53674792	14.6050266	14.679824	14.1681013	15.1076691	0.10114263	1.24786819	0	100	0	0	3
602	58928	0	3.54263269	14.7335187	14.6780267	14.1681013	15.1076691	0.102939917	1.24786819	0	100	0	0	3
603	58931	0	3.54851746	14.9716101	14.682133	14.1681013	15.1076691	0.102939917	1.24786819	0	100	0	0	3
604	58933	0	3.55440224	14.7717412	14.6826403	14.1681013	15.1076691	0.102939917	1.24786819	0	100	0	0	3
605	58936	0	3.56028701	14.8144952	14.6840475	14.1681013	15.1076691	0.102939917	1.24786819	0	100	0	0	3
606	58938	0	3.56617178	14.809834	14.6866341	14.1681013	15.1076691	0.102939917	1.24786819	0	100	0	0	3
607	58941	0	3.57205655	15.1263097	14.6966655	14.1681013	15.1263097	0.102939917	1.24786819	0	100	0	0	3
608	58943	0	3.57794132	14.9202215	14.7014027	14.1681013	15.1263097	0.102939917	1.24786819	0	100	0	0	3
609	58946	0	3.58382609	14.8188271	14.7046343	14.1681013	15.1263097	0.102939917	1.24786819	0	100	0	0	3
610	58949	0	3.58971087	14.7693917	14.707825	14.1681013	15.1263097	0.102939917	1.24786819	0	100	0	0	3
611	58951	0	3.59559564	14.9592397	14.7144301	14.1681013	15.1263097	0.102939917	1.24786819	0	100	0	0	3
612	58954	0	3.60148041	14.8501681	14.7168519	14.1681013	15.1263097	0.102939917	1.24786819	0	100	0	0	3
613	58956	0	3.60736518	14.9757259	14.7186931	14.1681013	15.1263097	0.102939917	1.24786819	0	100	0	0	3
614	58959	0	3.61324995	14.8545641	14.718241	14.1681013	15.1263097	0.102939917	1.24786819	0	100	0	0	3
615	58961	0	3.61913473	14.9243365	14.7214555	14.1681013	15.1263097	0.102939917	1.24786819	0	100	0	0	3
616	58964	0	3.6250195	14.6625733	14.7172706	14.1681013	15.1263097	0.102939917	1.24786819	0	100	0	0	3
617	58966	0	3.63090427	14.8498584	14.7157919	14.1681013	15.1263097	0.102939917	1.24786819	0	100	0	0	3
618	58969	0	3.63678904	14.8299605	14.7158988	14.1681013	15.1263097	0.102939917	1.24786819	0	100	0	0	3
619	58971	0	3.64267381	15.1161376	14.7212942	14.1681013	15.1263097	0.102939917	1.24786819	0	100	0	0	3
620	58974	0	3.64855859	14.8978651	14.7230712	14.1681013	15.1263097	0.102939917	1.24786819	0	100	0	0	3
621	58976	0	3.65444336	14.7023716	14.7207304	14.1681013	15.1263097	0.102939917	1.24786819	0	100	0	0	3
622	58979	0	3.66032813	14.7929221	14.7170275	14.1681013	15.1263097	0.102939917	1.24786819	0	100	0	0	3
623	58981	0	3.6662129	14.7686994	14.7144545	14.1681013	15.1263097	0.102939917	1.24786819	0	100	0	0	3
624	58984	0	3.67209767	14.8538415	14.7134174	14.1681013	15.1263097	0.102939917	1.24786819	0	100	0	0	3
625	58986	0	3.67798245	14.7080429	14.7134703	14.1681013	15.1263097	0.102939917	1.24786819	0	100	0	0	3
626	58988	0	3.68386722	14.6677397	14.7128474	14.1681013	15.1263097	0.102939917	1.24786819	0	100	0	0	3
627	58991	0	3.68975199	14.8028774	14.7112127	14.1681013	15.1263097	0.102939917	1.24786819	0	100	0	0	3
628	58993	0	3.69563676	14.8913983	14.7097836	14.1681013	15.1263097	0.102939917	1.24786819	0	100	0	0	3
629	58995	0	3.70152153	15.098385	14.710986	14.1681013	15.1263097	0.102939917	1.24786819	0	100	0	0	3
630	58998	0	3.7074063	14.8873046	14.7131823	14.1681013	15.1263097	0.102939917	1.24786819	0	100	0	0	3
631	59000	0	3.71329108	14.8076511	14.7152685	14.1681013	15.1263097	0.102939917	1.24786819	0	100	0	0	3
632	59003	0	3.71917585	14.5904991	14.7107448	14.1681013	15.1263097	0.102939917	1.24786819	0	100	0	0	3
633	59005	0	3.72506062	14.6480793	14.7094236	14.1681013	15.1263097	0.102939917	1.24786819	0	100	0	0	3
634	59008	0	3.73094539	14.5210856	14.7061091	14.1681013	15.1263097	0.102939917	1.24786819	0	100	0	0	3
635	59011	0	3.73683016	14.2718863	14.6999899	14.1681013	15.1263097	0.102939917	1.24786819	0	100	0	0	3
636	59013	0	3.74271494	14.3858792	14.6945049	14.1681013	15.1263097	0.102939917	1.24786819	0	100	0	0	3
637	59016	0	3.74859971	14.4829796	14.6901268	14.1681013	15.1263097	0.102939917	1.24786819	0	100	0	0	3
638	59018	0	3.75448448	14.3176364	14.6840115	14.1681013	15.1263097	0.102939917	1.24786819	0	100	0	0	3
639	59021	0	3.76036925	14.2033343	14.6764727	14.1681013	15.1263097	0.10449398	1.24786819	0	100	0	0	3
640	59023	0	3.76625402	14.1310144	14.6677966	14.1310144	15.1263097	0.113170016	1.24786819	0	100	0	0	3
641	59026	0	3.7721388	14.4235717	14.6641906	14.1310144	15.1263097	0.116776026	1.24786819	0	100	0	0	3
642	59028	0	3.77802357	14.4901214	14.6604066	14.1310144	15.1263097	0.120560085	1.24786819	0	100	0	0	3
643	59031	0	3.78390834	14.577417	14.6558252	14.1310144	15.1263097	0.122551687	1.24786819	0	100	0	0	3
644	59034	0	3.78979311	14.3756158	14.6532779	14.1310144	15.1263097	0.120200933	1.24786819	0	100	0	0	3
645	59036	0	3.79567788	14.5034529	14.6538553	14.1310144	15.1263097	0.116085404	1.24786819	0	100	0	0	3
646	59039	0	3.80156266	14.5619566	14.6539139	14.1310144	15.1263097	0.112204925	1.24786819	0	100	0	0	3
647	59041	0	3.80744743	14.8773894	14.6571005	14.1310144	15.1263097	0.111480384	1.24786819	0	100	0	0	3
648	59044	0	3.8133322	14.900884	14.6577787	14.1310144	15.1263097	0.108841866	1.24786819	0	100	0	0	3
649	59046	0	3.81921697	14.8711101	14.661	14.1310144	15.1263097	0.104077444	1.24786819	0	100	0	0	3
650	59049	0	3.82510174	14.8314177	14.6629444	14.1310144	15.1263097	0.10127483	1.24786819	0	100	0	0	3
651	59052	0	3.83098651	14.7946076	14.6645684	14.1310144	15.1263097	0.0998457856	1.24786819	0	100	0	0	3
652	59054	0	3.83687129	14.7059477	14.6648672	14.1310144	15.1263097	0.0992871064	1.24786819	0	100	0	0	3
653	59057	0	3.84275606	14.9918572	14.6701513	14.1310144	15.1263097	0.0992871064	1.24786819	0	100	0	0	3
654	59059	0	3.84864083	15.0407542	14.6710325	14.1310144	15.1263097	0.0964885954	1.24786819	0	100	0	0	3
655	59062	0	3.8545256	14.9759858	14.6732259	14.1310144	15.1263097	0.0934940343	1.24786819	0	100	0	0	3
656	59064	0	3.86041037	14.7740066	14.6743651	14.1310144	15.1263097	0.0909924277	1.24786819	0	100	0	0	3
657	59067	0	3.86629515	15.0134856	14.678883	14.1310144	15.1263097	0.0896694186	1.24786819	0	100	0	0	3
658	59069	0	3.87217992	15.0761883	14.6845668	14.1310144	15.1263097	0.0896694186	1.24786819	0	100	0	0	3
659	59072	0	3.87806469	14.8090926	14.6855169	14.1310144	15.1263097	0.0896694186	1.24786819	0	100	0	0	3
660	59075	0	3.88394946	14.8708091	14.6872378	14.1310144	15.1263097	0.0880590564	1.24786819	0	100	0	0	3
661	59077	0	3.88983423	15.296116	14.696512	14.1310144	15.296116	0.0880590564	1.24786819	0	100	0	0	3
662	59080	0	3.89571901	15.0441875	14.7001978	14.1310144	15.296116	0.0880590564	1.24786819	0	100	0	0	3
663	59082	0	3.90160378	14.8083643	14.7027616	14.1310144	15.296116	0.0880590564	1.24786819	0	100	0	0	3
664	59085	0	3.90748855	14.8645156	14.7072074	14.1310144	15.296116	0.0880590564	1.24786819	0	100	0	0	3
665	59088	0	3.91337332	14.7227126	14.7089809	14.1310144	15.296116	0.0880590564	1.24786819	0	100	0	0	3
666	59090	0	3.91925809	14.7063351	14.7102332	14.1310144	15.296116	0.0880590564	1.24786819	0	100	0	0	3
667	59093	0	3.92514287	14.7994509	14.7175415	14.1310144	15.296116	0.0880590564	1.24786819	0	100	0	0	3
668	59095	0	3.93102764	14.7855335	14.7232352	14.1310144	15.296116	0.0880590564	1.24786819	0	100	0	0	3
669	59098	0	3.93691241	14.900431	14.7270838	14.1310144	15.296116	0.0880590564	1.24786819	0	100	0	0	3
670	59100	0	3.94279718	14.7654353	14.7294105	14.1310144	15.296116	0.0826701561	1.24786819	0	100	0	0	3
671	59103	0	3.94868195	14.8431238	14.7356001	14.1310144	15.296116	0.0823221817	1.24786819	0	100	0	0	3
672	59105	0	3.95456673	14.7849492	14.7424824	14.1310144	15.296116	0.0892045144	1.24786819	0	100	0	0	3
673	59108	0	3.9604515	14.5041482	14.7464359	14.1310144	15.296116	0.0931580067	1.24786819	0	100	0	0	3
674	59111	0	3.96633627	14.6660782	14.7488499	14.1310144	15.296116	0.0955719606	1.24786819	0	100	0	0	3
675	59113	0	3.97222104	14.8942579	14.7538836	14.1310144	15.296116	0.100605718	1.24786819	0	100	0	0	3
676	59116	0	3.97810581	14.6570807	14.758676	14.1310144	15.296116	0.105398097	1.24786819	0	100	0	0	3
677	59118	0	3.98399058	14.3810548	14.7589241	14.1310144	15.296116	0.105646139	1.24786819	0	100	0	0	3
678	59121	0	3.98987536	14.6337463	14.7577207	14.1310144	15.296116	0.105646139	1.24786819	0	100	0	0	3
679	59124	0	3.99576013	14.4568767	14.7545594	14.1310144	15.296116	0.105646139	1.24786819	0	100	0	0	3
680	59127	0	4.0016449	14.50894	14.7543422	14.1310144	15.296116	0.105646139	1.24786819	0	100	0	0	3
