Iteration	CPUTime	PhysTime	Travels	Value	AvValue	MinValue	MaxValue	Delta	Criteria	Progress	CriteriaType	CriteriaVarType	CriteriaPercentage
1	14	0	0.00588477191	101308.753	101308.753	101308.753	101308.753	0	0	0	0	0	0	3
2	18	0	0.0117695438	101309.772	101309.262	101308.753	101309.772	0.509744249	0	0	0	0	0	3
3	20	0	0.0176543157	101309.937	101309.487	101308.753	101309.937	0.734733532	0	0	0	0	0	3
4	23	0	0.0235390876	101309.915	101309.594	101308.753	101309.937	0.84165879	0	0	0	0	0	3
5	26	0	0.0294238596	101309.899	101309.655	101308.753	101309.937	0.902616173	0	0	0	0	0	3
6	28	0	0.0353086315	101309.907	101309.697	101308.753	101309.937	0.944552982	0	0	0	0	0	3
7	30	0	0.0411934034	101309.923	101309.729	101308.753	101309.937	0.976834224	0	0	0	0	0	3
8	33	0	0.0470781753	101309.933	101309.755	101308.753	101309.937	1.00223523	0	0	0	0	0	3
9	35	0	0.0529629472	101309.94	101309.775	101308.753	101309.94	1.0228616	0	0	0	0	0	3
10	37	0	0.0588477191	101309.942	101309.792	101308.753	101309.942	1.03950858	0	0	0	0	0	3
11	39	0	0.064732491	101309.945	101309.806	101308.753	101309.945	1.05341111	0	0	0	0	0	3
12	41	0	0.0706172629	101309.944	101309.817	101308.753	101309.945	1.06493994	0	0	0	0	0	3
13	44	0	0.0765020349	101309.946	101309.827	101308.753	101309.946	1.07484259	0	0	0	0	0	3
14	46	0	0.0823868068	101309.944	101309.836	101308.753	101309.946	1.08319049	0	0	0	0	0	3
15	48	0	0.0882715787	101309.946	101309.843	101308.753	101309.946	1.09051469	0	0	0	0	0	3
16	50	0	0.0941563506	101309.942	101309.849	101308.753	101309.946	1.09672849	0	0	0	0	0	3
17	52	0	0.100041123	101309.942	101309.855	101308.753	101309.946	1.10218401	0	0	0	0	0	3
18	55	0	0.105925894	101309.938	101309.859	101308.753	101309.946	1.10679722	0	0	0	0	0	3
19	57	0	0.111810666	101309.936	101309.863	101308.753	101309.946	1.11084288	0	0	0	0	0	3
20	59	0	0.117695438	101309.932	101309.867	101308.753	101309.946	1.11425378	0	0	0	0	0	3
21	62	0	0.12358021	101309.928	101309.87	101308.753	101309.946	1.11717339	0	0	0	0	0	3
22	64	0	0.129464982	101309.922	101309.872	101308.753	101309.946	1.11956131	0	0	0	0	0	3
23	66	0	0.135349754	101309.918	101309.874	101308.753	101309.946	1.12157658	0	0	0	0	0	3
24	69	0	0.141234526	101309.914	101309.876	101308.753	101309.946	1.12324539	0	0	0	0	0	3
25	71	0	0.147119298	101309.912	101309.877	101308.753	101309.946	1.12469398	0	0	0	0	0	3
26	73	0	0.15300407	101309.91	101309.879	101308.753	101309.946	1.12596276	0	0	0	0	0	3
27	76	0	0.158888842	101309.909	101309.88	101308.753	101309.946	1.12709858	0	0	0	0	0	3
28	78	0	0.164773614	101309.909	101309.881	101308.753	101309.946	1.12813154	0	0	0	0	0	3
29	80	0	0.170658385	101309.909	101309.882	101308.753	101309.946	1.12909458	0	0	0	0	0	3
30	82	0	0.176543157	101309.909	101309.883	101308.753	101309.946	1.13000804	0	0	0	0	0	3
31	85	0	0.182427929	101309.91	101309.883	101308.753	101309.946	1.13090742	0	0	0	0	0	3
32	87	0	0.188312701	101309.91	101309.884	101308.753	101309.946	1.1317478	0	0	0	0	0	3
33	89	0	0.194197473	101309.909	101309.885	101308.753	101309.946	1.13249899	0	0	0	0	0	3
34	92	0	0.200082245	101309.908	101309.886	101308.753	101309.946	1.13316118	0	0	0	0	0	3
35	94	0	0.205967017	101309.905	101309.886	101308.753	101309.946	1.13371733	0	0	0	0	0	3
36	96	0	0.211851789	101309.901	101309.887	101308.753	101309.946	1.13412526	0	0	0	0	0	3
37	99	0	0.217736561	101309.896	101309.887	101308.753	101309.946	1.1343739	0	0	0	0	0	3
38	101	0	0.223621333	101309.892	101309.887	101308.753	101309.946	1.13450177	0	0	0	0	0	3
39	104	0	0.229506105	101309.887	101309.887	101308.753	101309.946	1.13450177	0	0	0	0	0	3
40	106	0	0.235390876	101309.883	101309.887	101308.753	101309.946	1.13450177	0	0	0	0	0	3
41	109	0	0.241275648	101309.879	101309.887	101308.753	101309.946	1.13450177	0	0	0	0	0	3
42	111	0	0.24716042	101309.879	101309.887	101308.753	101309.946	1.13450177	0	0	0	0	0	3
43	114	0	0.253045192	101309.879	101309.886	101308.753	101309.946	1.13450177	0	0	0	0	0	3
44	116	0	0.258929964	101309.881	101309.886	101308.753	101309.946	1.13450177	0	0	0	0	0	3
45	119	0	0.264814736	101309.884	101309.886	101308.753	101309.946	1.13450177	0	0	0	0	0	3
46	121	0	0.270699508	101309.887	101309.886	101308.753	101309.946	1.13450177	0	0	0	0	0	3
47	124	0	0.27658428	101309.89	101309.886	101308.753	101309.946	1.13450177	0	0	0	0	0	3
48	127	0	0.282469052	101309.893	101309.886	101308.753	101309.946	1.13450177	0	0	0	0	0	3
49	129	0	0.288353824	101309.894	101309.887	101308.753	101309.946	1.13450177	0	0	0	0	0	3
50	132	0	0.294238596	101309.895	101309.887	101308.753	101309.946	1.13450177	0	0	0	0	0	3
51	134	0	0.300123368	101309.895	101309.887	101308.753	101309.946	1.13450177	0	0	0	0	0	3
52	136	0	0.306008139	101309.895	101309.887	101308.753	101309.946	1.13455026	0	0	0	0	0	3
53	139	0	0.311892911	101309.894	101309.887	101308.753	101309.946	1.13468925	0	0	0	0	0	3
54	141	0	0.317777683	101309.894	101309.887	101308.753	101309.946	1.13481337	0	0	0	0	0	3
55	144	0	0.323662455	101309.893	101309.887	101308.753	101309.946	1.13492392	0	0	0	0	0	3
56	146	0	0.329547227	101309.893	101309.888	101308.753	101309.946	1.13502363	0	0	0	0	0	3
57	148	0	0.335431999	101309.893	101309.888	101308.753	101309.946	1.13511525	0	0	0	0	0	3
58	151	0	0.341316771	101309.893	101309.888	101308.753	101309.946	1.13520192	0	0	0	0	0	3
59	153	0	0.347201543	101309.893	101309.888	101308.753	101309.946	1.13528456	0	0	0	0	0	3
60	156	0	0.353086315	101309.893	101309.888	101308.753	101309.946	1.13536448	0	0	0	0	0	3
61	159	0	0.358971087	101309.893	101309.888	101308.753	101309.946	1.13544294	0	0	0	0	0	3
62	161	0	0.364855859	101309.893	101309.888	101308.753	101309.946	1.13551941	0	0	0	0	0	3
63	164	0	0.37074063	101309.893	101309.888	101308.753	101309.946	1.13559333	0	0	0	0	0	3
64	166	0	0.376625402	101309.893	101309.888	101308.753	101309.946	1.1356651	0	0	0	0	0	3
65	169	0	0.382510174	101309.893	101309.888	101308.753	101309.946	1.13573441	0	0	0	0	0	3
66	172	0	0.388394946	101309.893	101309.888	101308.753	101309.946	1.13580207	0	0	0	0	0	3
67	174	0	0.394279718	101309.893	101309.888	101308.753	101309.946	1.13586816	0	0	0	0	0	3
68	177	0	0.40016449	101309.893	101309.888	101308.753	101309.946	1.13593258	0	0	0	0	0	3
69	179	0	0.406049262	101309.893	101309.889	101308.753	101309.946	1.13599464	0	0	0	0	0	3
70	181	0	0.411934034	101309.893	101309.889	101308.753	101309.946	1.1360543	0	0	0	0	0	3
71	184	0	0.417818806	101309.893	101309.889	101308.753	101309.946	1.13611148	0	0	0	0	0	3
72	187	0	0.423703578	101309.893	101309.889	101308.753	101309.946	1.13616709	0	0	0	0	0	3
73	189	0	0.42958835	101309.893	101309.889	101308.753	101309.946	1.13622079	0	0	0	0	0	3
74	192	0	0.435473122	101309.893	101309.889	101308.753	101309.946	1.13627264	0	0	0	0	0	3
75	194	0	0.441357893	101309.893	101309.889	101308.753	101309.946	1.13632322	0	0	0	0	0	3
76	197	0	0.447242665	101309.893	101309.889	101308.753	101309.946	1.13637273	0	0	0	0	0	3
77	199	0	0.453127437	101309.893	101309.889	101308.753	101309.946	1.13642042	0	0	0	0	0	3
78	202	0	0.459012209	101309.893	101309.889	101308.753	101309.946	1.13646681	0	0	0	0	0	3
79	204	0	0.464896981	101309.893	101309.889	101308.753	101309.946	1.13651184	0	0	0	0	0	3
80	207	0	0.470781753	101309.893	101309.889	101308.753	101309.946	1.13655583	0	0	0	0	0	3
81	209	0	0.476666525	101309.893	101309.889	101308.753	101309.946	1.13659892	0	0	0	0	0	3
82	211	0	0.482551297	101309.893	101309.889	101308.753	101309.946	1.13664087	0	0	0	0	0	3
83	214	0	0.488436069	101309.893	101309.889	101308.753	101309.946	1.13668109	0	0	0	0	0	3
84	216	0	0.494320841	101309.892	101309.889	101308.753	101309.946	1.13671996	0	0	0	0	0	3
85	219	0	0.500205613	101309.892	101309.889	101308.753	101309.946	1.13675741	0	0	0	0	0	3
86	221	0	0.506090384	101309.892	101309.903	101309.772	101309.946	0.174185822	0	0	0	0	0	3
87	224	0	0.511975156	101309.892	101309.904	101309.879	101309.946	0.0677080575	0	0	0	0	0	3
88	226	0	0.517859928	101309.892	101309.904	101309.879	101309.946	0.0677080575	0	0	0	0	0	3
89	229	0	0.5237447	101309.892	101309.903	101309.879	101309.946	0.0677080575	0	0	0	0	0	3
90	231	0	0.529629472	101309.892	101309.903	101309.879	101309.946	0.0677080575	0	0	0	0	0	3
91	234	0	0.535514244	101309.892	101309.903	101309.879	101309.946	0.0677080575	0	0	0	0	0	3
92	236	0	0.541399016	101309.892	101309.903	101309.879	101309.946	0.0677080575	0	0	0	0	0	3
93	239	0	0.547283788	101309.892	101309.902	101309.879	101309.946	0.0677080575	0	0	0	0	0	3
94	241	0	0.55316856	101309.892	101309.902	101309.879	101309.946	0.0677080575	0	0	0	0	0	3
95	244	0	0.559053332	101309.892	101309.901	101309.879	101309.946	0.0677080575	0	0	0	0	0	3
96	246	0	0.564938104	101309.892	101309.9	101309.879	101309.946	0.0677080575	0	0	0	0	0	3
97	249	0	0.570822876	101309.892	101309.9	101309.879	101309.946	0.0677080575	0	0	0	0	0	3
98	251	0	0.576707647	101309.892	101309.899	101309.879	101309.946	0.0670872129	0	0	0	0	0	3
99	254	0	0.582592419	101309.892	101309.899	101309.879	101309.946	0.0610696791	0	0	0	0	0	3
100	257	0	0.588477191	101309.892	101309.898	101309.879	101309.942	0.0548558775	0	0	0	0	0	3
101	264	0	0.594361963	101309.892	101309.897	101309.879	101309.942	0.0494003606	0	0	0	0	0	3
102	266	0	0.600246735	101309.892	101309.897	101309.879	101309.938	0.0447871483	0	0	0	0	0	3
103	268	0	0.606131507	101309.892	101309.896	101309.879	101309.936	0.0407414924	0	0	0	0	0	3
104	271	0	0.612016279	101309.893	101309.896	101309.879	101309.932	0.0373305943	0	0	0	0	0	3
105	273	0	0.617901051	101309.893	101309.895	101309.879	101309.928	0.0344109824	0	0	0	0	0	3
106	275	0	0.623785823	101309.893	101309.895	101309.879	101309.922	0.0320230661	0	0	0	0	0	3
107	278	0	0.629670595	101309.892	101309.895	101309.879	101309.918	0.0300077911	0	0	0	0	0	3
108	280	0	0.635555367	101309.893	101309.894	101309.879	101309.914	0.0283389832	0	0	0	0	0	3
109	283	0	0.641440138	101309.893	101309.894	101309.879	101309.912	0.026890391	0	0	0	0	0	3
110	285	0	0.64732491	101309.893	101309.894	101309.879	101309.91	0.025621613	0	0	0	0	0	3
111	287	0	0.653209682	101309.893	101309.894	101309.879	101309.91	0.0244857943	0	0	0	0	0	3
112	290	0	0.659094454	101309.893	101309.893	101309.879	101309.91	0.0234528337	0	0	0	0	0	3
113	292	0	0.664979226	101309.893	101309.893	101309.879	101309.91	0.0224897935	0	0	0	0	0	3
114	295	0	0.670863998	101309.893	101309.893	101309.879	101309.91	0.0215763287	0	0	0	0	0	3
115	297	0	0.67674877	101309.893	101309.893	101309.879	101309.91	0.0206769511	0	0	0	0	0	3
116	300	0	0.682633542	101309.893	101309.893	101309.879	101309.91	0.0198365696	0	0	0	0	0	3
117	302	0	0.688518314	101309.893	101309.892	101309.879	101309.909	0.0190853799	0	0	0	0	0	3
118	305	0	0.694403086	101309.893	101309.892	101309.879	101309.908	0.0184231916	0	0	0	0	0	3
119	307	0	0.700287858	101309.892	101309.892	101309.879	101309.905	0.0179086062	0	0	0	0	0	3
120	310	0	0.706172629	101309.892	101309.892	101309.879	101309.901	0.0179086062	0	0	0	0	0	3
121	312	0	0.712057401	101309.892	101309.892	101309.879	101309.896	0.0173588004	0	0	0	0	0	3
122	315	0	0.717942173	101309.892	101309.892	101309.879	101309.895	0.0165579358	0	0	0	0	0	3
123	317	0	0.723826945	101309.892	101309.892	101309.879	101309.895	0.0165579358	0	0	0	0	0	3
124	320	0	0.729711717	101309.892	101309.892	101309.879	101309.895	0.0165579358	0	0	0	0	0	3
125	322	0	0.735596489	101309.892	101309.892	101309.879	101309.895	0.0165579358	0	0	0	0	0	3
126	325	0	0.741481261	101309.892	101309.892	101309.879	101309.895	0.0165579358	0	0	0	0	0	3
127	327	0	0.747366033	101309.892	101309.892	101309.879	101309.895	0.0158725044	0	0	0	0	0	3
128	329	0	0.753250805	101309.892	101309.892	101309.881	101309.895	0.0137710493	0	0	0	0	0	3
129	332	0	0.759135577	101309.892	101309.893	101309.884	101309.895	0.0108920751	0	0	0	0	0	3
130	334	0	0.765020349	101309.892	101309.893	101309.887	101309.895	0.00772015621	0	0	0	0	0	3
131	337	0	0.770905121	101309.892	101309.893	101309.89	101309.895	0.00483190372	0	0	0	0	0	3
132	339	0	0.776789892	101309.892	101309.893	101309.892	101309.895	0.00270980517	0	0	0	0	0	3
133	341	0	0.782674664	101309.892	101309.893	101309.892	101309.895	0.00270980517	0	0	0	0	0	3
134	343	0	0.788559436	101309.892	101309.893	101309.892	101309.895	0.00270980517	0	0	0	0	0	3
135	346	0	0.794444208	101309.892	101309.893	101309.892	101309.895	0.00270980517	0	0	0	0	0	3
136	348	0	0.80032898	101309.892	101309.893	101309.892	101309.895	0.00250680032	0	0	0	0	0	3
137	350	0	0.806213752	101309.892	101309.893	101309.892	101309.894	0.00210250328	0	0	0	0	0	3
138	352	0	0.812098524	101309.892	101309.893	101309.892	101309.894	0.00157704377	0	0	0	0	0	3
139	355	0	0.817983296	101309.892	101309.893	101309.892	101309.893	0.00107924768	0	0	0	0	0	3
140	357	0	0.823868068	101309.892	101309.893	101309.892	101309.893	0.000693598413	0	0	0	0	0	3
141	359	0	0.82975284	101309.893	101309.893	101309.892	101309.893	0.000434472662	0	0	0	0	0	3
142	361	0	0.835637612	101309.893	101309.893	101309.892	101309.893	0.000434472662	0	0	0	0	0	3
143	364	0	0.841522383	101309.893	101309.893	101309.892	101309.893	0.000434472662	0	0	0	0	0	3
144	366	0	0.847407155	101309.893	101309.893	101309.892	101309.893	0.000434472662	0	0	0	0	0	3
145	369	0	0.853291927	101309.892	101309.893	101309.892	101309.893	0.000434472662	0	0	0	0	0	3
146	371	0	0.859176699	101309.893	101309.893	101309.892	101309.893	0.000434472662	0	0	0	0	0	3
147	374	0	0.865061471	101309.893	101309.893	101309.892	101309.893	0.000434472662	0	0	0	0	0	3
148	377	0	0.870946243	101309.893	101309.893	101309.892	101309.893	0.000434472662	0	0	0	0	0	3
149	379	0	0.876831015	101309.893	101309.893	101309.892	101309.893	0.000434472662	0	0	0	0	0	3
150	382	0	0.882715787	101309.893	101309.893	101309.892	101309.893	0.000434472662	0	0	0	0	0	3
151	384	0	0.888600559	101309.893	101309.893	101309.892	101309.893	0.000434472662	0	0	0	0	0	3
152	387	0	0.894485331	101309.893	101309.893	101309.892	101309.893	0.000434472662	0	0	0	0	0	3
153	389	0	0.900370103	101309.893	101309.892	101309.892	101309.893	0.000400127188	0	0	0	0	0	3
154	392	0	0.906254875	101309.893	101309.892	101309.892	101309.893	0.000356504082	0	0	0	0	0	3
155	394	0	0.912139646	101309.893	101309.892	101309.892	101309.893	0.000300855187	0	0	0	0	0	3
156	397	0	0.918024418	101309.893	101309.892	101309.892	101309.893	0.000300855187	0	0	0	0	0	3
157	399	0	0.92390919	101309.893	101309.892	101309.892	101309.893	0.000272716919	0	0	0	0	0	3
158	402	0	0.929793962	101309.893	101309.892	101309.892	101309.893	0.000271577315	0	0	0	0	0	3
159	405	0	0.935678734	101309.893	101309.892	101309.892	101309.893	0.000271577315	0	0	0	0	0	3
160	407	0	0.941563506	101309.893	101309.892	101309.892	101309.893	0.000271577315	0	0	0	0	0	3
161	410	0	0.947448278	101309.893	101309.892	101309.892	101309.893	0.000289300762	0	0	0	0	0	3
162	412	0	0.95333305	101309.893	101309.892	101309.892	101309.893	0.000323147397	0	0	0	0	0	3
163	414	0	0.959217822	101309.893	101309.892	101309.892	101309.893	0.00034879033	0	0	0	0	0	3
164	417	0	0.965102594	101309.893	101309.892	101309.892	101309.893	0.00034879033	0	0	0	0	0	3
165	419	0	0.970987366	101309.893	101309.892	101309.892	101309.893	0.00034879033	0	0	0	0	0	3
166	421	0	0.976872137	101309.893	101309.892	101309.892	101309.893	0.00034879033	0	0	0	0	0	3
167	424	0	0.982756909	101309.893	101309.892	101309.892	101309.893	0.00034879033	0	0	0	0	0	3
168	426	0	0.988641681	101309.893	101309.892	101309.892	101309.893	0.00034879033	0	0	0	0	0	3
169	428	0	0.994526453	101309.893	101309.892	101309.892	101309.893	0.00034879033	0	0	0	0	0	3
170	431	0	1.00041123	101309.893	101309.893	101309.892	101309.893	0.00034879033	0.00203124173	0	0	0	0	3
171	433	0	1.006296	101309.893	101309.893	101309.892	101309.893	0.00034879033	0.00203124173	0	0	0	0	3
172	436	0	1.01218077	101309.893	101309.893	101309.892	101309.893	0.00034879033	0.00203124173	0	0	0	0	3
173	438	0	1.01806554	101309.893	101309.893	101309.892	101309.893	0.00034879033	0.00203124173	0	0	0	0	3
174	440	0	1.02395031	101309.893	101309.893	101309.892	101309.893	0.00034879033	0.00203124173	0	0	0	0	3
175	443	0	1.02983508	101309.893	101309.893	101309.892	101309.893	0.00034879033	0.00203124173	0	0	0	0	3
176	445	0	1.03571986	101309.893	101309.893	101309.892	101309.893	0.00034879033	0.00203124173	0	0	0	0	3
177	448	0	1.04160463	101309.893	101309.893	101309.892	101309.893	0.00034879033	0.00203124173	0	0	0	0	3
178	450	0	1.0474894	101309.893	101309.893	101309.892	101309.893	0.00034879033	0.00203124173	0	0	0	0	3
179	453	0	1.05337417	101309.893	101309.893	101309.892	101309.893	0.00034879033	0.00203124173	0	0	0	0	3
180	455	0	1.05925894	101309.893	101309.893	101309.892	101309.893	0.000334567143	0.00203124173	0	0	0	0	3
181	458	0	1.06514372	101309.893	101309.893	101309.892	101309.893	0.000334567143	0.00203124173	0	0	0	0	3
182	460	0	1.07102849	101309.893	101309.893	101309.892	101309.893	0.00033383019	0.00203124173	0	0	0	0	3
183	463	0	1.07691326	101309.892	101309.893	101309.892	101309.893	0.00033383019	0.00203124173	0	0	0	0	3
184	465	0	1.08279803	101309.892	101309.893	101309.892	101309.893	0.000319212864	0.00203124173	0	0	0	0	3
185	468	0	1.0886828	101309.892	101309.893	101309.892	101309.893	0.000319212864	0.00203124173	0	0	0	0	3
186	471	0	1.09456758	101309.892	101309.893	101309.892	101309.893	0.000319212864	0.00203124173	0	0	0	0	3
187	473	0	1.10045235	101309.892	101309.893	101309.892	101309.893	0.000319212864	0.00203124173	0	0	0	0	3
188	475	0	1.10633712	101309.892	101309.893	101309.892	101309.893	0.000319212864	0.00203124173	0	0	0	0	3
189	478	0	1.11222189	101309.892	101309.893	101309.892	101309.893	0.000319212864	0.00203124173	0	0	0	0	3
190	480	0	1.11810666	101309.892	101309.893	101309.892	101309.893	0.000319212864	0.00203124173	0	0	0	0	3
191	482	0	1.12399144	101309.892	101309.893	101309.892	101309.893	0.000319212864	0.00203124173	0	0	0	0	3
192	484	0	1.12987621	101309.893	101309.893	101309.892	101309.893	0.000319212864	0.00203124173	0	0	0	0	3
193	486	0	1.13576098	101309.893	101309.893	101309.892	101309.893	0.000319212864	0.00203124173	0	0	0	0	3
194	489	0	1.14164575	101309.893	101309.893	101309.892	101309.893	0.000319212864	0.00203124173	0	0	0	0	3
195	491	0	1.14753052	101309.893	101309.893	101309.892	101309.893	0.000319212864	0.00203124173	0	0	0	0	3
196	493	0	1.15341529	101309.893	101309.893	101309.892	101309.893	0.000319212864	0.00203124173	0	0	0	0	3
197	495	0	1.15930007	101309.893	101309.893	101309.892	101309.893	0.000319212864	0.00203124173	0	0	0	0	3
198	497	0	1.16518484	101309.893	101309.893	101309.892	101309.893	0.000319212864	0.00203124173	0	0	0	0	3
199	500	0	1.17106961	101309.893	101309.893	101309.892	101309.893	0.000319212864	0.00203124173	0	0	0	0	3
200	502	0	1.17695438	101309.893	101309.893	101309.892	101309.893	0.000319212864	0.00203124173	0	0	0	0	3
201	509	0	1.18283915	101309.893	101309.893	101309.892	101309.893	0.000319212864	0.00203124173	0	0	0	0	3
202	511	0	1.18872393	101309.893	101309.893	101309.892	101309.893	0.000319212864	0.00203124173	0	0	0	0	3
203	513	0	1.1946087	101309.893	101309.893	101309.892	101309.893	0.000319212864	0.00203124173	0	0	0	0	3
204	515	0	1.20049347	101309.893	101309.893	101309.892	101309.893	0.000319212864	0.00203124173	0	0	0	0	3
205	517	0	1.20637824	101309.893	101309.893	101309.892	101309.893	0.000319212864	0.00203124173	0	0	0	0	3
206	520	0	1.21226301	101309.893	101309.893	101309.892	101309.893	0.000319212864	0.00203124173	0	0	0	0	3
207	522	0	1.21814779	101309.893	101309.893	101309.892	101309.893	0.000319212864	0.00203124173	0	0	0	0	3
208	524	0	1.22403256	101309.893	101309.893	101309.892	101309.893	0.000319212864	0.00203124173	0	0	0	0	3
209	526	0	1.22991733	101309.893	101309.893	101309.892	101309.893	0.000319212864	0.00203124173	0	0	0	0	3
210	528	0	1.2358021	101309.893	101309.893	101309.892	101309.893	0.000319212864	0.00203124173	0	0	0	0	3
211	530	0	1.24168687	101309.893	101309.893	101309.892	101309.893	0.000319212864	0.00203124173	0	0	0	0	3
212	533	0	1.24757165	101309.892	101309.893	101309.892	101309.893	0.000312232674	0.00203124173	0	0	0	0	3
213	535	0	1.25345642	101309.892	101309.893	101309.892	101309.893	0.000201598188	0.00203124173	0	0	0	0	3
214	537	0	1.25934119	101309.893	101309.893	101309.892	101309.893	0.000201598188	0.00203124173	0	0	0	0	3
215	539	0	1.26522596	101309.893	101309.893	101309.892	101309.893	0.000201598188	0.00203124173	0	0	0	0	3
216	541	0	1.27111073	101309.893	101309.893	101309.892	101309.893	0.000201598188	0.00203124173	0	0	0	0	3
217	544	0	1.2769955	101309.893	101309.893	101309.892	101309.893	0.000199960705	0.00203124173	0	0	0	0	3
218	546	0	1.28288028	101309.893	101309.893	101309.892	101309.893	0.000180154035	0.00203124173	0	0	0	0	3
219	549	0	1.28876505	101309.893	101309.893	101309.892	101309.893	0.000151251341	0.00203124173	0	0	0	0	3
220	551	0	1.29464982	101309.893	101309.893	101309.892	101309.893	0.00011999048	0.00203124173	0	0	0	0	3
221	554	0	1.30053459	101309.893	101309.893	101309.892	101309.893	9.15208657e-05	0.00203124173	0	0	0	0	3
222	556	0	1.30641936	101309.893	101309.893	101309.892	101309.893	7.27946317e-05	0.00203124173	0	0	0	0	3
223	559	0	1.31230414	101309.893	101309.893	101309.892	101309.893	7.4313517e-05	0.00203124173	0	0	0	0	3
224	561	0	1.31818891	101309.892	101309.893	101309.892	101309.893	7.49341852e-05	0.00203124173	0	0	0	0	3
225	564	0	1.32407368	101309.892	101309.893	101309.892	101309.893	7.49807805e-05	0.00203124173	0	0	0	0	3
226	566	0	1.32995845	101309.893	101309.893	101309.892	101309.893	7.49807805e-05	0.00203124173	0	0	0	0	3
227	569	0	1.33584322	101309.893	101309.893	101309.892	101309.893	7.49807805e-05	0.00203124173	0	0	0	0	3
228	571	0	1.341728	101309.893	101309.893	101309.892	101309.893	7.49807805e-05	0.00203124173	0	0	0	0	3
229	574	0	1.34761277	101309.893	101309.893	101309.892	101309.893	7.53796921e-05	0.00203124173	0	0	0	0	3
230	576	0	1.35349754	101309.893	101309.893	101309.892	101309.893	7.64877768e-05	0.00203124173	0	0	0	0	3
231	579	0	1.35938231	101309.893	101309.893	101309.892	101309.893	7.66797311e-05	0.00203124173	0	0	0	0	3
232	581	0	1.36526708	101309.892	101309.893	101309.892	101309.893	7.66797311e-05	0.00203124173	0	0	0	0	3
233	584	0	1.37115186	101309.893	101309.893	101309.892	101309.893	7.66797311e-05	0.00203124173	0	0	0	0	3
234	586	0	1.37703663	101309.893	101309.893	101309.892	101309.893	7.70859915e-05	0.00203124173	0	0	0	0	3
235	588	0	1.3829214	101309.893	101309.893	101309.892	101309.893	7.81270064e-05	0.00203124173	0	0	0	0	3
236	591	0	1.38880617	101309.893	101309.893	101309.892	101309.893	7.88075558e-05	0.00203124173	0	0	0	0	3
237	593	0	1.39469094	101309.893	101309.893	101309.892	101309.893	7.88075558e-05	0.00203124173	0	0	0	0	3
238	595	0	1.40057572	101309.893	101309.893	101309.892	101309.893	7.88075558e-05	0.00203124173	0	0	0	0	3
239	598	0	1.40646049	101309.892	101309.893	101309.892	101309.893	7.88075558e-05	0.00203124173	0	0	0	0	3
240	600	0	1.41234526	101309.892	101309.893	101309.892	101309.893	7.88075558e-05	0.00203124173	0	0	0	0	3
241	602	0	1.41823003	101309.892	101309.893	101309.892	101309.893	7.88075558e-05	0.00203124173	0	0	0	0	3
242	604	0	1.4241148	101309.892	101309.893	101309.892	101309.893	7.88075558e-05	0.00203124173	0	0	0	0	3
243	607	0	1.42999957	101309.892	101309.893	101309.892	101309.893	7.87511672e-05	0.00203124173	0	0	0	0	3
244	609	0	1.43588435	101309.892	101309.893	101309.892	101309.893	7.85191369e-05	0.00203124173	0	0	0	0	3
245	611	0	1.44176912	101309.892	101309.893	101309.892	101309.893	7.83106225e-05	0.00203124173	0	0	0	0	3
246	614	0	1.44765389	101309.893	101309.893	101309.892	101309.893	7.72213534e-05	0.00203124173	0	0	0	0	3
247	616	0	1.45353866	101309.893	101309.893	101309.892	101309.893	7.57631642e-05	0.00203124173	0	0	0	0	3
248	619	0	1.45942343	101309.893	101309.893	101309.892	101309.893	7.45636207e-05	0.00203124173	0	0	0	0	3
249	621	0	1.46530821	101309.893	101309.893	101309.892	101309.893	7.36333459e-05	0.00203124173	0	0	0	0	3
250	624	0	1.47119298	101309.893	101309.893	101309.892	101309.893	7.26338913e-05	0.00203124173	0	0	0	0	3
251	626	0	1.47707775	101309.893	101309.893	101309.892	101309.893	7.20636599e-05	0.00203124173	0	0	0	0	3
252	629	0	1.48296252	101309.893	101309.893	101309.892	101309.893	7.14979687e-05	0.00203124173	0	0	0	0	3
253	631	0	1.48884729	101309.893	101309.893	101309.892	101309.893	7.05448183e-05	0.00203124173	0	0	0	0	3
254	633	0	1.49473207	101309.893	101309.893	101309.892	101309.893	6.91257446e-05	0.00203124173	0	0	0	0	3
255	636	0	1.50061684	101309.893	101309.893	101309.892	101309.893	6.82871178e-05	0.00203124173	0	0	0	0	3
256	638	0	1.50650161	101309.893	101309.893	101309.892	101309.893	6.73392788e-05	0.00203124173	0	0	0	0	3
257	641	0	1.51238638	101309.893	101309.893	101309.892	101309.893	6.58039498e-05	0.00203124173	0	0	0	0	3
258	643	0	1.51827115	101309.893	101309.893	101309.892	101309.893	6.33819436e-05	0.00203124173	0	0	0	0	3
259	645	0	1.52415593	101309.893	101309.893	101309.892	101309.893	6.15019817e-05	0.00203124173	0	0	0	0	3
260	648	0	1.5300407	101309.893	101309.893	101309.892	101309.893	5.8547128e-05	0.00203124173	0	0	0	0	3
261	650	0	1.53592547	101309.893	101309.893	101309.892	101309.893	5.58967149e-05	0.00203124173	0	0	0	0	3
262	653	0	1.54181024	101309.893	101309.893	101309.892	101309.893	5.29879471e-05	0.00203124173	0	0	0	0	3
263	655	0	1.54769501	101309.893	101309.893	101309.892	101309.893	5.02161129e-05	0.00203124173	0	0	0	0	3
264	657	0	1.55357978	101309.893	101309.893	101309.892	101309.893	4.74348635e-05	0.00203124173	0	0	0	0	3
265	660	0	1.55946456	101309.893	101309.893	101309.892	101309.893	4.50667721e-05	0.00203124173	0	0	0	0	3
266	4264	0	1.56534933	101309.893	101309.893	101309.892	101309.893	4.41576703e-05	0.00203124173	0	0	0	0	3
267	4266	0	1.5712341	101309.893	101309.893	101309.892	101309.893	4.41576703e-05	0.00203124173	0	0	0	0	3
268	4268	0	1.57711887	101309.893	101309.893	101309.892	101309.893	4.41576703e-05	0.00203124173	0	0	0	0	3
269	4271	0	1.58300364	101309.893	101309.893	101309.892	101309.893	4.41576703e-05	0.00203124173	0	0	0	0	3
270	4274	0	1.58888842	101309.893	101309.893	101309.892	101309.893	4.41576703e-05	0.00203124173	0	0	0	0	3
271	4277	0	1.59477319	101309.893	101309.893	101309.892	101309.893	4.41576703e-05	0.00203124173	0	0	0	0	3
272	58057	0	1.60065796	101309.893	101309.893	101309.892	101309.893	4.41576703e-05	0.00203124173	0	0	0	0	3
273	58061	0	1.60654273	101309.893	101309.893	101309.892	101309.893	4.41576703e-05	0.00203124173	0	0	0	0	3
274	58065	0	1.6124275	101309.893	101309.893	101309.892	101309.893	4.41576703e-05	0.00203124173	0	0	0	0	3
275	58069	0	1.61831228	101309.893	101309.893	101309.892	101309.893	4.46622435e-05	0.00203124173	0	0	0	0	3
276	58072	0	1.62419705	101309.893	101309.893	101309.892	101309.893	4.53528482e-05	0.00203124173	0	0	0	0	3
277	58076	0	1.63008182	101309.893	101309.893	101309.892	101309.893	4.59595321e-05	0.00203124173	0	0	0	0	3
278	58080	0	1.63596659	101309.893	101309.893	101309.892	101309.893	4.56959242e-05	0.00203124173	0	0	0	0	3
279	58083	0	1.64185136	101309.893	101309.893	101309.892	101309.893	4.54728142e-05	0.00203124173	0	0	0	0	3
280	58086	0	1.64773614	101309.893	101309.893	101309.892	101309.893	4.48312203e-05	0.00203124173	0	0	0	0	3
281	58089	0	1.65362091	101309.893	101309.893	101309.892	101309.893	4.35046095e-05	0.00203124173	0	0	0	0	3
282	58092	0	1.65950568	101309.893	101309.893	101309.892	101309.893	4.18071286e-05	0.00203124173	0	0	0	0	3
283	58095	0	1.66539045	101309.893	101309.893	101309.892	101309.893	4.09105851e-05	0.00203124173	0	0	0	0	3
284	58098	0	1.67127522	101309.893	101309.893	101309.892	101309.893	4.00537101e-05	0.00203124173	0	0	0	0	3
285	58101	0	1.67716	101309.893	101309.893	101309.892	101309.893	3.971142e-05	0.00203124173	0	0	0	0	3
286	58104	0	1.68304477	101309.893	101309.893	101309.892	101309.893	3.90183995e-05	0.00203124173	0	0	0	0	3
287	58107	0	1.68892954	101309.893	101309.893	101309.892	101309.893	3.86609754e-05	0.00203124173	0	0	0	0	3
288	58110	0	1.69481431	101309.893	101309.893	101309.892	101309.893	3.75322124e-05	0.00203124173	0	0	0	0	3
289	58113	0	1.70069908	101309.893	101309.893	101309.892	101309.893	3.5975303e-05	0.00203124173	0	0	0	0	3
290	58116	0	1.70658385	101309.892	101309.893	101309.892	101309.893	3.36740632e-05	0.00203124173	0	0	0	0	3
291	58118	0	1.71246863	101309.892	101309.893	101309.892	101309.893	3.21545376e-05	0.00203124173	0	0	0	0	3
292	58121	0	1.7183534	101309.892	101309.893	101309.892	101309.893	3.08382587e-05	0.00203124173	0	0	0	0	3
293	58123	0	1.72423817	101309.893	101309.893	101309.892	101309.893	2.96392245e-05	0.00203124173	0	0	0	0	3
294	58126	0	1.73012294	101309.893	101309.893	101309.892	101309.893	2.78603984e-05	0.00203124173	0	0	0	0	3
295	58129	0	1.73600771	101309.893	101309.893	101309.892	101309.893	2.69633019e-05	0.00203124173	0	0	0	0	3
296	58132	0	1.74189249	101309.893	101309.893	101309.892	101309.893	2.67805444e-05	0.00203124173	0	0	0	0	3
297	58134	0	1.74777726	101309.893	101309.893	101309.892	101309.893	2.65833369e-05	0.00203124173	0	0	0	0	3
298	58137	0	1.75366203	101309.893	101309.893	101309.892	101309.893	2.51919409e-05	0.00203124173	0	0	0	0	3
299	58140	0	1.7595468	101309.893	101309.893	101309.892	101309.893	2.40364898e-05	0.00203124173	0	0	0	0	3
300	58142	0	1.76543157	101309.893	101309.893	101309.892	101309.893	2.24945979e-05	0.00203124173	0	0	0	0	3
301	58149	0	1.77131635	101309.893	101309.893	101309.892	101309.893	2.04885291e-05	0.00203124173	0	0	0	0	3
302	58151	0	1.77720112	101309.893	101309.893	101309.892	101309.893	1.97804184e-05	0.00203124173	0	0	0	0	3
303	58154	0	1.78308589	101309.892	101309.893	101309.892	101309.893	1.97804184e-05	0.00203124173	0	0	0	0	3
304	58157	0	1.78897066	101309.893	101309.893	101309.892	101309.893	1.97804184e-05	0.00203124173	0	0	0	0	3
305	58159	0	1.79485543	101309.892	101309.893	101309.892	101309.893	1.97804184e-05	0.00203124173	0	0	0	0	3
306	58162	0	1.80074021	101309.892	101309.893	101309.892	101309.893	1.97804184e-05	0.00203124173	0	0	0	0	3
307	58164	0	1.80662498	101309.892	101309.893	101309.892	101309.893	1.97804184e-05	0.00203124173	0	0	0	0	3
308	58167	0	1.81250975	101309.892	101309.893	101309.892	101309.893	1.97804184e-05	0.00203124173	0	0	0	0	3
309	58169	0	1.81839452	101309.892	101309.893	101309.892	101309.893	1.97804184e-05	0.00203124173	0	0	0	0	3
310	58172	0	1.82427929	101309.893	101309.893	101309.892	101309.893	1.97804184e-05	0.00203124173	0	0	0	0	3
311	58174	0	1.83016406	101309.893	101309.893	101309.892	101309.893	1.97804184e-05	0.00203124173	0	0	0	0	3
312	58177	0	1.83604884	101309.893	101309.893	101309.892	101309.893	1.97804184e-05	0.00203124173	0	0	0	0	3
313	58179	0	1.84193361	101309.893	101309.893	101309.892	101309.893	1.97804184e-05	0.00203124173	0	0	0	0	3
314	58182	0	1.84781838	101309.893	101309.893	101309.892	101309.893	1.97804184e-05	0.00203124173	0	0	0	0	3
315	58184	0	1.85370315	101309.893	101309.893	101309.892	101309.893	1.97804184e-05	0.00203124173	0	0	0	0	3
316	58187	0	1.85958792	101309.893	101309.893	101309.892	101309.893	1.97804184e-05	0.00203124173	0	0	0	0	3
317	58189	0	1.8654727	101309.893	101309.893	101309.892	101309.893	1.97804184e-05	0.00203124173	0	0	0	0	3
318	58192	0	1.87135747	101309.893	101309.893	101309.892	101309.893	1.97804184e-05	0.00203124173	0	0	0	0	3
319	58195	0	1.87724224	101309.893	101309.893	101309.892	101309.893	1.97804184e-05	0.00203124173	0	0	0	0	3
320	58198	0	1.88312701	101309.893	101309.893	101309.892	101309.893	1.97804184e-05	0.00203124173	0	0	0	0	3
321	58200	0	1.88901178	101309.893	101309.893	101309.892	101309.893	1.97804184e-05	0.00203124173	0	0	0	0	3
322	58203	0	1.89489656	101309.893	101309.893	101309.892	101309.893	1.97804184e-05	0.00203124173	0	0	0	0	3
323	58206	0	1.90078133	101309.893	101309.893	101309.892	101309.893	1.99954957e-05	0.00203124173	0	0	0	0	3
324	58208	0	1.9066661	101309.893	101309.893	101309.892	101309.893	2.17000634e-05	0.00203124173	0	0	0	0	3
325	58211	0	1.91255087	101309.893	101309.893	101309.892	101309.893	2.32405873e-05	0.00203124173	0	0	0	0	3
326	58214	0	1.91843564	101309.893	101309.893	101309.892	101309.893	2.44135153e-05	0.00203124173	0	0	0	0	3
327	58216	0	1.92432042	101309.893	101309.893	101309.892	101309.893	2.55683408e-05	0.00203124173	0	0	0	0	3
328	58219	0	1.93020519	101309.893	101309.893	101309.892	101309.893	2.69612647e-05	0.00203124173	0	0	0	0	3
329	58221	0	1.93608996	101309.893	101309.893	101309.892	101309.893	2.82993278e-05	0.00203124173	0	0	0	0	3
330	58224	0	1.94197473	101309.893	101309.893	101309.892	101309.893	2.91658071e-05	0.00203124173	0	0	0	0	3
331	58226	0	1.9478595	101309.893	101309.893	101309.892	101309.893	3.03162378e-05	0.00203124173	0	0	0	0	3
332	58229	0	1.95374427	101309.893	101309.893	101309.892	101309.893	3.09451862e-05	0.00203124173	0	0	0	0	3
333	58231	0	1.95962905	101309.893	101309.893	101309.892	101309.893	3.09451862e-05	0.00203124173	0	0	0	0	3
334	58233	0	1.96551382	101309.893	101309.893	101309.892	101309.893	3.09451862e-05	0.00203124173	0	0	0	0	3
335	58236	0	1.97139859	101309.893	101309.893	101309.892	101309.893	3.09451862e-05	0.00203124173	0	0	0	0	3
336	58238	0	1.97728336	101309.893	101309.893	101309.892	101309.893	3.13152705e-05	0.00203124173	0	0	0	0	3
337	58241	0	1.98316813	101309.893	101309.893	101309.892	101309.893	3.15095385e-05	0.00203124173	0	0	0	0	3
338	58243	0	1.98905291	101309.893	101309.893	101309.892	101309.893	3.18189996e-05	0.00203124173	0	0	0	0	3
339	58246	0	1.99493768	101309.893	101309.893	101309.892	101309.893	3.2765849e-05	0.00203124173	0	0	0	0	3
340	58248	0	2.00082245	101309.893	101309.893	101309.892	101309.893	3.430793e-05	0.00203124173	0	0	0	0	3
341	58251	0	2.00670722	101309.893	101309.893	101309.892	101309.893	3.52130155e-05	0.00203124173	0	0	0	0	3
342	58253	0	2.01259199	101309.893	101309.893	101309.892	101309.893	3.59517871e-05	0.00203124173	0	0	0	0	3
343	58256	0	2.01847677	101309.893	101309.893	101309.892	101309.893	3.77510878e-05	0.00203124173	0	0	0	0	3
344	58259	0	2.02436154	101309.893	101309.893	101309.892	101309.893	3.91794165e-05	0.00203124173	0	0	0	0	3
345	58262	0	2.03024631	101309.893	101309.893	101309.892	101309.893	3.91794165e-05	0.00203124173	0	0	0	0	3
346	58264	0	2.03613108	101309.893	101309.893	101309.892	101309.893	3.91794165e-05	0.00203124173	0	0	0	0	3
347	58267	0	2.04201585	101309.893	101309.893	101309.892	101309.893	3.91794165e-05	0.00203124173	0	0	0	0	3
348	58270	0	2.04790063	101309.893	101309.893	101309.892	101309.893	4.09903587e-05	0.00203124173	0	0	0	0	3
349	58273	0	2.0537854	101309.893	101309.893	101309.892	101309.893	4.17313277e-05	0.00203124173	0	0	0	0	3
350	58275	0	2.05967017	101309.893	101309.893	101309.892	101309.893	4.11853835e-05	0.00203124173	0	0	0	0	3
351	58278	0	2.06555494	101309.893	101309.893	101309.892	101309.893	4.04692692e-05	0.00203124173	0	0	0	0	3
352	58280	0	2.07143971	101309.893	101309.893	101309.892	101309.893	4.04692692e-05	0.00203124173	0	0	0	0	3
353	58283	0	2.07732449	101309.893	101309.893	101309.892	101309.893	4.04692692e-05	0.00203124173	0	0	0	0	3
354	58285	0	2.08320926	101309.893	101309.893	101309.892	101309.893	4.04692692e-05	0.00203124173	0	0	0	0	3
355	58288	0	2.08909403	101309.893	101309.893	101309.892	101309.893	4.04692692e-05	0.00203124173	0	0	0	0	3
356	58290	0	2.0949788	101309.893	101309.893	101309.892	101309.893	4.10146313e-05	0.00203124173	0	0	0	0	3
357	58293	0	2.10086357	101309.893	101309.893	101309.892	101309.893	4.26958286e-05	0.00203124173	0	0	0	0	3
358	58295	0	2.10674834	101309.893	101309.893	101309.892	101309.893	4.40956646e-05	0.00203124173	0	0	0	0	3
359	58298	0	2.11263312	101309.893	101309.893	101309.892	101309.893	4.50848893e-05	0.00203124173	0	0	0	0	3
360	58300	0	2.11851789	101309.893	101309.893	101309.892	101309.893	4.63445322e-05	0.00203124173	0	0	0	0	3
361	58303	0	2.12440266	101309.893	101309.893	101309.892	101309.893	4.69831866e-05	0.00203124173	0	0	0	0	3
362	58306	0	2.13028743	101309.893	101309.893	101309.892	101309.893	4.69831866e-05	0.00203124173	0	0	0	0	3
363	58308	0	2.1361722	101309.893	101309.893	101309.892	101309.893	4.69831866e-05	0.00203124173	0	0	0	0	3
364	58311	0	2.14205698	101309.893	101309.893	101309.892	101309.893	4.69831866e-05	0.00203124173	0	0	0	0	3
365	58314	0	2.14794175	101309.893	101309.893	101309.892	101309.893	4.69831866e-05	0.00203124173	0	0	0	0	3
366	58316	0	2.15382652	101309.893	101309.893	101309.892	101309.893	4.69831866e-05	0.00203124173	0	0	0	0	3
367	58319	0	2.15971129	101309.893	101309.893	101309.892	101309.893	4.69831866e-05	0.00203124173	0	0	0	0	3
368	58321	0	2.16559606	101309.893	101309.893	101309.892	101309.893	4.69831866e-05	0.00203124173	0	0	0	0	3
369	58324	0	2.17148084	101309.893	101309.893	101309.892	101309.893	4.69831866e-05	0.00203124173	0	0	0	0	3
370	58327	0	2.17736561	101309.893	101309.893	101309.892	101309.893	4.69831866e-05	0.00203124173	0	0	0	0	3
371	58329	0	2.18325038	101309.892	101309.893	101309.892	101309.893	4.69831866e-05	0.00203124173	0	0	0	0	3
372	58332	0	2.18913515	101309.893	101309.893	101309.892	101309.893	4.69831866e-05	0.00203124173	0	0	0	0	3
373	58335	0	2.19501992	101309.893	101309.893	101309.892	101309.893	4.69831866e-05	0.00203124173	0	0	0	0	3
374	58337	0	2.2009047	101309.893	101309.893	101309.892	101309.893	4.69831866e-05	0.00203124173	0	0	0	0	3
375	58340	0	2.20678947	101309.892	101309.893	101309.892	101309.893	4.69831866e-05	0.00203124173	0	0	0	0	3
376	58342	0	2.21267424	101309.893	101309.893	101309.892	101309.893	4.69831866e-05	0.00203124173	0	0	0	0	3
377	58344	0	2.21855901	101309.893	101309.893	101309.892	101309.893	4.69831866e-05	0.00203124173	0	0	0	0	3
378	58347	0	2.22444378	101309.893	101309.893	101309.892	101309.893	4.69831866e-05	0.00203124173	0	0	0	0	3
379	58349	0	2.23032855	101309.893	101309.893	101309.892	101309.893	4.69831866e-05	0.00203124173	0	0	0	0	3
380	58352	0	2.23621333	101309.893	101309.893	101309.892	101309.893	4.81400784e-05	0.00203124173	0	0	0	0	3
381	58354	0	2.2420981	101309.893	101309.893	101309.892	101309.893	4.99797461e-05	0.00203124173	0	0	0	0	3
382	58357	0	2.24798287	101309.893	101309.893	101309.892	101309.893	5.15507854e-05	0.00203124173	0	0	0	0	3
383	58359	0	2.25386764	101309.893	101309.893	101309.892	101309.893	5.251728e-05	0.00203124173	0	0	0	0	3
384	58362	0	2.25975241	101309.893	101309.893	101309.892	101309.893	5.43584756e-05	0.00203124173	0	0	0	0	3
385	58365	0	2.26563719	101309.893	101309.893	101309.892	101309.893	5.62872447e-05	0.00203124173	0	0	0	0	3
386	58368	0	2.27152196	101309.893	101309.893	101309.892	101309.893	5.83753135e-05	0.00203124173	0	0	0	0	3
387	58371	0	2.27740673	101309.893	101309.893	101309.892	101309.893	6.0552833e-05	0.00203124173	0	0	0	0	3
388	58373	0	2.2832915	101309.893	101309.893	101309.892	101309.893	6.38556812e-05	0.00203124173	0	0	0	0	3
389	58376	0	2.28917627	101309.893	101309.893	101309.892	101309.893	6.66239939e-05	0.00203124173	0	0	0	0	3
390	58379	0	2.29506105	101309.893	101309.893	101309.892	101309.893	7.00271048e-05	0.00203124173	0	0	0	0	3
391	58381	0	2.30094582	101309.893	101309.893	101309.892	101309.893	7.33411871e-05	0.00203124173	0	0	0	0	3
392	58384	0	2.30683059	101309.893	101309.893	101309.892	101309.893	7.68358586e-05	0.00203124173	0	0	0	0	3
393	58387	0	2.31271536	101309.893	101309.893	101309.892	101309.893	7.9798876e-05	0.00203124173	0	0	0	0	3
394	58390	0	2.31860013	101309.893	101309.893	101309.892	101309.893	8.303512e-05	0.00203124173	0	0	0	0	3
395	58392	0	2.32448491	101309.893	101309.893	101309.892	101309.893	8.52711091e-05	0.00203124173	0	0	0	0	3
396	58395	0	2.33036968	101309.893	101309.893	101309.892	101309.893	8.61083681e-05	0.00203124173	0	0	0	0	3
397	58397	0	2.33625445	101309.893	101309.893	101309.892	101309.893	8.62370216e-05	0.00203124173	0	0	0	0	3
398	58400	0	2.34213922	101309.893	101309.893	101309.892	101309.893	8.62361921e-05	0.00203124173	0	0	0	0	3
399	58402	0	2.34802399	101309.893	101309.893	101309.892	101309.893	8.48668424e-05	0.00203124173	0	0	0	0	3
400	58405	0	2.35390876	101309.893	101309.893	101309.892	101309.893	8.25862517e-05	0.00203124173	0	0	0	0	3
401	58412	0	2.35979354	101309.893	101309.893	101309.892	101309.893	7.98042456e-05	0.00203124173	0	0	0	0	3
402	58415	0	2.36567831	101309.893	101309.893	101309.892	101309.893	7.71639752e-05	0.00203124173	0	0	0	0	3
403	58418	0	2.37156308	101309.893	101309.893	101309.892	101309.893	7.52064661e-05	0.00203124173	0	0	0	0	3
404	58420	0	2.37744785	101309.893	101309.893	101309.892	101309.893	7.44073332e-05	0.00203124173	0	0	0	0	3
405	58423	0	2.38333262	101309.893	101309.893	101309.892	101309.893	7.4327254e-05	0.00203124173	0	0	0	0	3
406	58426	0	2.3892174	101309.893	101309.893	101309.892	101309.893	7.45478756e-05	0.00203124173	0	0	0	0	3
407	58428	0	2.39510217	101309.893	101309.893	101309.892	101309.893	7.40007235e-05	0.00203124173	0	0	0	0	3
408	58431	0	2.40098694	101309.893	101309.893	101309.892	101309.893	7.22961558e-05	0.00203124173	0	0	0	0	3
409	58433	0	2.40687171	101309.893	101309.893	101309.892	101309.893	7.07556319e-05	0.00203124173	0	0	0	0	3
410	58436	0	2.41275648	101309.893	101309.893	101309.892	101309.893	6.95827039e-05	0.00203124173	0	0	0	0	3
411	58438	0	2.41864126	101309.893	101309.893	101309.892	101309.893	6.84278784e-05	0.00203124173	0	0	0	0	3
412	58441	0	2.42452603	101309.893	101309.893	101309.892	101309.893	6.70349546e-05	0.00203124173	0	0	0	0	3
413	58443	0	2.4304108	101309.893	101309.893	101309.892	101309.893	6.59949874e-05	0.00203124173	0	0	0	0	3
414	58446	0	2.43629557	101309.893	101309.893	101309.892	101309.893	6.63499377e-05	0.00203124173	0	0	0	0	3
415	58448	0	2.44218034	101309.893	101309.893	101309.892	101309.893	6.65781263e-05	0.00203124173	0	0	0	0	3
416	58450	0	2.44806512	101309.893	101309.893	101309.892	101309.893	6.68372959e-05	0.00203124173	0	0	0	0	3
417	58453	0	2.45394989	101309.893	101309.893	101309.892	101309.893	6.7269968e-05	0.00203124173	0	0	0	0	3
418	58455	0	2.45983466	101309.893	101309.893	101309.892	101309.893	6.85917184e-05	0.00203124173	0	0	0	0	3
419	58457	0	2.46571943	101309.893	101309.893	101309.892	101309.893	6.84698462e-05	0.00203124173	0	0	0	0	3
420	58460	0	2.4716042	101309.893	101309.893	101309.892	101309.893	6.71357848e-05	0.00203124173	0	0	0	0	3
421	58463	0	2.47748898	101309.893	101309.893	101309.892	101309.893	6.66209817e-05	0.00203124173	0	0	0	0	3
422	58465	0	2.48337375	101309.893	101309.893	101309.892	101309.893	6.63115206e-05	0.00203124173	0	0	0	0	3
423	58467	0	2.48925852	101309.893	101309.893	101309.892	101309.893	6.53646712e-05	0.00203124173	0	0	0	0	3
424	58470	0	2.49514329	101309.893	101309.893	101309.892	101309.893	6.38225902e-05	0.00203124173	0	0	0	0	3
425	58473	0	2.50102806	101309.893	101309.893	101309.892	101309.893	6.29175047e-05	0.00203124173	0	0	0	0	3
426	58475	0	2.50691283	101309.893	101309.893	101309.892	101309.893	6.21787331e-05	0.00203124173	0	0	0	0	3
427	58478	0	2.51279761	101309.893	101309.893	101309.892	101309.893	6.03794324e-05	0.00203124173	0	0	0	0	3
428	58480	0	2.51868238	101309.893	101309.893	101309.892	101309.893	5.98427287e-05	0.00203124173	0	0	0	0	3
429	58483	0	2.52456715	101309.893	101309.893	101309.892	101309.893	5.98427287e-05	0.00203124173	0	0	0	0	3
430	58485	0	2.53045192	101309.893	101309.893	101309.892	101309.893	5.98427287e-05	0.00203124173	0	0	0	0	3
431	58488	0	2.53633669	101309.893	101309.893	101309.892	101309.893	5.91767603e-05	0.00203124173	0	0	0	0	3
432	58490	0	2.54222147	101309.893	101309.893	101309.892	101309.893	5.71401615e-05	0.00203124173	0	0	0	0	3
433	58493	0	2.54810624	101309.893	101309.893	101309.892	101309.893	5.67633397e-05	0.00203124173	0	0	0	0	3
434	58495	0	2.55399101	101309.893	101309.893	101309.892	101309.893	5.67633397e-05	0.00203124173	0	0	0	0	3
435	58498	0	2.55987578	101309.893	101309.893	101309.892	101309.893	5.67633397e-05	0.00203124173	0	0	0	0	3
436	58500	0	2.56576055	101309.893	101309.893	101309.892	101309.893	5.67633397e-05	0.00203124173	0	0	0	0	3
437	58503	0	2.57164533	101309.893	101309.893	101309.892	101309.893	5.67633397e-05	0.00203124173	0	0	0	0	3
438	58505	0	2.5775301	101309.893	101309.893	101309.892	101309.893	5.86950628e-05	0.00203124173	0	0	0	0	3
439	58508	0	2.58341487	101309.893	101309.893	101309.892	101309.893	5.97222388e-05	0.00203124173	0	0	0	0	3
440	58510	0	2.58929964	101309.893	101309.893	101309.892	101309.893	5.9535625e-05	0.00203124173	0	0	0	0	3
441	58513	0	2.59518441	101309.893	101309.893	101309.892	101309.893	6.00110943e-05	0.00203124173	0	0	0	0	3
442	58516	0	2.60106919	101309.893	101309.893	101309.892	101309.893	6.08244154e-05	0.00203124173	0	0	0	0	3
443	58518	0	2.60695396	101309.893	101309.893	101309.892	101309.893	6.10831048e-05	0.00203124173	0	0	0	0	3
444	58521	0	2.61283873	101309.893	101309.893	101309.892	101309.893	6.2225954e-05	0.00203124173	0	0	0	0	3
445	58523	0	2.6187235	101309.893	101309.893	101309.892	101309.893	6.32572046e-05	0.00203124173	0	0	0	0	3
446	58526	0	2.62460827	101309.893	101309.893	101309.892	101309.893	6.50366128e-05	0.00203124173	0	0	0	0	3
447	58529	0	2.63049304	101309.893	101309.893	101309.892	101309.893	6.59139187e-05	0.00203124173	0	0	0	0	3
448	58531	0	2.63637782	101309.893	101309.893	101309.892	101309.893	6.72114693e-05	0.00203124173	0	0	0	0	3
449	58534	0	2.64226259	101309.893	101309.893	101309.892	101309.893	6.8363297e-05	0.00203124173	0	0	0	0	3
450	58536	0	2.64814736	101309.893	101309.893	101309.892	101309.893	6.9787071e-05	0.00203124173	0	0	0	0	3
451	58539	0	2.65403213	101309.893	101309.893	101309.892	101309.893	7.06568389e-05	0.00203124173	0	0	0	0	3
452	58542	0	2.6599169	101309.893	101309.893	101309.892	101309.893	7.11342873e-05	0.00203124173	0	0	0	0	3
453	58544	0	2.66580168	101309.893	101309.893	101309.892	101309.893	7.11342873e-05	0.00203124173	0	0	0	0	3
454	58547	0	2.67168645	101309.893	101309.893	101309.892	101309.893	7.12815381e-05	0.00203124173	0	0	0	0	3
455	58549	0	2.67757122	101309.893	101309.893	101309.892	101309.893	7.20172684e-05	0.00203124173	0	0	0	0	3
456	58552	0	2.68345599	101309.893	101309.893	101309.892	101309.893	7.31914333e-05	0.00203124173	0	0	0	0	3
457	58554	0	2.68934076	101309.893	101309.893	101309.892	101309.893	7.34692294e-05	0.00203124173	0	0	0	0	3
458	58557	0	2.69522554	101309.893	101309.893	101309.892	101309.893	7.40093674e-05	0.00203124173	0	0	0	0	3
459	58559	0	2.70111031	101309.893	101309.893	101309.892	101309.893	7.51075277e-05	0.00203124173	0	0	0	0	3
460	58562	0	2.70699508	101309.893	101309.893	101309.893	101309.893	7.51508051e-05	0.00203124173	0	0	0	0	3
461	58564	0	2.71287985	101309.892	101309.893	101309.892	101309.893	7.41251861e-05	0.00203124173	0	0	0	0	3
462	58566	0	2.71876462	101309.892	101309.893	101309.892	101309.893	7.30201573e-05	0.00203124173	0	0	0	0	3
463	58569	0	2.7246494	101309.893	101309.893	101309.892	101309.893	7.20805256e-05	0.00203124173	0	0	0	0	3
464	58571	0	2.73053417	101309.893	101309.893	101309.892	101309.893	6.98921212e-05	0.00203124173	0	0	0	0	3
465	58574	0	2.73641894	101309.893	101309.893	101309.892	101309.893	6.80524536e-05	0.00203124173	0	0	0	0	3
466	58576	0	2.74230371	101309.893	101309.893	101309.892	101309.893	6.64814143e-05	0.00203124173	0	0	0	0	3
467	58579	0	2.74818848	101309.893	101309.893	101309.892	101309.893	6.55149197e-05	0.00203124173	0	0	0	0	3
468	58581	0	2.75407326	101309.893	101309.893	101309.892	101309.893	6.36737241e-05	0.00203124173	0	0	0	0	3
469	58584	0	2.75995803	101309.893	101309.893	101309.892	101309.893	6.1744955e-05	0.00203124173	0	0	0	0	3
470	58587	0	2.7658428	101309.893	101309.893	101309.892	101309.893	5.96568862e-05	0.00203124173	0	0	0	0	3
471	58589	0	2.77172757	101309.893	101309.893	101309.892	101309.893	5.74793667e-05	0.00203124173	0	0	0	0	3
472	58592	0	2.77761234	101309.892	101309.893	101309.892	101309.893	5.41765185e-05	0.00203124173	0	0	0	0	3
473	58594	0	2.78349711	101309.892	101309.893	101309.892	101309.893	5.14082058e-05	0.00203124173	0	0	0	0	3
474	58596	0	2.78938189	101309.893	101309.893	101309.892	101309.893	4.80050949e-05	0.00203124173	0	0	0	0	3
475	58599	0	2.79526666	101309.892	101309.893	101309.892	101309.893	4.46910126e-05	0.00203124173	0	0	0	0	3
476	58601	0	2.80115143	101309.892	101309.893	101309.892	101309.893	4.1196341e-05	0.00203124173	0	0	0	0	3
477	58603	0	2.8070362	101309.892	101309.893	101309.892	101309.893	3.82333237e-05	0.00203124173	0	0	0	0	3
478	58606	0	2.81292097	101309.893	101309.893	101309.892	101309.893	3.92669463e-05	0.00203124173	0	0	0	0	3
479	58608	0	2.81880575	101309.892	101309.893	101309.892	101309.893	4.30665241e-05	0.00203124173	0	0	0	0	3
480	58611	0	2.82469052	101309.892	101309.893	101309.892	101309.893	4.70546365e-05	0.00203124173	0	0	0	0	3
481	58613	0	2.83057529	101309.892	101309.893	101309.892	101309.893	5.12324041e-05	0.00203124173	0	0	0	0	3
482	58616	0	2.83646006	101309.892	101309.893	101309.892	101309.893	5.42442285e-05	0.00203124173	0	0	0	0	3
483	58618	0	2.84234483	101309.892	101309.893	101309.892	101309.893	5.71647251e-05	0.00203124173	0	0	0	0	3
484	58620	0	2.84822961	101309.892	101309.893	101309.892	101309.893	5.85907401e-05	0.00203124173	0	0	0	0	3
485	58623	0	2.85411438	101309.893	101309.893	101309.892	101309.893	6.03952358e-05	0.00203124173	0	0	0	0	3
486	58625	0	2.85999915	101309.893	101309.893	101309.892	101309.893	6.14703895e-05	0.00203124173	0	0	0	0	3
487	58628	0	2.86588392	101309.893	101309.893	101309.892	101309.893	6.38424244e-05	0.00203124173	0	0	0	0	3
488	58631	0	2.87176869	101309.893	101309.893	101309.892	101309.893	6.61683152e-05	0.00203124173	0	0	0	0	3
489	58633	0	2.87765347	101309.893	101309.893	101309.892	101309.893	6.85884152e-05	0.00203124173	0	0	0	0	3
490	58636	0	2.88353824	101309.893	101309.893	101309.892	101309.893	6.95690251e-05	0.00203124173	0	0	0	0	3
491	58638	0	2.88942301	101309.893	101309.893	101309.892	101309.893	6.96873612e-05	0.00203124173	0	0	0	0	3
492	58641	0	2.89530778	101309.893	101309.893	101309.892	101309.893	6.96873612e-05	0.00203124173	0	0	0	0	3
493	58643	0	2.90119255	101309.893	101309.893	101309.892	101309.893	6.96873612e-05	0.00203124173	0	0	0	0	3
494	58646	0	2.90707732	101309.893	101309.893	101309.892	101309.893	6.96873612e-05	0.00203124173	0	0	0	0	3
495	58649	0	2.9129621	101309.893	101309.893	101309.892	101309.893	6.96873612e-05	0.00203124173	0	0	0	0	3
496	58651	0	2.91884687	101309.893	101309.893	101309.892	101309.893	6.96873612e-05	0.00203124173	0	0	0	0	3
497	58654	0	2.92473164	101309.893	101309.893	101309.892	101309.893	6.96873612e-05	0.00203124173	0	0	0	0	3
498	58656	0	2.93061641	101309.893	101309.893	101309.892	101309.893	6.96873612e-05	0.00203124173	0	0	0	0	3
499	58659	0	2.93650118	101309.893	101309.893	101309.892	101309.893	6.96873612e-05	0.00203124173	0	0	0	0	3
500	58661	0	2.94238596	101309.893	101309.893	101309.892	101309.893	6.96873612e-05	0.00203124173	0	0	0	0	3
501	58668	0	2.94827073	101309.893	101309.893	101309.892	101309.893	6.96873612e-05	0.00203124173	0	0	0	0	3
502	58671	0	2.9541555	101309.893	101309.893	101309.892	101309.893	6.96873612e-05	0.00203124173	0	0	0	0	3
503	58673	0	2.96004027	101309.893	101309.893	101309.892	101309.893	6.96873612e-05	0.00203124173	0	0	0	0	3
504	58676	0	2.96592504	101309.893	101309.893	101309.892	101309.893	6.96873612e-05	0.00203124173	0	0	0	0	3
505	58678	0	2.97180982	101309.893	101309.893	101309.892	101309.893	6.96873612e-05	0.00203124173	0	0	0	0	3
506	58680	0	2.97769459	101309.893	101309.893	101309.892	101309.893	6.96873612e-05	0.00203124173	0	0	0	0	3
507	58683	0	2.98357936	101309.893	101309.893	101309.892	101309.893	6.96873612e-05	0.00203124173	0	0	0	0	3
508	58685	0	2.98946413	101309.893	101309.893	101309.892	101309.893	6.96873612e-05	0.00203124173	0	0	0	0	3
509	58688	0	2.9953489	101309.893	101309.893	101309.892	101309.893	6.96873612e-05	0.00203124173	0	0	0	0	3
510	58690	0	3.00123368	101309.892	101309.893	101309.892	101309.893	6.96873612e-05	0.00203124173	0	0	0	0	3
511	58693	0	3.00711845	101309.892	101309.893	101309.892	101309.893	6.96873612e-05	0.00203124173	0	0	0	0	3
512	58695	0	3.01300322	101309.893	101309.893	101309.892	101309.893	6.96873612e-05	0.00203124173	0	0	0	0	3
513	58698	0	3.01888799	101309.893	101309.893	101309.892	101309.893	6.96873612e-05	0.00203124173	0	0	0	0	3
514	58700	0	3.02477276	101309.893	101309.893	101309.892	101309.893	6.96873612e-05	0.00203124173	0	0	0	0	3
515	58703	0	3.03065753	101309.893	101309.893	101309.892	101309.893	6.96873612e-05	0.00203124173	0	0	0	0	3
516	58705	0	3.03654231	101309.893	101309.893	101309.892	101309.893	6.96873612e-05	0.00203124173	0	0	0	0	3
517	58708	0	3.04242708	101309.893	101309.893	101309.892	101309.893	6.96873612e-05	0.00203124173	0	0	0	0	3
518	58711	0	3.04831185	101309.893	101309.893	101309.892	101309.893	6.96873612e-05	0.00203124173	0	0	0	0	3
519	58713	0	3.05419662	101309.893	101309.893	101309.892	101309.893	6.96873612e-05	0.00203124173	0	0	0	0	3
520	58716	0	3.06008139	101309.893	101309.893	101309.892	101309.893	6.96873612e-05	0.00203124173	0	0	0	0	3
521	58718	0	3.06596617	101309.893	101309.893	101309.892	101309.893	6.96873612e-05	0.00203124173	0	0	0	0	3
522	58721	0	3.07185094	101309.893	101309.893	101309.892	101309.893	6.96873612e-05	0.00203124173	0	0	0	0	3
523	58723	0	3.07773571	101309.893	101309.893	101309.892	101309.893	6.96873612e-05	0.00203124173	0	0	0	0	3
524	58726	0	3.08362048	101309.893	101309.893	101309.892	101309.893	6.96873612e-05	0.00203124173	0	0	0	0	3
525	58729	0	3.08950525	101309.893	101309.893	101309.892	101309.893	6.96873612e-05	0.00203124173	0	0	0	0	3
526	58731	0	3.09539003	101309.893	101309.893	101309.892	101309.893	6.96873612e-05	0.00203124173	0	0	0	0	3
527	58734	0	3.1012748	101309.893	101309.893	101309.892	101309.893	6.96873612e-05	0.00203124173	0	0	0	0	3
528	58736	0	3.10715957	101309.893	101309.893	101309.892	101309.893	6.98446529e-05	0.00203124173	0	0	0	0	3
529	58739	0	3.11304434	101309.893	101309.893	101309.892	101309.893	7.18713563e-05	0.00203124173	0	0	0	0	3
530	58742	0	3.11892911	101309.893	101309.893	101309.892	101309.893	7.40936084e-05	0.00203124173	0	0	0	0	3
531	58744	0	3.12481389	101309.893	101309.893	101309.892	101309.893	7.67286547e-05	0.00203124173	0	0	0	0	3
532	58747	0	3.13069866	101309.893	101309.893	101309.892	101309.893	7.7698176e-05	0.00203124173	0	0	0	0	3
533	58750	0	3.13658343	101309.893	101309.893	101309.892	101309.893	7.7698176e-05	0.00203124173	0	0	0	0	3
534	58752	0	3.1424682	101309.893	101309.893	101309.892	101309.893	7.7698176e-05	0.00203124173	0	0	0	0	3
535	58755	0	3.14835297	101309.893	101309.893	101309.892	101309.893	7.81129056e-05	0.00203124173	0	0	0	0	3
536	58757	0	3.15423775	101309.893	101309.893	101309.892	101309.893	7.81129056e-05	0.00203124173	0	0	0	0	3
537	58760	0	3.16012252	101309.893	101309.893	101309.892	101309.893	7.81212148e-05	0.00203124173	0	0	0	0	3
538	58762	0	3.16600729	101309.893	101309.893	101309.892	101309.893	7.83717987e-05	0.00203124173	0	0	0	0	3
539	58765	0	3.17189206	101309.893	101309.893	101309.892	101309.893	7.89967307e-05	0.00203124173	0	0	0	0	3
540	58768	0	3.17777683	101309.893	101309.893	101309.892	101309.893	7.9081743e-05	0.00203124173	0	0	0	0	3
541	58770	0	3.1836616	101309.893	101309.893	101309.892	101309.893	7.93920917e-05	0.00203124173	0	0	0	0	3
542	58772	0	3.18954638	101309.893	101309.893	101309.892	101309.893	7.93920917e-05	0.00203124173	0	0	0	0	3
543	58775	0	3.19543115	101309.893	101309.893	101309.892	101309.893	7.93920917e-05	0.00203124173	0	0	0	0	3
544	58777	0	3.20131592	101309.893	101309.893	101309.892	101309.893	7.93920917e-05	0.00203124173	0	0	0	0	3
545	58780	0	3.20720069	101309.893	101309.893	101309.892	101309.893	7.87907484e-05	0.00203124173	0	0	0	0	3
546	58782	0	3.21308546	101309.893	101309.893	101309.892	101309.893	7.78510148e-05	0.00203124173	0	0	0	0	3
547	58785	0	3.21897024	101309.893	101309.893	101309.892	101309.893	7.66549783e-05	0.00203124173	0	0	0	0	3
548	58788	0	3.22485501	101309.893	101309.893	101309.892	101309.893	7.58049428e-05	0.00203124173	0	0	0	0	3
549	58790	0	3.23073978	101309.893	101309.893	101309.892	101309.893	7.42252014e-05	0.00203124173	0	0	0	0	3
550	58792	0	3.23662455	101309.892	101309.893	101309.892	101309.893	7.31057808e-05	0.00203124173	0	0	0	0	3
551	58795	0	3.24250932	101309.892	101309.893	101309.892	101309.893	7.09690357e-05	0.00203124173	0	0	0	0	3
552	58797	0	3.2483941	101309.893	101309.893	101309.892	101309.893	6.8728099e-05	0.00203124173	0	0	0	0	3
553	58800	0	3.25427887	101309.893	101309.893	101309.892	101309.893	6.59895886e-05	0.00203124173	0	0	0	0	3
554	58802	0	3.26016364	101309.893	101309.893	101309.892	101309.893	6.34246389e-05	0.00203124173	0	0	0	0	3
555	58805	0	3.26604841	101309.893	101309.893	101309.892	101309.893	6.07114489e-05	0.00203124173	0	0	0	0	3
556	58807	0	3.27193318	101309.893	101309.893	101309.892	101309.893	5.80544583e-05	0.00203124173	0	0	0	0	3
557	58810	0	3.27781796	101309.893	101309.893	101309.892	101309.893	5.45729563e-05	0.00203124173	0	0	0	0	3
558	58812	0	3.28370273	101309.893	101309.893	101309.892	101309.893	5.1342533e-05	0.00203124173	0	0	0	0	3
559	58815	0	3.2895875	101309.893	101309.893	101309.892	101309.893	4.78975271e-05	0.00203124173	0	0	0	0	3
560	58817	0	3.29547227	101309.893	101309.893	101309.892	101309.893	4.53560642e-05	0.00203124173	0	0	0	0	3
561	58820	0	3.30135704	101309.893	101309.893	101309.892	101309.893	4.24784957e-05	0.00203124173	0	0	0	0	3
562	58822	0	3.30724181	101309.893	101309.893	101309.892	101309.893	4.01328725e-05	0.00203124173	0	0	0	0	3
563	58825	0	3.31312659	101309.893	101309.893	101309.892	101309.893	3.63332947e-05	0.00203124173	0	0	0	0	3
564	58828	0	3.31901136	101309.893	101309.893	101309.892	101309.893	3.23451823e-05	0.00203124173	0	0	0	0	3
565	58830	0	3.32489613	101309.893	101309.893	101309.892	101309.893	2.82936235e-05	0.00203124173	0	0	0	0	3
566	58833	0	3.3307809	101309.893	101309.893	101309.892	101309.893	3.00746324e-05	0.00203124173	0	0	0	0	3
567	58835	0	3.33666567	101309.893	101309.893	101309.892	101309.893	3.21322877e-05	0.00203124173	0	0	0	0	3
568	58838	0	3.34255045	101309.893	101309.893	101309.892	101309.893	3.38761893e-05	0.00203124173	0	0	0	0	3
569	58840	0	3.34843522	101309.893	101309.893	101309.892	101309.893	3.52267525e-05	0.00203124173	0	0	0	0	3
570	58843	0	3.35431999	101309.893	101309.893	101309.892	101309.893	3.67200555e-05	0.00203124173	0	0	0	0	3
571	58846	0	3.36020476	101309.893	101309.893	101309.892	101309.893	3.67555913e-05	0.00203124173	0	0	0	0	3
572	58848	0	3.36608953	101309.893	101309.893	101309.892	101309.893	3.74400115e-05	0.00203124173	0	0	0	0	3
573	58851	0	3.37197431	101309.893	101309.893	101309.892	101309.893	3.85124586e-05	0.00203124173	0	0	0	0	3
574	58853	0	3.37785908	101309.893	101309.893	101309.892	101309.893	4.03232552e-05	0.00203124173	0	0	0	0	3
575	58856	0	3.38374385	101309.893	101309.893	101309.892	101309.893	4.10329521e-05	0.00203124173	0	0	0	0	3
576	58858	0	3.38962862	101309.893	101309.893	101309.892	101309.893	4.17344709e-05	0.00203124173	0	0	0	0	3
577	58861	0	3.39551339	101309.893	101309.893	101309.892	101309.893	4.19499265e-05	0.00203124173	0	0	0	0	3
578	58864	0	3.40139817	101309.893	101309.893	101309.892	101309.893	4.28017374e-05	0.00203124173	0	0	0	0	3
579	58866	0	3.40728294	101309.893	101309.893	101309.892	101309.893	4.35756083e-05	0.00203124173	0	0	0	0	3
580	58869	0	3.41316771	101309.893	101309.893	101309.892	101309.893	4.50336083e-05	0.00203124173	0	0	0	0	3
581	58871	0	3.41905248	101309.893	101309.893	101309.892	101309.893	4.56706766e-05	0.00203124173	0	0	0	0	3
582	58874	0	3.42493725	101309.893	101309.893	101309.892	101309.893	4.56706766e-05	0.00203124173	0	0	0	0	3
583	58877	0	3.43082202	101309.893	101309.893	101309.892	101309.893	4.56706766e-05	0.00203124173	0	0	0	0	3
584	58879	0	3.4367068	101309.893	101309.893	101309.892	101309.893	4.56706766e-05	0.00203124173	0	0	0	0	3
585	58881	0	3.44259157	101309.893	101309.893	101309.892	101309.893	4.56706766e-05	0.00203124173	0	0	0	0	3
586	58884	0	3.44847634	101309.893	101309.893	101309.892	101309.893	4.56706766e-05	0.00203124173	0	0	0	0	3
587	58886	0	3.45436111	101309.893	101309.893	101309.892	101309.893	4.56706766e-05	0.00203124173	0	0	0	0	3
588	58889	0	3.46024588	101309.893	101309.893	101309.892	101309.893	4.56706766e-05	0.00203124173	0	0	0	0	3
589	58891	0	3.46613066	101309.893	101309.893	101309.892	101309.893	4.56706766e-05	0.00203124173	0	0	0	0	3
590	58893	0	3.47201543	101309.893	101309.893	101309.892	101309.893	4.56706766e-05	0.00203124173	0	0	0	0	3
591	58896	0	3.4779002	101309.893	101309.893	101309.892	101309.893	4.56706766e-05	0.00203124173	0	0	0	0	3
592	58898	0	3.48378497	101309.893	101309.893	101309.892	101309.893	4.60517331e-05	0.00203124173	0	0	0	0	3
593	58901	0	3.48966974	101309.893	101309.893	101309.892	101309.893	4.62266034e-05	0.00203124173	0	0	0	0	3
594	58904	0	3.49555452	101309.893	101309.893	101309.892	101309.893	4.77624853e-05	0.00203124173	0	0	0	0	3
595	58906	0	3.50143929	101309.893	101309.893	101309.892	101309.893	4.89017984e-05	0.00203124173	0	0	0	0	3
596	58909	0	3.50732406	101309.893	101309.893	101309.892	101309.893	4.99621383e-05	0.00203124173	0	0	0	0	3
597	58911	0	3.51320883	101309.893	101309.893	101309.892	101309.893	5.04205236e-05	0.00203124173	0	0	0	0	3
598	58914	0	3.5190936	101309.893	101309.893	101309.892	101309.893	5.09697275e-05	0.00203124173	0	0	0	0	3
599	58916	0	3.52497838	101309.893	101309.893	101309.892	101309.893	5.12993865e-05	0.00203124173	0	0	0	0	3
600	58919	0	3.53086315	101309.893	101309.893	101309.892	101309.893	5.19915047e-05	0.00203124173	0	0	0	0	3
601	58926	0	3.53674792	101309.893	101309.893	101309.892	101309.893	5.19915047e-05	0.00203124173	0	0	0	0	3
602	58928	0	3.54263269	101309.893	101309.893	101309.892	101309.893	5.19915047e-05	0.00203124173	0	0	0	0	3
603	58931	0	3.54851746	101309.893	101309.893	101309.892	101309.893	5.19915047e-05	0.00203124173	0	0	0	0	3
604	58933	0	3.55440224	101309.893	101309.893	101309.892	101309.893	5.19915047e-05	0.00203124173	0	0	0	0	3
605	58936	0	3.56028701	101309.893	101309.893	101309.892	101309.893	5.19915047e-05	0.00203124173	0	0	0	0	3
606	58938	0	3.56617178	101309.893	101309.893	101309.892	101309.893	5.19915047e-05	0.00203124173	0	0	0	0	3
607	58941	0	3.57205655	101309.893	101309.893	101309.892	101309.893	5.19915047e-05	0.00203124173	0	0	0	0	3
608	58943	0	3.57794132	101309.893	101309.893	101309.892	101309.893	5.19915047e-05	0.00203124173	0	0	0	0	3
609	58946	0	3.58382609	101309.893	101309.893	101309.892	101309.893	5.19915047e-05	0.00203124173	0	0	0	0	3
610	58949	0	3.58971087	101309.893	101309.893	101309.892	101309.893	5.19915047e-05	0.00203124173	0	0	0	0	3
611	58951	0	3.59559564	101309.893	101309.893	101309.892	101309.893	5.19915047e-05	0.00203124173	0	0	0	0	3
612	58954	0	3.60148041	101309.893	101309.893	101309.892	101309.893	5.19915047e-05	0.00203124173	0	0	0	0	3
613	58956	0	3.60736518	101309.893	101309.893	101309.892	101309.893	5.19915047e-05	0.00203124173	0	0	0	0	3
614	58959	0	3.61324995	101309.893	101309.893	101309.892	101309.893	5.19915047e-05	0.00203124173	0	0	0	0	3
615	58961	0	3.61913473	101309.893	101309.893	101309.892	101309.893	5.19915047e-05	0.00203124173	0	0	0	0	3
616	58964	0	3.6250195	101309.893	101309.893	101309.892	101309.893	5.19915047e-05	0.00203124173	0	0	0	0	3
617	58966	0	3.63090427	101309.893	101309.893	101309.892	101309.893	5.36127482e-05	0.00203124173	0	0	0	0	3
618	58969	0	3.63678904	101309.893	101309.893	101309.892	101309.893	5.54163125e-05	0.00203124173	0	0	0	0	3
619	58971	0	3.64267381	101309.893	101309.893	101309.892	101309.893	5.72485296e-05	0.00203124173	0	0	0	0	3
620	58974	0	3.64855859	101309.893	101309.893	101309.892	101309.893	5.94728772e-05	0.00203124173	0	0	0	0	3
621	58976	0	3.65444336	101309.893	101309.893	101309.892	101309.893	6.18288177e-05	0.00203124173	0	0	0	0	3
622	58979	0	3.66032813	101309.893	101309.893	101309.892	101309.893	6.4050706e-05	0.00203124173	0	0	0	0	3
623	58981	0	3.6662129	101309.893	101309.893	101309.892	101309.893	6.51039154e-05	0.00203124173	0	0	0	0	3
624	58984	0	3.67209767	101309.893	101309.893	101309.892	101309.893	6.6523804e-05	0.00203124173	0	0	0	0	3
625	58986	0	3.67798245	101309.893	101309.893	101309.892	101309.893	6.79373625e-05	0.00203124173	0	0	0	0	3
626	58988	0	3.68386722	101309.893	101309.893	101309.892	101309.893	6.97635551e-05	0.00203124173	0	0	0	0	3
627	58991	0	3.68975199	101309.893	101309.893	101309.892	101309.893	7.11127796e-05	0.00203124173	0	0	0	0	3
628	58993	0	3.69563676	101309.893	101309.893	101309.892	101309.893	7.27371807e-05	0.00203124173	0	0	0	0	3
629	58995	0	3.70152153	101309.893	101309.893	101309.892	101309.893	7.54555804e-05	0.00203124173	0	0	0	0	3
630	58998	0	3.7074063	101309.893	101309.893	101309.892	101309.893	7.78870308e-05	0.00203124173	0	0	0	0	3
631	59000	0	3.71329108	101309.893	101309.893	101309.892	101309.893	7.86557794e-05	0.00203124173	0	0	0	0	3
632	59003	0	3.71917585	101309.893	101309.893	101309.892	101309.893	8.00676644e-05	0.00203124173	0	0	0	0	3
633	59005	0	3.72506062	101309.893	101309.893	101309.892	101309.893	8.23815499e-05	0.00203124173	0	0	0	0	3
634	59008	0	3.73094539	101309.893	101309.893	101309.892	101309.893	8.6352331e-05	0.00203124173	0	0	0	0	3
635	59011	0	3.73683016	101309.893	101309.893	101309.892	101309.893	9.08837537e-05	0.00203124173	0	0	0	0	3
636	59013	0	3.74271494	101309.893	101309.893	101309.893	101309.893	9.55538853e-05	0.00203124173	0	0	0	0	3
637	59016	0	3.74859971	101309.893	101309.893	101309.893	101309.893	9.9412573e-05	0.00203124173	0	0	0	0	3
638	59018	0	3.75448448	101309.893	101309.893	101309.893	101309.893	0.00010311167	0.00203124173	0	0	0	0	3
639	59021	0	3.76036925	101309.893	101309.893	101309.893	101309.893	0.000106604741	0.00203124173	0	0	0	0	3
640	59023	0	3.76625402	101309.893	101309.893	101309.893	101309.893	0.000109434652	0.00203124173	0	0	0	0	3
641	59026	0	3.7721388	101309.893	101309.893	101309.893	101309.893	0.000111943678	0.00203124173	0	0	0	0	3
642	59028	0	3.77802357	101309.893	101309.893	101309.893	101309.893	0.000112969879	0.00203124173	0	0	0	0	3
643	59031	0	3.78390834	101309.893	101309.893	101309.893	101309.893	0.000111983391	0.00203124173	0	0	0	0	3
644	59034	0	3.78979311	101309.893	101309.893	101309.893	101309.893	0.000109445522	0.00203124173	0	0	0	0	3
645	59036	0	3.79567788	101309.893	101309.893	101309.893	101309.893	0.000107773449	0.00203124173	0	0	0	0	3
646	59039	0	3.80156266	101309.893	101309.893	101309.893	101309.893	0.000105394502	0.00203124173	0	0	0	0	3
647	59041	0	3.80744743	101309.893	101309.893	101309.893	101309.893	0.000103132421	0.00203124173	0	0	0	0	3
648	59044	0	3.8133322	101309.893	101309.893	101309.893	101309.893	9.98534233e-05	0.00203124173	0	0	0	0	3
649	59046	0	3.81921697	101309.893	101309.893	101309.893	101309.893	9.67799861e-05	0.00203124173	0	0	0	0	3
650	59049	0	3.82510174	101309.893	101309.893	101309.893	101309.893	9.31376271e-05	0.00203124173	0	0	0	0	3
651	59052	0	3.83098651	101309.893	101309.893	101309.893	101309.893	9.10799718e-05	0.00203124173	0	0	0	0	3
652	59054	0	3.83687129	101309.893	101309.893	101309.893	101309.893	8.93360702e-05	0.00203124173	0	0	0	0	3
653	59057	0	3.84275606	101309.893	101309.893	101309.893	101309.893	8.7985507e-05	0.00203124173	0	0	0	0	3
654	59059	0	3.84864083	101309.893	101309.893	101309.893	101309.893	8.6492204e-05	0.00203124173	0	0	0	0	3
655	59062	0	3.8545256	101309.893	101309.893	101309.893	101309.893	8.64566682e-05	0.00203124173	0	0	0	0	3
656	59064	0	3.86041037	101309.893	101309.893	101309.893	101309.893	8.5772248e-05	0.00203124173	0	0	0	0	3
657	59067	0	3.86629515	101309.893	101309.893	101309.893	101309.893	8.46998009e-05	0.00203124173	0	0	0	0	3
658	59069	0	3.87217992	101309.893	101309.893	101309.893	101309.893	8.34647944e-05	0.00203124173	0	0	0	0	3
659	59072	0	3.87806469	101309.893	101309.893	101309.893	101309.893	8.34647944e-05	0.00203124173	0	0	0	0	3
660	59075	0	3.88394946	101309.893	101309.893	101309.893	101309.893	8.34647944e-05	0.00203124173	0	0	0	0	3
661	59077	0	3.88983423	101309.893	101309.893	101309.893	101309.893	8.34647944e-05	0.00203124173	0	0	0	0	3
662	59080	0	3.89571901	101309.893	101309.893	101309.893	101309.893	8.34647944e-05	0.00203124173	0	0	0	0	3
663	59082	0	3.90160378	101309.893	101309.893	101309.893	101309.893	8.34647944e-05	0.00203124173	0	0	0	0	3
664	59085	0	3.90748855	101309.893	101309.893	101309.893	101309.893	8.34647944e-05	0.00203124173	0	0	0	0	3
665	59088	0	3.91337332	101309.893	101309.893	101309.893	101309.893	8.34647944e-05	0.00203124173	0	0	0	0	3
666	59090	0	3.91925809	101309.893	101309.893	101309.893	101309.893	8.34647944e-05	0.00203124173	0	0	0	0	3
667	59093	0	3.92514287	101309.893	101309.893	101309.893	101309.893	8.34647944e-05	0.00203124173	0	0	0	0	3
668	59095	0	3.93102764	101309.893	101309.893	101309.893	101309.893	8.34647944e-05	0.00203124173	0	0	0	0	3
669	59098	0	3.93691241	101309.893	101309.893	101309.893	101309.893	8.34647944e-05	0.00203124173	0	0	0	0	3
670	59100	0	3.94279718	101309.893	101309.893	101309.893	101309.893	8.34647944e-05	0.00203124173	0	0	0	0	3
671	59103	0	3.94868195	101309.893	101309.893	101309.893	101309.893	8.34647944e-05	0.00203124173	0	0	0	0	3
672	59105	0	3.95456673	101309.893	101309.893	101309.893	101309.893	8.30335339e-05	0.00203124173	0	0	0	0	3
673	59108	0	3.9604515	101309.893	101309.893	101309.893	101309.893	8.31959042e-05	0.00203124173	0	0	0	0	3
674	59111	0	3.96633627	101309.893	101309.893	101309.893	101309.893	8.40202847e-05	0.00203124173	0	0	0	0	3
675	59113	0	3.97222104	101309.893	101309.893	101309.893	101309.893	8.47605261e-05	0.00203124173	0	0	0	0	3
676	59116	0	3.97810581	101309.893	101309.893	101309.893	101309.893	8.74075195e-05	0.00203124173	0	0	0	0	3
677	59118	0	3.98399058	101309.893	101309.893	101309.893	101309.893	9.12106188e-05	0.00203124173	0	0	0	0	3
678	59121	0	3.98987536	101309.893	101309.893	101309.893	101309.893	9.4901945e-05	0.00203124173	0	0	0	0	3
679	59124	0	3.99576013	101309.893	101309.893	101309.893	101309.893	9.72243288e-05	0.00203124173	0	0	0	0	3
680	59127	0	4.0016449	101309.893	101309.893	101309.893	101309.893	0.000100458055	0.00203124173	0	0	0	0	3
