Iteration	CPUTime	PhysTime	Travels	Value	AvValue	MinValue	MaxValue	Delta	Criteria	Progress	CriteriaType	CriteriaVarType	CriteriaPercentage
1	14	0	0.00588477191	0	0	0	0	0	0	0	0	0	0	3
2	18	0	0.0117695438	0	0	0	0	0	0	0	0	0	0	3
3	20	0	0.0176543157	0	0	0	0	0	0	0	0	0	0	3
4	23	0	0.0235390876	0	0	0	0	0	0	0	0	0	0	3
5	26	0	0.0294238596	0	0	0	0	0	0	0	0	0	0	3
6	28	0	0.0353086315	0	0	0	0	0	0	0	0	0	0	3
7	30	0	0.0411934034	0	0	0	0	0	0	0	0	0	0	3
8	33	0	0.0470781753	0	0	0	0	0	0	0	0	0	0	3
9	35	0	0.0529629472	0	0	0	0	0	0	0	0	0	0	3
10	37	0	0.0588477191	0	0	0	0	0	0	0	0	0	0	3
11	39	0	0.064732491	0	0	0	0	0	0	0	0	0	0	3
12	41	0	0.0706172629	0	0	0	0	0	0	0	0	0	0	3
13	44	0	0.0765020349	0	0	0	0	0	0	0	0	0	0	3
14	46	0	0.0823868068	0	0	0	0	0	0	0	0	0	0	3
15	48	0	0.0882715787	0	0	0	0	0	0	0	0	0	0	3
16	50	0	0.0941563506	0	0	0	0	0	0	0	0	0	0	3
17	52	0	0.100041123	0	0	0	0	0	0	0	0	0	0	3
18	55	0	0.105925894	0	0	0	0	0	0	0	0	0	0	3
19	57	0	0.111810666	0	0	0	0	0	0	0	0	0	0	3
20	59	0	0.117695438	0	0	0	0	0	0	0	0	0	0	3
21	62	0	0.12358021	0	0	0	0	0	0	0	0	0	0	3
22	64	0	0.129464982	0	0	0	0	0	0	0	0	0	0	3
23	66	0	0.135349754	0	0	0	0	0	0	0	0	0	0	3
24	69	0	0.141234526	0	0	0	0	0	0	0	0	0	0	3
25	71	0	0.147119298	0	0	0	0	0	0	0	0	0	0	3
26	73	0	0.15300407	0	0	0	0	0	0	0	0	0	0	3
27	76	0	0.158888842	0	0	0	0	0	0	0	0	0	0	3
28	78	0	0.164773614	0	0	0	0	0	0	0	0	0	0	3
29	80	0	0.170658385	0	0	0	0	0	0	0	0	0	0	3
30	82	0	0.176543157	0	0	0	0	0	0	0	0	0	0	3
31	85	0	0.182427929	0	0	0	0	0	0	0	0	0	0	3
32	87	0	0.188312701	0	0	0	0	0	0	0	0	0	0	3
33	89	0	0.194197473	0	0	0	0	0	0	0	0	0	0	3
34	92	0	0.200082245	0	0	0	0	0	0	0	0	0	0	3
35	94	0	0.205967017	0	0	0	0	0	0	0	0	0	0	3
36	96	0	0.211851789	0	0	0	0	0	0	0	0	0	0	3
37	99	0	0.217736561	0	0	0	0	0	0	0	0	0	0	3
38	101	0	0.223621333	0	0	0	0	0	0	0	0	0	0	3
39	104	0	0.229506105	0	0	0	0	0	0	0	0	0	0	3
40	106	0	0.235390876	0	0	0	0	0	0	0	0	0	0	3
41	109	0	0.241275648	0	0	0	0	0	0	0	0	0	0	3
42	111	0	0.24716042	0	0	0	0	0	0	0	0	0	0	3
43	114	0	0.253045192	0	0	0	0	0	0	0	0	0	0	3
44	116	0	0.258929964	0	0	0	0	0	0	0	0	0	0	3
45	119	0	0.264814736	0	0	0	0	0	0	0	0	0	0	3
46	121	0	0.270699508	0	0	0	0	0	0	0	0	0	0	3
47	124	0	0.27658428	0	0	0	0	0	0	0	0	0	0	3
48	127	0	0.282469052	0	0	0	0	0	0	0	0	0	0	3
49	129	0	0.288353824	0	0	0	0	0	0	0	0	0	0	3
50	132	0	0.294238596	0	0	0	0	0	0	0	0	0	0	3
51	134	0	0.300123368	0	0	0	0	0	0	0	0	0	0	3
52	136	0	0.306008139	0	0	0	0	0	0	0	0	0	0	3
53	139	0	0.311892911	0	0	0	0	0	0	0	0	0	0	3
54	141	0	0.317777683	0	0	0	0	0	0	0	0	0	0	3
55	144	0	0.323662455	0	0	0	0	0	0	0	0	0	0	3
56	146	0	0.329547227	0	0	0	0	0	0	0	0	0	0	3
57	148	0	0.335431999	0	0	0	0	0	0	0	0	0	0	3
58	151	0	0.341316771	0	0	0	0	0	0	0	0	0	0	3
59	153	0	0.347201543	0	0	0	0	0	0	0	0	0	0	3
60	156	0	0.353086315	0	0	0	0	0	0	0	0	0	0	3
61	159	0	0.358971087	0	0	0	0	0	0	0	0	0	0	3
62	161	0	0.364855859	0	0	0	0	0	0	0	0	0	0	3
63	164	0	0.37074063	0	0	0	0	0	0	0	0	0	0	3
64	166	0	0.376625402	0	0	0	0	0	0	0	0	0	0	3
65	169	0	0.382510174	0	0	0	0	0	0	0	0	0	0	3
66	172	0	0.388394946	0	0	0	0	0	0	0	0	0	0	3
67	174	0	0.394279718	0	0	0	0	0	0	0	0	0	0	3
68	177	0	0.40016449	0	0	0	0	0	0	0	0	0	0	3
69	179	0	0.406049262	0	0	0	0	0	0	0	0	0	0	3
70	181	0	0.411934034	0	0	0	0	0	0	0	0	0	0	3
71	184	0	0.417818806	0	0	0	0	0	0	0	0	0	0	3
72	187	0	0.423703578	0	0	0	0	0	0	0	0	0	0	3
73	189	0	0.42958835	0	0	0	0	0	0	0	0	0	0	3
74	192	0	0.435473122	0	0	0	0	0	0	0	0	0	0	3
75	194	0	0.441357893	0	0	0	0	0	0	0	0	0	0	3
76	197	0	0.447242665	0	0	0	0	0	0	0	0	0	0	3
77	199	0	0.453127437	0	0	0	0	0	0	0	0	0	0	3
78	202	0	0.459012209	0	0	0	0	0	0	0	0	0	0	3
79	204	0	0.464896981	0	0	0	0	0	0	0	0	0	0	3
80	207	0	0.470781753	0	0	0	0	0	0	0	0	0	0	3
81	209	0	0.476666525	0	0	0	0	0	0	0	0	0	0	3
82	211	0	0.482551297	0	0	0	0	0	0	0	0	0	0	3
83	214	0	0.488436069	0	0	0	0	0	0	0	0	0	0	3
84	216	0	0.494320841	0	0	0	0	0	0	0	0	0	0	3
85	219	0	0.500205613	0	0	0	0	0	0	0	0	0	0	3
86	221	0	0.506090384	0	0	0	0	0	0	0	0	0	0	3
87	224	0	0.511975156	0	0	0	0	0	0	0	0	0	0	3
88	226	0	0.517859928	0	0	0	0	0	0	0	0	0	0	3
89	229	0	0.5237447	0	0	0	0	0	0	0	0	0	0	3
90	231	0	0.529629472	0	0	0	0	0	0	0	0	0	0	3
91	234	0	0.535514244	0	0	0	0	0	0	0	0	0	0	3
92	236	0	0.541399016	0	0	0	0	0	0	0	0	0	0	3
93	239	0	0.547283788	0	0	0	0	0	0	0	0	0	0	3
94	241	0	0.55316856	0	0	0	0	0	0	0	0	0	0	3
95	244	0	0.559053332	0	0	0	0	0	0	0	0	0	0	3
96	246	0	0.564938104	0	0	0	0	0	0	0	0	0	0	3
97	249	0	0.570822876	0	0	0	0	0	0	0	0	0	0	3
98	251	0	0.576707647	0	0	0	0	0	0	0	0	0	0	3
99	254	0	0.582592419	0	0	0	0	0	0	0	0	0	0	3
100	257	0	0.588477191	0	0	0	0	0	0	0	0	0	0	3
101	264	0	0.594361963	0	0	0	0	0	0	0	0	0	0	3
102	266	0	0.600246735	0	0	0	0	0	0	0	0	0	0	3
103	268	0	0.606131507	0	0	0	0	0	0	0	0	0	0	3
104	271	0	0.612016279	0	0	0	0	0	0	0	0	0	0	3
105	273	0	0.617901051	0	0	0	0	0	0	0	0	0	0	3
106	275	0	0.623785823	0	0	0	0	0	0	0	0	0	0	3
107	278	0	0.629670595	0	0	0	0	0	0	0	0	0	0	3
108	280	0	0.635555367	0	0	0	0	0	0	0	0	0	0	3
109	283	0	0.641440138	0	0	0	0	0	0	0	0	0	0	3
110	285	0	0.64732491	0	0	0	0	0	0	0	0	0	0	3
111	287	0	0.653209682	0	0	0	0	0	0	0	0	0	0	3
112	290	0	0.659094454	0	0	0	0	0	0	0	0	0	0	3
113	292	0	0.664979226	0	0	0	0	0	0	0	0	0	0	3
114	295	0	0.670863998	0	0	0	0	0	0	0	0	0	0	3
115	297	0	0.67674877	0	0	0	0	0	0	0	0	0	0	3
116	300	0	0.682633542	0	0	0	0	0	0	0	0	0	0	3
117	302	0	0.688518314	0	0	0	0	0	0	0	0	0	0	3
118	305	0	0.694403086	0	0	0	0	0	0	0	0	0	0	3
119	307	0	0.700287858	0	0	0	0	0	0	0	0	0	0	3
120	310	0	0.706172629	0	0	0	0	0	0	0	0	0	0	3
121	312	0	0.712057401	0	0	0	0	0	0	0	0	0	0	3
122	315	0	0.717942173	0	0	0	0	0	0	0	0	0	0	3
123	317	0	0.723826945	0	0	0	0	0	0	0	0	0	0	3
124	320	0	0.729711717	0	0	0	0	0	0	0	0	0	0	3
125	322	0	0.735596489	0	0	0	0	0	0	0	0	0	0	3
126	325	0	0.741481261	0	0	0	0	0	0	0	0	0	0	3
127	327	0	0.747366033	0	0	0	0	0	0	0	0	0	0	3
128	329	0	0.753250805	0	0	0	0	0	0	0	0	0	0	3
129	332	0	0.759135577	0	0	0	0	0	0	0	0	0	0	3
130	334	0	0.765020349	0	0	0	0	0	0	0	0	0	0	3
131	337	0	0.770905121	0	0	0	0	0	0	0	0	0	0	3
132	339	0	0.776789892	0	0	0	0	0	0	0	0	0	0	3
133	341	0	0.782674664	0	0	0	0	0	0	0	0	0	0	3
134	343	0	0.788559436	0	0	0	0	0	0	0	0	0	0	3
135	346	0	0.794444208	0	0	0	0	0	0	0	0	0	0	3
136	348	0	0.80032898	0	0	0	0	0	0	0	0	0	0	3
137	350	0	0.806213752	0	0	0	0	0	0	0	0	0	0	3
138	352	0	0.812098524	0	0	0	0	0	0	0	0	0	0	3
139	355	0	0.817983296	0	0	0	0	0	0	0	0	0	0	3
140	357	0	0.823868068	0	0	0	0	0	0	0	0	0	0	3
141	359	0	0.82975284	0	0	0	0	0	0	0	0	0	0	3
142	361	0	0.835637612	0	0	0	0	0	0	0	0	0	0	3
143	364	0	0.841522383	0	0	0	0	0	0	0	0	0	0	3
144	366	0	0.847407155	0	0	0	0	0	0	0	0	0	0	3
145	369	0	0.853291927	0	0	0	0	0	0	0	0	0	0	3
146	371	0	0.859176699	0	0	0	0	0	0	0	0	0	0	3
147	374	0	0.865061471	0	0	0	0	0	0	0	0	0	0	3
148	377	0	0.870946243	0	0	0	0	0	0	0	0	0	0	3
149	379	0	0.876831015	0	0	0	0	0	0	0	0	0	0	3
150	382	0	0.882715787	0	0	0	0	0	0	0	0	0	0	3
151	384	0	0.888600559	0	0	0	0	0	0	0	0	0	0	3
152	387	0	0.894485331	0	0	0	0	0	0	0	0	0	0	3
153	389	0	0.900370103	0	0	0	0	0	0	0	0	0	0	3
154	392	0	0.906254875	0	0	0	0	0	0	0	0	0	0	3
155	394	0	0.912139646	0	0	0	0	0	0	0	0	0	0	3
156	397	0	0.918024418	0	0	0	0	0	0	0	0	0	0	3
157	399	0	0.92390919	0	0	0	0	0	0	0	0	0	0	3
158	402	0	0.929793962	0	0	0	0	0	0	0	0	0	0	3
159	405	0	0.935678734	0	0	0	0	0	0	0	0	0	0	3
160	407	0	0.941563506	0	0	0	0	0	0	0	0	0	0	3
161	410	0	0.947448278	0	0	0	0	0	0	0	0	0	0	3
162	412	0	0.95333305	0	0	0	0	0	0	0	0	0	0	3
163	414	0	0.959217822	0	0	0	0	0	0	0	0	0	0	3
164	417	0	0.965102594	0	0	0	0	0	0	0	0	0	0	3
165	419	0	0.970987366	0	0	0	0	0	0	0	0	0	0	3
166	421	0	0.976872137	0	0	0	0	0	0	0	0	0	0	3
167	424	0	0.982756909	0	0	0	0	0	0	0	0	0	0	3
168	426	0	0.988641681	0	0	0	0	0	0	0	0	0	0	3
169	428	0	0.994526453	0	0	0	0	0	0	0	0	0	0	3
170	431	0	1.00041123	0	0	0	0	0	5e-06	0	0	0	0	3
171	433	0	1.006296	0	0	0	0	0	5e-06	0	0	0	0	3
172	436	0	1.01218077	0	0	0	0	0	5e-06	0	0	0	0	3
173	438	0	1.01806554	0	0	0	0	0	5e-06	0	0	0	0	3
174	440	0	1.02395031	0	0	0	0	0	5e-06	0	0	0	0	3
175	443	0	1.02983508	0	0	0	0	0	5e-06	0	0	0	0	3
176	445	0	1.03571986	0	0	0	0	0	5e-06	0	0	0	0	3
177	448	0	1.04160463	0	0	0	0	0	5e-06	0	0	0	0	3
178	450	0	1.0474894	0	0	0	0	0	5e-06	0	0	0	0	3
179	453	0	1.05337417	0	0	0	0	0	5e-06	0	0	0	0	3
180	455	0	1.05925894	0	0	0	0	0	5e-06	0	0	0	0	3
181	458	0	1.06514372	0	0	0	0	0	5e-06	0	0	0	0	3
182	460	0	1.07102849	0	0	0	0	0	5e-06	0	0	0	0	3
183	463	0	1.07691326	0	0	0	0	0	5e-06	0	0	0	0	3
184	465	0	1.08279803	0	0	0	0	0	5e-06	0	0	0	0	3
185	468	0	1.0886828	0	0	0	0	0	5e-06	0	0	0	0	3
186	471	0	1.09456758	0	0	0	0	0	5e-06	0	0	0	0	3
187	473	0	1.10045235	0	0	0	0	0	5e-06	0	0	0	0	3
188	475	0	1.10633712	0	0	0	0	0	5e-06	0	0	0	0	3
189	478	0	1.11222189	0	0	0	0	0	5e-06	0	0	0	0	3
190	480	0	1.11810666	0	0	0	0	0	5e-06	0	0	0	0	3
191	482	0	1.12399144	0	0	0	0	0	5e-06	0	0	0	0	3
192	484	0	1.12987621	0	0	0	0	0	5e-06	0	0	0	0	3
193	486	0	1.13576098	0	0	0	0	0	5e-06	0	0	0	0	3
194	489	0	1.14164575	0	0	0	0	0	5e-06	0	0	0	0	3
195	491	0	1.14753052	0	0	0	0	0	5e-06	0	0	0	0	3
196	493	0	1.15341529	0	0	0	0	0	5e-06	0	0	0	0	3
197	495	0	1.15930007	0	0	0	0	0	5e-06	0	0	0	0	3
198	497	0	1.16518484	0	0	0	0	0	5e-06	0	0	0	0	3
199	500	0	1.17106961	0	0	0	0	0	5e-06	0	0	0	0	3
200	502	0	1.17695438	0	0	0	0	0	5e-06	0	0	0	0	3
201	509	0	1.18283915	0	0	0	0	0	5e-06	0	0	0	0	3
202	511	0	1.18872393	0	0	0	0	0	5e-06	0	0	0	0	3
203	513	0	1.1946087	0	0	0	0	0	5e-06	0	0	0	0	3
204	515	0	1.20049347	0	0	0	0	0	5e-06	0	0	0	0	3
205	517	0	1.20637824	0	0	0	0	0	5e-06	0	0	0	0	3
206	520	0	1.21226301	0	0	0	0	0	5e-06	0	0	0	0	3
207	522	0	1.21814779	0	0	0	0	0	5e-06	0	0	0	0	3
208	524	0	1.22403256	0	0	0	0	0	5e-06	0	0	0	0	3
209	526	0	1.22991733	0	0	0	0	0	5e-06	0	0	0	0	3
210	528	0	1.2358021	0	0	0	0	0	5e-06	0	0	0	0	3
211	530	0	1.24168687	0	0	0	0	0	5e-06	0	0	0	0	3
212	533	0	1.24757165	0	0	0	0	0	5e-06	0	0	0	0	3
213	535	0	1.25345642	0	0	0	0	0	5e-06	0	0	0	0	3
214	537	0	1.25934119	0	0	0	0	0	5e-06	0	0	0	0	3
215	539	0	1.26522596	0	0	0	0	0	5e-06	0	0	0	0	3
216	541	0	1.27111073	0	0	0	0	0	5e-06	0	0	0	0	3
217	544	0	1.2769955	0	0	0	0	0	5e-06	0	0	0	0	3
218	546	0	1.28288028	0	0	0	0	0	5e-06	0	0	0	0	3
219	549	0	1.28876505	0	0	0	0	0	5e-06	0	0	0	0	3
220	551	0	1.29464982	0	0	0	0	0	5e-06	0	0	0	0	3
221	554	0	1.30053459	0	0	0	0	0	5e-06	0	0	0	0	3
222	556	0	1.30641936	0	0	0	0	0	5e-06	0	0	0	0	3
223	559	0	1.31230414	0	0	0	0	0	5e-06	0	0	0	0	3
224	561	0	1.31818891	0	0	0	0	0	5e-06	0	0	0	0	3
225	564	0	1.32407368	0	0	0	0	0	5e-06	0	0	0	0	3
226	566	0	1.32995845	0	0	0	0	0	5e-06	0	0	0	0	3
227	569	0	1.33584322	0	0	0	0	0	5e-06	0	0	0	0	3
228	571	0	1.341728	0	0	0	0	0	5e-06	0	0	0	0	3
229	574	0	1.34761277	0	0	0	0	0	5e-06	0	0	0	0	3
230	576	0	1.35349754	0	0	0	0	0	5e-06	0	0	0	0	3
231	579	0	1.35938231	0	0	0	0	0	5e-06	0	0	0	0	3
232	581	0	1.36526708	0	0	0	0	0	5e-06	0	0	0	0	3
233	584	0	1.37115186	0	0	0	0	0	5e-06	0	0	0	0	3
234	586	0	1.37703663	0	0	0	0	0	5e-06	0	0	0	0	3
235	588	0	1.3829214	0	0	0	0	0	5e-06	0	0	0	0	3
236	591	0	1.38880617	0	0	0	0	0	5e-06	0	0	0	0	3
237	593	0	1.39469094	0	0	0	0	0	5e-06	0	0	0	0	3
238	595	0	1.40057572	0	0	0	0	0	5e-06	0	0	0	0	3
239	598	0	1.40646049	0	0	0	0	0	5e-06	0	0	0	0	3
240	600	0	1.41234526	0	0	0	0	0	5e-06	0	0	0	0	3
241	602	0	1.41823003	0	0	0	0	0	5e-06	0	0	0	0	3
242	604	0	1.4241148	0	0	0	0	0	5e-06	0	0	0	0	3
243	607	0	1.42999957	0	0	0	0	0	5e-06	0	0	0	0	3
244	609	0	1.43588435	0	0	0	0	0	5e-06	0	0	0	0	3
245	611	0	1.44176912	0	0	0	0	0	5e-06	0	0	0	0	3
246	614	0	1.44765389	0	0	0	0	0	5e-06	0	0	0	0	3
247	616	0	1.45353866	0	0	0	0	0	5e-06	0	0	0	0	3
248	619	0	1.45942343	0	0	0	0	0	5e-06	0	0	0	0	3
249	621	0	1.46530821	0	0	0	0	0	5e-06	0	0	0	0	3
250	624	0	1.47119298	0	0	0	0	0	5e-06	0	0	0	0	3
251	626	0	1.47707775	0	0	0	0	0	5e-06	0	0	0	0	3
252	629	0	1.48296252	0	0	0	0	0	5e-06	0	0	0	0	3
253	631	0	1.48884729	0	0	0	0	0	5e-06	0	0	0	0	3
254	633	0	1.49473207	0	0	0	0	0	5e-06	0	0	0	0	3
255	636	0	1.50061684	0	0	0	0	0	5e-06	0	0	0	0	3
256	638	0	1.50650161	0	0	0	0	0	5e-06	0	0	0	0	3
257	641	0	1.51238638	0	0	0	0	0	5e-06	0	0	0	0	3
258	643	0	1.51827115	0	0	0	0	0	5e-06	0	0	0	0	3
259	645	0	1.52415593	0	0	0	0	0	5e-06	0	0	0	0	3
260	648	0	1.5300407	0	0	0	0	0	5e-06	0	0	0	0	3
261	650	0	1.53592547	0	0	0	0	0	5e-06	0	0	0	0	3
262	653	0	1.54181024	0	0	0	0	0	5e-06	0	0	0	0	3
263	655	0	1.54769501	0	0	0	0	0	5e-06	0	0	0	0	3
264	657	0	1.55357978	0	0	0	0	0	5e-06	0	0	0	0	3
265	660	0	1.55946456	0	0	0	0	0	5e-06	0	0	0	0	3
266	4264	0	1.56534933	0	0	0	0	0	5e-06	0	0	0	0	3
267	4266	0	1.5712341	0	0	0	0	0	5e-06	0	0	0	0	3
268	4268	0	1.57711887	0	0	0	0	0	5e-06	0	0	0	0	3
269	4271	0	1.58300364	0	0	0	0	0	5e-06	0	0	0	0	3
270	4274	0	1.58888842	0	0	0	0	0	5e-06	0	0	0	0	3
271	4277	0	1.59477319	0	0	0	0	0	5e-06	0	0	0	0	3
272	58057	0	1.60065796	0	0	0	0	0	5e-06	0	0	0	0	3
273	58061	0	1.60654273	0	0	0	0	0	5e-06	0	0	0	0	3
274	58065	0	1.6124275	0	0	0	0	0	5e-06	0	0	0	0	3
275	58069	0	1.61831228	0	0	0	0	0	5e-06	0	0	0	0	3
276	58072	0	1.62419705	0	0	0	0	0	5e-06	0	0	0	0	3
277	58076	0	1.63008182	0	0	0	0	0	5e-06	0	0	0	0	3
278	58080	0	1.63596659	0	0	0	0	0	5e-06	0	0	0	0	3
279	58083	0	1.64185136	0	0	0	0	0	5e-06	0	0	0	0	3
280	58086	0	1.64773614	0	0	0	0	0	5e-06	0	0	0	0	3
281	58089	0	1.65362091	0	0	0	0	0	5e-06	0	0	0	0	3
282	58092	0	1.65950568	0	0	0	0	0	5e-06	0	0	0	0	3
283	58095	0	1.66539045	0	0	0	0	0	5e-06	0	0	0	0	3
284	58098	0	1.67127522	0	0	0	0	0	5e-06	0	0	0	0	3
285	58101	0	1.67716	0	0	0	0	0	5e-06	0	0	0	0	3
286	58104	0	1.68304477	0	0	0	0	0	5e-06	0	0	0	0	3
287	58107	0	1.68892954	0	0	0	0	0	5e-06	0	0	0	0	3
288	58110	0	1.69481431	0	0	0	0	0	5e-06	0	0	0	0	3
289	58113	0	1.70069908	0	0	0	0	0	5e-06	0	0	0	0	3
290	58116	0	1.70658385	0	0	0	0	0	5e-06	0	0	0	0	3
291	58118	0	1.71246863	0	0	0	0	0	5e-06	0	0	0	0	3
292	58121	0	1.7183534	0	0	0	0	0	5e-06	0	0	0	0	3
293	58123	0	1.72423817	0	0	0	0	0	5e-06	0	0	0	0	3
294	58126	0	1.73012294	0	0	0	0	0	5e-06	0	0	0	0	3
295	58129	0	1.73600771	0	0	0	0	0	5e-06	0	0	0	0	3
296	58132	0	1.74189249	0	0	0	0	0	5e-06	0	0	0	0	3
297	58134	0	1.74777726	0	0	0	0	0	5e-06	0	0	0	0	3
298	58137	0	1.75366203	0	0	0	0	0	5e-06	0	0	0	0	3
299	58140	0	1.7595468	0	0	0	0	0	5e-06	0	0	0	0	3
300	58142	0	1.76543157	0	0	0	0	0	5e-06	0	0	0	0	3
301	58149	0	1.77131635	0	0	0	0	0	5e-06	0	0	0	0	3
302	58151	0	1.77720112	0	0	0	0	0	5e-06	0	0	0	0	3
303	58154	0	1.78308589	0	0	0	0	0	5e-06	0	0	0	0	3
304	58157	0	1.78897066	0	0	0	0	0	5e-06	0	0	0	0	3
305	58159	0	1.79485543	0	0	0	0	0	5e-06	0	0	0	0	3
306	58162	0	1.80074021	0	0	0	0	0	5e-06	0	0	0	0	3
307	58164	0	1.80662498	0	0	0	0	0	5e-06	0	0	0	0	3
308	58167	0	1.81250975	0	0	0	0	0	5e-06	0	0	0	0	3
309	58169	0	1.81839452	0	0	0	0	0	5e-06	0	0	0	0	3
310	58172	0	1.82427929	0	0	0	0	0	5e-06	0	0	0	0	3
311	58174	0	1.83016406	0	0	0	0	0	5e-06	0	0	0	0	3
312	58177	0	1.83604884	0	0	0	0	0	5e-06	0	0	0	0	3
313	58179	0	1.84193361	0	0	0	0	0	5e-06	0	0	0	0	3
314	58182	0	1.84781838	0	0	0	0	0	5e-06	0	0	0	0	3
315	58184	0	1.85370315	0	0	0	0	0	5e-06	0	0	0	0	3
316	58187	0	1.85958792	0	0	0	0	0	5e-06	0	0	0	0	3
317	58189	0	1.8654727	0	0	0	0	0	5e-06	0	0	0	0	3
318	58192	0	1.87135747	0	0	0	0	0	5e-06	0	0	0	0	3
319	58195	0	1.87724224	0	0	0	0	0	5e-06	0	0	0	0	3
320	58198	0	1.88312701	0	0	0	0	0	5e-06	0	0	0	0	3
321	58200	0	1.88901178	0	0	0	0	0	5e-06	0	0	0	0	3
322	58203	0	1.89489656	0	0	0	0	0	5e-06	0	0	0	0	3
323	58206	0	1.90078133	0	0	0	0	0	5e-06	0	0	0	0	3
324	58208	0	1.9066661	0	0	0	0	0	5e-06	0	0	0	0	3
325	58211	0	1.91255087	0	0	0	0	0	5e-06	0	0	0	0	3
326	58214	0	1.91843564	0	0	0	0	0	5e-06	0	0	0	0	3
327	58216	0	1.92432042	0	0	0	0	0	5e-06	0	0	0	0	3
328	58219	0	1.93020519	0	0	0	0	0	5e-06	0	0	0	0	3
329	58221	0	1.93608996	0	0	0	0	0	5e-06	0	0	0	0	3
330	58224	0	1.94197473	0	0	0	0	0	5e-06	0	0	0	0	3
331	58226	0	1.9478595	0	0	0	0	0	5e-06	0	0	0	0	3
332	58229	0	1.95374427	0	0	0	0	0	5e-06	0	0	0	0	3
333	58231	0	1.95962905	0	0	0	0	0	5e-06	0	0	0	0	3
334	58233	0	1.96551382	0	0	0	0	0	5e-06	0	0	0	0	3
335	58236	0	1.97139859	0	0	0	0	0	5e-06	0	0	0	0	3
336	58238	0	1.97728336	0	0	0	0	0	5e-06	0	0	0	0	3
337	58241	0	1.98316813	0	0	0	0	0	5e-06	0	0	0	0	3
338	58243	0	1.98905291	0	0	0	0	0	5e-06	0	0	0	0	3
339	58246	0	1.99493768	0	0	0	0	0	5e-06	0	0	0	0	3
340	58248	0	2.00082245	0	0	0	0	0	5e-06	0	0	0	0	3
341	58251	0	2.00670722	0	0	0	0	0	5e-06	0	0	0	0	3
342	58253	0	2.01259199	0	0	0	0	0	5e-06	0	0	0	0	3
343	58256	0	2.01847677	0	0	0	0	0	5e-06	0	0	0	0	3
344	58259	0	2.02436154	0	0	0	0	0	5e-06	0	0	0	0	3
345	58262	0	2.03024631	0	0	0	0	0	5e-06	0	0	0	0	3
346	58264	0	2.03613108	0	0	0	0	0	5e-06	0	0	0	0	3
347	58267	0	2.04201585	0	0	0	0	0	5e-06	0	0	0	0	3
348	58270	0	2.04790063	0	0	0	0	0	5e-06	0	0	0	0	3
349	58273	0	2.0537854	0	0	0	0	0	5e-06	0	0	0	0	3
350	58275	0	2.05967017	0	0	0	0	0	5e-06	0	0	0	0	3
351	58278	0	2.06555494	0	0	0	0	0	5e-06	0	0	0	0	3
352	58280	0	2.07143971	0	0	0	0	0	5e-06	0	0	0	0	3
353	58283	0	2.07732449	0	0	0	0	0	5e-06	0	0	0	0	3
354	58285	0	2.08320926	0	0	0	0	0	5e-06	0	0	0	0	3
355	58288	0	2.08909403	0	0	0	0	0	5e-06	0	0	0	0	3
356	58290	0	2.0949788	0	0	0	0	0	5e-06	0	0	0	0	3
357	58293	0	2.10086357	0	0	0	0	0	5e-06	0	0	0	0	3
358	58295	0	2.10674834	0	0	0	0	0	5e-06	0	0	0	0	3
359	58298	0	2.11263312	0	0	0	0	0	5e-06	0	0	0	0	3
360	58300	0	2.11851789	0	0	0	0	0	5e-06	0	0	0	0	3
361	58303	0	2.12440266	0	0	0	0	0	5e-06	0	0	0	0	3
362	58306	0	2.13028743	0	0	0	0	0	5e-06	0	0	0	0	3
363	58308	0	2.1361722	0	0	0	0	0	5e-06	0	0	0	0	3
364	58311	0	2.14205698	0	0	0	0	0	5e-06	0	0	0	0	3
365	58314	0	2.14794175	0	0	0	0	0	5e-06	0	0	0	0	3
366	58316	0	2.15382652	0	0	0	0	0	5e-06	0	0	0	0	3
367	58319	0	2.15971129	0	0	0	0	0	5e-06	0	0	0	0	3
368	58321	0	2.16559606	0	0	0	0	0	5e-06	0	0	0	0	3
369	58324	0	2.17148084	0	0	0	0	0	5e-06	0	0	0	0	3
370	58327	0	2.17736561	0	0	0	0	0	5e-06	0	0	0	0	3
371	58329	0	2.18325038	0	0	0	0	0	5e-06	0	0	0	0	3
372	58332	0	2.18913515	0	0	0	0	0	5e-06	0	0	0	0	3
373	58335	0	2.19501992	0	0	0	0	0	5e-06	0	0	0	0	3
374	58337	0	2.2009047	0	0	0	0	0	5e-06	0	0	0	0	3
375	58340	0	2.20678947	0	0	0	0	0	5e-06	0	0	0	0	3
376	58342	0	2.21267424	0	0	0	0	0	5e-06	0	0	0	0	3
377	58344	0	2.21855901	0	0	0	0	0	5e-06	0	0	0	0	3
378	58347	0	2.22444378	0	0	0	0	0	5e-06	0	0	0	0	3
379	58349	0	2.23032855	0	0	0	0	0	5e-06	0	0	0	0	3
380	58352	0	2.23621333	0	0	0	0	0	5e-06	0	0	0	0	3
381	58354	0	2.2420981	0	0	0	0	0	5e-06	0	0	0	0	3
382	58357	0	2.24798287	0	0	0	0	0	5e-06	0	0	0	0	3
383	58359	0	2.25386764	0	0	0	0	0	5e-06	0	0	0	0	3
384	58362	0	2.25975241	0	0	0	0	0	5e-06	0	0	0	0	3
385	58365	0	2.26563719	0	0	0	0	0	5e-06	0	0	0	0	3
386	58368	0	2.27152196	0	0	0	0	0	5e-06	0	0	0	0	3
387	58371	0	2.27740673	0	0	0	0	0	5e-06	0	0	0	0	3
388	58373	0	2.2832915	0	0	0	0	0	5e-06	0	0	0	0	3
389	58376	0	2.28917627	0	0	0	0	0	5e-06	0	0	0	0	3
390	58379	0	2.29506105	0	0	0	0	0	5e-06	0	0	0	0	3
391	58381	0	2.30094582	0	0	0	0	0	5e-06	0	0	0	0	3
392	58384	0	2.30683059	0	0	0	0	0	5e-06	0	0	0	0	3
393	58387	0	2.31271536	0	0	0	0	0	5e-06	0	0	0	0	3
394	58390	0	2.31860013	0	0	0	0	0	5e-06	0	0	0	0	3
395	58392	0	2.32448491	0	0	0	0	0	5e-06	0	0	0	0	3
396	58395	0	2.33036968	0	0	0	0	0	5e-06	0	0	0	0	3
397	58397	0	2.33625445	0	0	0	0	0	5e-06	0	0	0	0	3
398	58400	0	2.34213922	0	0	0	0	0	5e-06	0	0	0	0	3
399	58402	0	2.34802399	0	0	0	0	0	5e-06	0	0	0	0	3
400	58405	0	2.35390876	0	0	0	0	0	5e-06	0	0	0	0	3
401	58412	0	2.35979354	0	0	0	0	0	5e-06	0	0	0	0	3
402	58415	0	2.36567831	0	0	0	0	0	5e-06	0	0	0	0	3
403	58418	0	2.37156308	0	0	0	0	0	5e-06	0	0	0	0	3
404	58420	0	2.37744785	0	0	0	0	0	5e-06	0	0	0	0	3
405	58423	0	2.38333262	0	0	0	0	0	5e-06	0	0	0	0	3
406	58426	0	2.3892174	0	0	0	0	0	5e-06	0	0	0	0	3
407	58428	0	2.39510217	0	0	0	0	0	5e-06	0	0	0	0	3
408	58431	0	2.40098694	0	0	0	0	0	5e-06	0	0	0	0	3
409	58433	0	2.40687171	0	0	0	0	0	5e-06	0	0	0	0	3
410	58436	0	2.41275648	0	0	0	0	0	5e-06	0	0	0	0	3
411	58438	0	2.41864126	0	0	0	0	0	5e-06	0	0	0	0	3
412	58441	0	2.42452603	0	0	0	0	0	5e-06	0	0	0	0	3
413	58443	0	2.4304108	0	0	0	0	0	5e-06	0	0	0	0	3
414	58446	0	2.43629557	0	0	0	0	0	5e-06	0	0	0	0	3
415	58448	0	2.44218034	0	0	0	0	0	5e-06	0	0	0	0	3
416	58450	0	2.44806512	0	0	0	0	0	5e-06	0	0	0	0	3
417	58453	0	2.45394989	0	0	0	0	0	5e-06	0	0	0	0	3
418	58455	0	2.45983466	0	0	0	0	0	5e-06	0	0	0	0	3
419	58457	0	2.46571943	0	0	0	0	0	5e-06	0	0	0	0	3
420	58460	0	2.4716042	0	0	0	0	0	5e-06	0	0	0	0	3
421	58463	0	2.47748898	0	0	0	0	0	5e-06	0	0	0	0	3
422	58465	0	2.48337375	0	0	0	0	0	5e-06	0	0	0	0	3
423	58467	0	2.48925852	0	0	0	0	0	5e-06	0	0	0	0	3
424	58470	0	2.49514329	0	0	0	0	0	5e-06	0	0	0	0	3
425	58473	0	2.50102806	0	0	0	0	0	5e-06	0	0	0	0	3
426	58475	0	2.50691283	0	0	0	0	0	5e-06	0	0	0	0	3
427	58478	0	2.51279761	0	0	0	0	0	5e-06	0	0	0	0	3
428	58480	0	2.51868238	0	0	0	0	0	5e-06	0	0	0	0	3
429	58483	0	2.52456715	0	0	0	0	0	5e-06	0	0	0	0	3
430	58485	0	2.53045192	0	0	0	0	0	5e-06	0	0	0	0	3
431	58488	0	2.53633669	0	0	0	0	0	5e-06	0	0	0	0	3
432	58490	0	2.54222147	0	0	0	0	0	5e-06	0	0	0	0	3
433	58493	0	2.54810624	0	0	0	0	0	5e-06	0	0	0	0	3
434	58495	0	2.55399101	0	0	0	0	0	5e-06	0	0	0	0	3
435	58498	0	2.55987578	0	0	0	0	0	5e-06	0	0	0	0	3
436	58500	0	2.56576055	0	0	0	0	0	5e-06	0	0	0	0	3
437	58503	0	2.57164533	0	0	0	0	0	5e-06	0	0	0	0	3
438	58505	0	2.5775301	0	0	0	0	0	5e-06	0	0	0	0	3
439	58508	0	2.58341487	0	0	0	0	0	5e-06	0	0	0	0	3
440	58510	0	2.58929964	0	0	0	0	0	5e-06	0	0	0	0	3
441	58513	0	2.59518441	0	0	0	0	0	5e-06	0	0	0	0	3
442	58516	0	2.60106919	0	0	0	0	0	5e-06	0	0	0	0	3
443	58518	0	2.60695396	0	0	0	0	0	5e-06	0	0	0	0	3
444	58521	0	2.61283873	0	0	0	0	0	5e-06	0	0	0	0	3
445	58523	0	2.6187235	0	0	0	0	0	5e-06	0	0	0	0	3
446	58526	0	2.62460827	0	0	0	0	0	5e-06	0	0	0	0	3
447	58529	0	2.63049304	0	0	0	0	0	5e-06	0	0	0	0	3
448	58531	0	2.63637782	0	0	0	0	0	5e-06	0	0	0	0	3
449	58534	0	2.64226259	0	0	0	0	0	5e-06	0	0	0	0	3
450	58536	0	2.64814736	0	0	0	0	0	5e-06	0	0	0	0	3
451	58539	0	2.65403213	0	0	0	0	0	5e-06	0	0	0	0	3
452	58542	0	2.6599169	0	0	0	0	0	5e-06	0	0	0	0	3
453	58544	0	2.66580168	0	0	0	0	0	5e-06	0	0	0	0	3
454	58547	0	2.67168645	0	0	0	0	0	5e-06	0	0	0	0	3
455	58549	0	2.67757122	0	0	0	0	0	5e-06	0	0	0	0	3
456	58552	0	2.68345599	0	0	0	0	0	5e-06	0	0	0	0	3
457	58554	0	2.68934076	0	0	0	0	0	5e-06	0	0	0	0	3
458	58557	0	2.69522554	0	0	0	0	0	5e-06	0	0	0	0	3
459	58559	0	2.70111031	0	0	0	0	0	5e-06	0	0	0	0	3
460	58562	0	2.70699508	0	0	0	0	0	5e-06	0	0	0	0	3
461	58564	0	2.71287985	0	0	0	0	0	5e-06	0	0	0	0	3
462	58566	0	2.71876462	0	0	0	0	0	5e-06	0	0	0	0	3
463	58569	0	2.7246494	0	0	0	0	0	5e-06	0	0	0	0	3
464	58571	0	2.73053417	0	0	0	0	0	5e-06	0	0	0	0	3
465	58574	0	2.73641894	0	0	0	0	0	5e-06	0	0	0	0	3
466	58576	0	2.74230371	0	0	0	0	0	5e-06	0	0	0	0	3
467	58579	0	2.74818848	0	0	0	0	0	5e-06	0	0	0	0	3
468	58581	0	2.75407326	0	0	0	0	0	5e-06	0	0	0	0	3
469	58584	0	2.75995803	0	0	0	0	0	5e-06	0	0	0	0	3
470	58587	0	2.7658428	0	0	0	0	0	5e-06	0	0	0	0	3
471	58589	0	2.77172757	0	0	0	0	0	5e-06	0	0	0	0	3
472	58592	0	2.77761234	0	0	0	0	0	5e-06	0	0	0	0	3
473	58594	0	2.78349711	0	0	0	0	0	5e-06	0	0	0	0	3
474	58596	0	2.78938189	0	0	0	0	0	5e-06	0	0	0	0	3
475	58599	0	2.79526666	0	0	0	0	0	5e-06	0	0	0	0	3
476	58601	0	2.80115143	0	0	0	0	0	5e-06	0	0	0	0	3
477	58603	0	2.8070362	0	0	0	0	0	5e-06	0	0	0	0	3
478	58606	0	2.81292097	0	0	0	0	0	5e-06	0	0	0	0	3
479	58608	0	2.81880575	0	0	0	0	0	5e-06	0	0	0	0	3
480	58611	0	2.82469052	0	0	0	0	0	5e-06	0	0	0	0	3
481	58613	0	2.83057529	0	0	0	0	0	5e-06	0	0	0	0	3
482	58616	0	2.83646006	0	0	0	0	0	5e-06	0	0	0	0	3
483	58618	0	2.84234483	0	0	0	0	0	5e-06	0	0	0	0	3
484	58620	0	2.84822961	0	0	0	0	0	5e-06	0	0	0	0	3
485	58623	0	2.85411438	0	0	0	0	0	5e-06	0	0	0	0	3
486	58625	0	2.85999915	0	0	0	0	0	5e-06	0	0	0	0	3
487	58628	0	2.86588392	0	0	0	0	0	5e-06	0	0	0	0	3
488	58631	0	2.87176869	0	0	0	0	0	5e-06	0	0	0	0	3
489	58633	0	2.87765347	0	0	0	0	0	5e-06	0	0	0	0	3
490	58636	0	2.88353824	0	0	0	0	0	5e-06	0	0	0	0	3
491	58638	0	2.88942301	0	0	0	0	0	5e-06	0	0	0	0	3
492	58641	0	2.89530778	0	0	0	0	0	5e-06	0	0	0	0	3
493	58643	0	2.90119255	0	0	0	0	0	5e-06	0	0	0	0	3
494	58646	0	2.90707732	0	0	0	0	0	5e-06	0	0	0	0	3
495	58649	0	2.9129621	0	0	0	0	0	5e-06	0	0	0	0	3
496	58651	0	2.91884687	0	0	0	0	0	5e-06	0	0	0	0	3
497	58654	0	2.92473164	0	0	0	0	0	5e-06	0	0	0	0	3
498	58656	0	2.93061641	0	0	0	0	0	5e-06	0	0	0	0	3
499	58659	0	2.93650118	0	0	0	0	0	5e-06	0	0	0	0	3
500	58661	0	2.94238596	0	0	0	0	0	5e-06	0	0	0	0	3
501	58668	0	2.94827073	0	0	0	0	0	5e-06	0	0	0	0	3
502	58671	0	2.9541555	0	0	0	0	0	5e-06	0	0	0	0	3
503	58673	0	2.96004027	0	0	0	0	0	5e-06	0	0	0	0	3
504	58676	0	2.96592504	0	0	0	0	0	5e-06	0	0	0	0	3
505	58678	0	2.97180982	0	0	0	0	0	5e-06	0	0	0	0	3
506	58680	0	2.97769459	0	0	0	0	0	5e-06	0	0	0	0	3
507	58683	0	2.98357936	0	0	0	0	0	5e-06	0	0	0	0	3
508	58685	0	2.98946413	0	0	0	0	0	5e-06	0	0	0	0	3
509	58688	0	2.9953489	0	0	0	0	0	5e-06	0	0	0	0	3
510	58690	0	3.00123368	0	0	0	0	0	5e-06	0	0	0	0	3
511	58693	0	3.00711845	0	0	0	0	0	5e-06	0	0	0	0	3
512	58695	0	3.01300322	0	0	0	0	0	5e-06	0	0	0	0	3
513	58698	0	3.01888799	0	0	0	0	0	5e-06	0	0	0	0	3
514	58700	0	3.02477276	0	0	0	0	0	5e-06	0	0	0	0	3
515	58703	0	3.03065753	0	0	0	0	0	5e-06	0	0	0	0	3
516	58705	0	3.03654231	0	0	0	0	0	5e-06	0	0	0	0	3
517	58708	0	3.04242708	0	0	0	0	0	5e-06	0	0	0	0	3
518	58711	0	3.04831185	0	0	0	0	0	5e-06	0	0	0	0	3
519	58713	0	3.05419662	0	0	0	0	0	5e-06	0	0	0	0	3
520	58716	0	3.06008139	0	0	0	0	0	5e-06	0	0	0	0	3
521	58718	0	3.06596617	0	0	0	0	0	5e-06	0	0	0	0	3
522	58721	0	3.07185094	0	0	0	0	0	5e-06	0	0	0	0	3
523	58723	0	3.07773571	0	0	0	0	0	5e-06	0	0	0	0	3
524	58726	0	3.08362048	0	0	0	0	0	5e-06	0	0	0	0	3
525	58729	0	3.08950525	0	0	0	0	0	5e-06	0	0	0	0	3
526	58731	0	3.09539003	0	0	0	0	0	5e-06	0	0	0	0	3
527	58734	0	3.1012748	0	0	0	0	0	5e-06	0	0	0	0	3
528	58736	0	3.10715957	0	0	0	0	0	5e-06	0	0	0	0	3
529	58739	0	3.11304434	0	0	0	0	0	5e-06	0	0	0	0	3
530	58742	0	3.11892911	0	0	0	0	0	5e-06	0	0	0	0	3
531	58744	0	3.12481389	0	0	0	0	0	5e-06	0	0	0	0	3
532	58747	0	3.13069866	0	0	0	0	0	5e-06	0	0	0	0	3
533	58750	0	3.13658343	0	0	0	0	0	5e-06	0	0	0	0	3
534	58752	0	3.1424682	0	0	0	0	0	5e-06	0	0	0	0	3
535	58755	0	3.14835297	0	0	0	0	0	5e-06	0	0	0	0	3
536	58757	0	3.15423775	0	0	0	0	0	5e-06	0	0	0	0	3
537	58760	0	3.16012252	0	0	0	0	0	5e-06	0	0	0	0	3
538	58762	0	3.16600729	0	0	0	0	0	5e-06	0	0	0	0	3
539	58765	0	3.17189206	0	0	0	0	0	5e-06	0	0	0	0	3
540	58768	0	3.17777683	0	0	0	0	0	5e-06	0	0	0	0	3
541	58770	0	3.1836616	0	0	0	0	0	5e-06	0	0	0	0	3
542	58772	0	3.18954638	0	0	0	0	0	5e-06	0	0	0	0	3
543	58775	0	3.19543115	0	0	0	0	0	5e-06	0	0	0	0	3
544	58777	0	3.20131592	0	0	0	0	0	5e-06	0	0	0	0	3
545	58780	0	3.20720069	0	0	0	0	0	5e-06	0	0	0	0	3
546	58782	0	3.21308546	0	0	0	0	0	5e-06	0	0	0	0	3
547	58785	0	3.21897024	0	0	0	0	0	5e-06	0	0	0	0	3
548	58788	0	3.22485501	0	0	0	0	0	5e-06	0	0	0	0	3
549	58790	0	3.23073978	0	0	0	0	0	5e-06	0	0	0	0	3
550	58792	0	3.23662455	0	0	0	0	0	5e-06	0	0	0	0	3
551	58795	0	3.24250932	0	0	0	0	0	5e-06	0	0	0	0	3
552	58797	0	3.2483941	0	0	0	0	0	5e-06	0	0	0	0	3
553	58800	0	3.25427887	0	0	0	0	0	5e-06	0	0	0	0	3
554	58802	0	3.26016364	0	0	0	0	0	5e-06	0	0	0	0	3
555	58805	0	3.26604841	0	0	0	0	0	5e-06	0	0	0	0	3
556	58807	0	3.27193318	0	0	0	0	0	5e-06	0	0	0	0	3
557	58810	0	3.27781796	0	0	0	0	0	5e-06	0	0	0	0	3
558	58812	0	3.28370273	0	0	0	0	0	5e-06	0	0	0	0	3
559	58815	0	3.2895875	0	0	0	0	0	5e-06	0	0	0	0	3
560	58817	0	3.29547227	0	0	0	0	0	5e-06	0	0	0	0	3
561	58820	0	3.30135704	0	0	0	0	0	5e-06	0	0	0	0	3
562	58822	0	3.30724181	0	0	0	0	0	5e-06	0	0	0	0	3
563	58825	0	3.31312659	0	0	0	0	0	5e-06	0	0	0	0	3
564	58828	0	3.31901136	0	0	0	0	0	5e-06	0	0	0	0	3
565	58830	0	3.32489613	0	0	0	0	0	5e-06	0	0	0	0	3
566	58833	0	3.3307809	0	0	0	0	0	5e-06	0	0	0	0	3
567	58835	0	3.33666567	0	0	0	0	0	5e-06	0	0	0	0	3
568	58838	0	3.34255045	0	0	0	0	0	5e-06	0	0	0	0	3
569	58840	0	3.34843522	0	0	0	0	0	5e-06	0	0	0	0	3
570	58843	0	3.35431999	0	0	0	0	0	5e-06	0	0	0	0	3
571	58846	0	3.36020476	0	0	0	0	0	5e-06	0	0	0	0	3
572	58848	0	3.36608953	0	0	0	0	0	5e-06	0	0	0	0	3
573	58851	0	3.37197431	0	0	0	0	0	5e-06	0	0	0	0	3
574	58853	0	3.37785908	0	0	0	0	0	5e-06	0	0	0	0	3
575	58856	0	3.38374385	0	0	0	0	0	5e-06	0	0	0	0	3
576	58858	0	3.38962862	0	0	0	0	0	5e-06	0	0	0	0	3
577	58861	0	3.39551339	0	0	0	0	0	5e-06	0	0	0	0	3
578	58864	0	3.40139817	0	0	0	0	0	5e-06	0	0	0	0	3
579	58866	0	3.40728294	0	0	0	0	0	5e-06	0	0	0	0	3
580	58869	0	3.41316771	0	0	0	0	0	5e-06	0	0	0	0	3
581	58871	0	3.41905248	0	0	0	0	0	5e-06	0	0	0	0	3
582	58874	0	3.42493725	0	0	0	0	0	5e-06	0	0	0	0	3
583	58877	0	3.43082202	0	0	0	0	0	5e-06	0	0	0	0	3
584	58879	0	3.4367068	0	0	0	0	0	5e-06	0	0	0	0	3
585	58881	0	3.44259157	0	0	0	0	0	5e-06	0	0	0	0	3
586	58884	0	3.44847634	0	0	0	0	0	5e-06	0	0	0	0	3
587	58886	0	3.45436111	0	0	0	0	0	5e-06	0	0	0	0	3
588	58889	0	3.46024588	0	0	0	0	0	5e-06	0	0	0	0	3
589	58891	0	3.46613066	0	0	0	0	0	5e-06	0	0	0	0	3
590	58893	0	3.47201543	0	0	0	0	0	5e-06	0	0	0	0	3
591	58896	0	3.4779002	0	0	0	0	0	5e-06	0	0	0	0	3
592	58898	0	3.48378497	0	0	0	0	0	5e-06	0	0	0	0	3
593	58901	0	3.48966974	0	0	0	0	0	5e-06	0	0	0	0	3
594	58904	0	3.49555452	0	0	0	0	0	5e-06	0	0	0	0	3
595	58906	0	3.50143929	0	0	0	0	0	5e-06	0	0	0	0	3
596	58909	0	3.50732406	0	0	0	0	0	5e-06	0	0	0	0	3
597	58911	0	3.51320883	0	0	0	0	0	5e-06	0	0	0	0	3
598	58914	0	3.5190936	0	0	0	0	0	5e-06	0	0	0	0	3
599	58916	0	3.52497838	0	0	0	0	0	5e-06	0	0	0	0	3
600	58919	0	3.53086315	0	0	0	0	0	5e-06	0	0	0	0	3
601	58926	0	3.53674792	0	0	0	0	0	5e-06	0	0	0	0	3
602	58928	0	3.54263269	0	0	0	0	0	5e-06	0	0	0	0	3
603	58931	0	3.54851746	0	0	0	0	0	5e-06	0	0	0	0	3
604	58933	0	3.55440224	0	0	0	0	0	5e-06	0	0	0	0	3
605	58936	0	3.56028701	0	0	0	0	0	5e-06	0	0	0	0	3
606	58938	0	3.56617178	0	0	0	0	0	5e-06	0	0	0	0	3
607	58941	0	3.57205655	0	0	0	0	0	5e-06	0	0	0	0	3
608	58943	0	3.57794132	0	0	0	0	0	5e-06	0	0	0	0	3
609	58946	0	3.58382609	0	0	0	0	0	5e-06	0	0	0	0	3
610	58949	0	3.58971087	0	0	0	0	0	5e-06	0	0	0	0	3
611	58951	0	3.59559564	0	0	0	0	0	5e-06	0	0	0	0	3
612	58954	0	3.60148041	0	0	0	0	0	5e-06	0	0	0	0	3
613	58956	0	3.60736518	0	0	0	0	0	5e-06	0	0	0	0	3
614	58959	0	3.61324995	0	0	0	0	0	5e-06	0	0	0	0	3
615	58961	0	3.61913473	0	0	0	0	0	5e-06	0	0	0	0	3
616	58964	0	3.6250195	0	0	0	0	0	5e-06	0	0	0	0	3
617	58966	0	3.63090427	0	0	0	0	0	5e-06	0	0	0	0	3
618	58969	0	3.63678904	0	0	0	0	0	5e-06	0	0	0	0	3
619	58971	0	3.64267381	0	0	0	0	0	5e-06	0	0	0	0	3
620	58974	0	3.64855859	0	0	0	0	0	5e-06	0	0	0	0	3
621	58976	0	3.65444336	0	0	0	0	0	5e-06	0	0	0	0	3
622	58979	0	3.66032813	0	0	0	0	0	5e-06	0	0	0	0	3
623	58981	0	3.6662129	0	0	0	0	0	5e-06	0	0	0	0	3
624	58984	0	3.67209767	0	0	0	0	0	5e-06	0	0	0	0	3
625	58986	0	3.67798245	0	0	0	0	0	5e-06	0	0	0	0	3
626	58988	0	3.68386722	0	0	0	0	0	5e-06	0	0	0	0	3
627	58991	0	3.68975199	0	0	0	0	0	5e-06	0	0	0	0	3
628	58993	0	3.69563676	0	0	0	0	0	5e-06	0	0	0	0	3
629	58995	0	3.70152153	0	0	0	0	0	5e-06	0	0	0	0	3
630	58998	0	3.7074063	0	0	0	0	0	5e-06	0	0	0	0	3
631	59000	0	3.71329108	0	0	0	0	0	5e-06	0	0	0	0	3
632	59003	0	3.71917585	0	0	0	0	0	5e-06	0	0	0	0	3
633	59005	0	3.72506062	0	0	0	0	0	5e-06	0	0	0	0	3
634	59008	0	3.73094539	0	0	0	0	0	5e-06	0	0	0	0	3
635	59011	0	3.73683016	0	0	0	0	0	5e-06	0	0	0	0	3
636	59013	0	3.74271494	0	0	0	0	0	5e-06	0	0	0	0	3
637	59016	0	3.74859971	0	0	0	0	0	5e-06	0	0	0	0	3
638	59018	0	3.75448448	0	0	0	0	0	5e-06	0	0	0	0	3
639	59021	0	3.76036925	0	0	0	0	0	5e-06	0	0	0	0	3
640	59023	0	3.76625402	0	0	0	0	0	5e-06	0	0	0	0	3
641	59026	0	3.7721388	0	0	0	0	0	5e-06	0	0	0	0	3
642	59028	0	3.77802357	0	0	0	0	0	5e-06	0	0	0	0	3
643	59031	0	3.78390834	0	0	0	0	0	5e-06	0	0	0	0	3
644	59034	0	3.78979311	0	0	0	0	0	5e-06	0	0	0	0	3
645	59036	0	3.79567788	0	0	0	0	0	5e-06	0	0	0	0	3
646	59039	0	3.80156266	0	0	0	0	0	5e-06	0	0	0	0	3
647	59041	0	3.80744743	0	0	0	0	0	5e-06	0	0	0	0	3
648	59044	0	3.8133322	0	0	0	0	0	5e-06	0	0	0	0	3
649	59046	0	3.81921697	0	0	0	0	0	5e-06	0	0	0	0	3
650	59049	0	3.82510174	0	0	0	0	0	5e-06	0	0	0	0	3
651	59052	0	3.83098651	0	0	0	0	0	5e-06	0	0	0	0	3
652	59054	0	3.83687129	0	0	0	0	0	5e-06	0	0	0	0	3
653	59057	0	3.84275606	0	0	0	0	0	5e-06	0	0	0	0	3
654	59059	0	3.84864083	0	0	0	0	0	5e-06	0	0	0	0	3
655	59062	0	3.8545256	0	0	0	0	0	5e-06	0	0	0	0	3
656	59064	0	3.86041037	0	0	0	0	0	5e-06	0	0	0	0	3
657	59067	0	3.86629515	0	0	0	0	0	5e-06	0	0	0	0	3
658	59069	0	3.87217992	0	0	0	0	0	5e-06	0	0	0	0	3
659	59072	0	3.87806469	0	0	0	0	0	5e-06	0	0	0	0	3
660	59075	0	3.88394946	0	0	0	0	0	5e-06	0	0	0	0	3
661	59077	0	3.88983423	0	0	0	0	0	5e-06	0	0	0	0	3
662	59080	0	3.89571901	0	0	0	0	0	5e-06	0	0	0	0	3
663	59082	0	3.90160378	0	0	0	0	0	5e-06	0	0	0	0	3
664	59085	0	3.90748855	0	0	0	0	0	5e-06	0	0	0	0	3
665	59088	0	3.91337332	0	0	0	0	0	5e-06	0	0	0	0	3
666	59090	0	3.91925809	0	0	0	0	0	5e-06	0	0	0	0	3
667	59093	0	3.92514287	0	0	0	0	0	5e-06	0	0	0	0	3
668	59095	0	3.93102764	0	0	0	0	0	5e-06	0	0	0	0	3
669	59098	0	3.93691241	0	0	0	0	0	5e-06	0	0	0	0	3
670	59100	0	3.94279718	0	0	0	0	0	5e-06	0	0	0	0	3
671	59103	0	3.94868195	0	0	0	0	0	5e-06	0	0	0	0	3
672	59105	0	3.95456673	0	0	0	0	0	5e-06	0	0	0	0	3
673	59108	0	3.9604515	0	0	0	0	0	5e-06	0	0	0	0	3
674	59111	0	3.96633627	0	0	0	0	0	5e-06	0	0	0	0	3
675	59113	0	3.97222104	0	0	0	0	0	5e-06	0	0	0	0	3
676	59116	0	3.97810581	0	0	0	0	0	5e-06	0	0	0	0	3
677	59118	0	3.98399058	0	0	0	0	0	5e-06	0	0	0	0	3
678	59121	0	3.98987536	0	0	0	0	0	5e-06	0	0	0	0	3
679	59124	0	3.99576013	0	0	0	0	0	5e-06	0	0	0	0	3
680	59127	0	4.0016449	0	0	0	0	0	5e-06	0	0	0	0	3
