DRIVER
  os.environ['SMA_TSO_COSMOS_ELEMAT'] = '1'
  driver.registerSaveRule( UpdateRules.COPY, CheckPoints.ITER_COMPLETE, EventTimes.LAST, [ '*.ste*' ], 'SAVE.ste', '' )
  driver.registerSaveRule( UpdateRules.COPY, CheckPoints.ITER_COMPLETE, EventTimes.LAST, [ '*.lcd*' ], 'SAVE.ste', '' )
  driver.registerSaveRule( UpdateRules.COPY, CheckPoints.ITER_COMPLETE, EventTimes.LAST, [ '*.lcm*' ], 'SAVE.ste', '' )
END_

FEM_INPUT
  ID_NAME = BackPlate-Topology_Study_1_1
  FILE = BackPlate-Topology Study 1.NOD
END_

*SET_DB,rint,130,1

GROUP_DEF
  ID_NAME = DisplacementConstraint_NodesGrp_1
  TYPE=NODE
  FORMAT=LIST
  LIST_BEGIN
  391
END_

GROUP_DEF
  ID_NAME = FROZEN_AREA_ELEMS_GRP_1
  TYPE=ELEM
  FORMAT=LIST
  LIST_BEGIN
5,6,7,8,9,10,11,12,13,14,15,16,17,18,19,20,21,22,23,24,25,26,27,28,29,30,31,32,33,34,35,36,
37,38,40,41,42,43,44,45,46,47,48,50,51,52,53,54,55,56,57,58,59,60,61,62,63,64,65,66,68,69,
70,71,72,73,74,75,76,77,78,79,80,83,84,86,92,93,94,95,96,97,99,105,106,107,144,146,147,148,
149,164,171,172,174,180,181,188,210,211,212,214,229,230,231,232,234,235,236,237,238,239,240,
298,299,300,301,302,303,329,351,352,353,354,355,356,357,377,378,388,389,390,391,392,393,422,
423,424,425,426,468,476,477,478,479,480,486,487,488,489,490,491,511,512,513,514,515,516,623,
636,637,638,639,640,641,647,649,652,653,654,655,681,682,694,695,696,697,698,699,700,701,713,
714,715,716,729,730,778,779,780,781,782,783,784,790,792,793,794,795,811,812,814,815,816,822,
823,824,825,826,827,828,839,840,841,842,843,851,865,866,867,868,875,876,877,878,879,880,893,
894,895,896,897,898,905,906,907,908,909,949,950,951,952,953,970,995,996,997,998,999,1000,1001,
1002,1007,1008,1009,1010,1011,1012,1013,1014,1015,1016,1017,1018,1019,1020,1021,1022,1023,
1024,1025,1026,1027,1028,1029,1030,1031,1032,1033,1034,1035,1041,1042,1046,1047,1064,1065,
1066,1067,1081,1082,1085,1086,1087,1088,1089,1090,1091,1092,1093,1094,1120,1121,1122,1123,
1124,1125,1150,1151,1152,1153,1154,1166,1168,1169,1170,1171,1189,1192,1205,1226,1229,1230,
1236,1237,1239,1278,1279,1280,1281,1282,1283,1313,1314,1315,1317,1318,1319,1321,1322,1324,
1325,1326,1328,1329,1331,1332,1333,1334,1351,1352,1353,1366,1367,1368,1369,1370,1371,1372,
1404,1405,1406,1420,1421,1422,1423,1424,1425,1426,1427,1428,1429,1430,1431,1432,1433,1434,
1435,1436,1437,1438,1465,1466,1467,1468,1469,1470,1503,1504,1505,1506,1507,1508,1509,1510,
1516,1517,1518,1519,1520,1521,1545,1546,1547,1550,1562,1563,1564,1565,1566,1567,1568,1569,
1570,1571,1572,1595,1600,1653,1654,1655,1657,1663,1664,1665,1666,1667,1690,1691,1693,1694,
1695,1696,1744,1745,1746,1747,1748,1749,1750,1779,1780,1781,1782,1783,1804,1805,1806,1807,
1808,1822,1829,1830,1831,1832,1833,1834,1841,1842,1843,1844,1849,1850,1851,1852,1853,1880,
1884,1887,1894,1895,1896,1897,1898,1899,1915,1916,1917,1918,1919,1920,1921,1922,1923,1924,
1929,1930,1931,1932,1933,1934,1935,1936,1966,1969,1982,1983,1984,1986,1987,1988,1989,1996,
1997,1999,2000,2026,2027,2028,2036,2037,2038,2039,2040,2042,2049,2050,2051,2052,2053,2054,
2060,2061,2063,2064,2065,2067,2069,2073,2074,2113,2114,2115,2117,2118,2148,2149,2150,2151,
2158,2159,2160,2161,2162,2187,2188,2189,2190,2191,2192,2200,2201,2202,2203,2206,2252,2253,
2254,2256,2257,2300,2369,2370,2379,2380,2381,2382,2383,2384,2401,2402,2403,2404,2405,2406,
2459,2461,2494,2504,2507,2555,2556,2557,2558,2559,2560,2581,2585,2617,2618,2619,2620,2621,
2667,2668,2669,2670,2671,2672,2673,2711,2712,2713,2714,2715,2716,2717,2724,2725,2726,2727,
2728,2729,2749,2754,2755,2756,2757,2758,2759,2799,2805,2806,2807,2808,2809,2810,2824,2825,
2826,2827,2828,2851,2853,2854,2855,2856,2857,2863,2864,2865,2866,2867,2868,2875,2876,2877,
2878,2879,2880,2881,2925,2928,2935,2936,2937,2938,2939,2946,2947,2948,2949,2950,2951,2962,
2963,2964,2965,2966,2967,2980,2981,2982,2983,2984,2991,3007,3008,3009,3010,3011,3012,3055,
3060,3062,3063,3064,3065,3066,3067,3068,3082,3083,3084,3085,3088,3094,3095,3096,3097,3098,
3099,3105,3106,3107,3108,3142,3143,3144,3145,3146,3147,3148,3149,3172,3173,3174,3175,3176,
3177,3188,3189,3190,3191,3192,3193,3194,3196,3197,3198,3199,3217,3218,3219,3220,3221,3222,
3223,3241,3242,3244,3245,3246,3247,3248,3249,3250,3251,3252,3253,3254,3266,3267,3268,3269,
3270,3271,3272,3273,3275,3276,3277,3278,3291,3292,3293,3294,3305,3306,3307,3308,3318,3319,
3320,3321,3322,3335,3340,3345,3346,3347,3348,3349,3350,3351,3352,3353,3354,3355,3356,3357,
3398,3399,3400,3401,3402,3417,3418,3419,3420,3421,3422,3449,3450,3451,3452,3453,3454,3490,
3491,3493,3494,3495,3496,3497,3498,3499,3500,3501,3502,3512,3513,3514,3515,3545,3546,3547,
3548,3549,3550,3556,3557,3558,3559,3560,3561,3562,3563,3596,3597,3599,3600,3601,3602,3620,
3638,3639,3640,3641,3642,3643,3668,3669,3670,3671,3673,3674,3675,3676,3677,3678,3679,3688,
3689,3690,3691,3718,3719,3720,3721,3722,3723,3724,3733,3734,3735,3737,3738,3740,3741,3756,
3757,3758,3759,3760,3796,3798,3799,3800,3801,3802,3803,3824,3825,3826,3827,3834,3835,3836,
3837,3838,3839,3858,3859,3860,3861,3862,3863,3874,3875,3876,3877,3890,3925,3927,3935,3936,
3937,3957,3958,3959,3960,3961,3962,3963,3964,3968,3981,3982,3984,4153,4154,4155,4156,4157,
4158,4200,4201,4202,4204,4205,4207,4208,4209,4210,4211,4289,4290,4291,4292,4293,4294,4295,
4296,4297,4298,4299,4300,4301,4306,4307,4308,4309,4310,4323,4324,4325,4326,4327,4328,4329,
4350,4351,4352,4353,4354,4357,4360,4361,4363,4404,4405,4406,4407,4408,4451,4463,4464,4465,
4512,4522,4523,4524,4525,4532,4533,4534,4535,4536,4560,4561,4563,4564,4565,4566,4567,4569,
4570,4571,4572,4600,4602,4605,4607,4624,4625,4626,4627,4628,4629,4630,4631,4632,4633,4634,
4635,4636,4637,4784,4785,4786,4787,4788,4789,4790,4791,4807,4808,4809,4810,4811,4812,4813,
4814,4844,4845,4846,4847,4988,5001,5002,5003,5004,5005,5024,5025,5026,5027,5028,5047,5048,
5049,5050,5051,5052,5076,5077,5078,5079,5080,5081,5082,5083,5084,5085,5086,5087,5104,5105,
5106,5107,5108,5109,5126,5128,5129,5130,5131,5132,5133,5134,5154,5155,5156,5157,5158,5159,
5160,5161,5162,5163,5164,5175,5176,5177,5178,5182,5194,5195,5196,5197,5198,5199,5200,5201,
5202,5203,5204,5205,5222,5223,5224,5225,5226,5238,5239,5240,5242,5250,5251,5252,5254,5255,
5256,5257,5258,5259,5270,5271,5272,5273,5274,5275,5276,5278,5279,5280,5281,5287,5288,5289,
5290,5291,5292,5302,5303,5304,5305,5306,5321,5332,5333,5334,5335,5336,5337,5344,5345,5346,
5347,5348,5378,5379,5380,5381,5382,5383,5384,5385,5403,5404,5406,5433,5434,5435,5436,5437,
5439,5440,5441,5467,5468,5469,5470,5500,5501,5502,5503,5504,5525,5526,5527,5528,5529,5530,
5531,5548,5549,5550,5551,5553,5578,5580,5581,5582,5620,5621,5623,5624,5644,5645,5646,5647,
5648,5649,5650,5651,5652,5653,5654,5665,5666,5667,5671,5672,5673,5674,5675,5676,5713,5714,
5715,5716,5717,5718,5719,5728,5730,5737,5738,5739,5740,5741,5742,5762,5763,5764,5765,5766,
5767,5768,5776,5777,5778,5779,5780,5781,5782,5809,5825,5826,5827,5828,5829,5830,5843,5887,
5888,5889,5890,5891,5892,5893,5894,5895,5896,5897,5898,5905,5906,5907,5908,5909,5910,5911,
5942,5943,5945,5946,5948,5949,5950,5951,5961,5962,5963,5964,5965,5966,6023,6024,6025,6026,
6027,6028,6036,6037,6038,6039,6040,6041,6056,6057,6058,6059,6060,6061,6062,6063,6064,6065,
6066,6095,6097,6098,6099,6100,6101,6102,6103,6104,6105,6106,6107,6108,6109,6110,6111,6112,
6113,6114,6115,6116,6117,6118,6119,6120,6135,6136,6137,6138,6139,6140,6182,6183,6184,6185,
6186,6187,6215,6298,6299,6300,6301,6302,6351,6352,6353,6377,6378,6379,6380,6381,6382,6388,
6390,6391,6392,6394,6395,6396,6397,6398,6399,6400,6404,6406,6407,6408,6409,6432,6433,6434,
6435,6436,6455,6456,6457,6458,6459,6460,6461,6462,6483,6508,6509,6510,6511,6512,6518,6519,
6521,6522,6568,6569,6570,6571,6572,6592,6593,6594,6595,6596,6597,6600,6610,6611,6612,6613,
6614,6615,6654,6655,6656,6657,6658,6690,6691,6692,6693,6694,6695,6701,6702,6703,6704,6705,
6712,6715,6716,6717,6718,6719,6720,6752,6772,6773,6774,6775,6776,6777,6784,6785,6786,6787,
6788,6789,6818,6819,6820,6821,6822,6823,6824,6825,6826,6827,6834,6835,6836,6837,6838,6839,
6840,6841,6842,6851,6853,6897,6898,6899,6900,6901,6936,6937,6938,6939,6940,6949,6951,6952,
6953,6955,6968,6969,6970,6971,6977,6978,6979,6980,6981,6982,7001,7002,7003,7005,7011,7012,
7013,7014,7015,7026,7027,7028,7029,7064,7065,7066,7067,7068,7069,7081,7082,7083,7084,7100,
7101,7102,7103,7104,7105,7134,7135,7136,7137,7138,7139,7140,7179,7180,7181,7182,7227,7228,
7229,7230,7239,7240,7241,7242,7243,7244,7245,7246,7247,7248,7272,7278,7283,7284,7285,7286,
7287,7304,7306,7307,7308,7309,7336,7338,7354,7355,7358,7359,7362,7363,7392,7393,7407,7408,
7409,7410,7411,7412,7413,7429,7430,7431,7432,7433,7434,7456,7457,7458,7459,7460,7461,7528,
7529,7531,7532,7533,7534,7535,7615,7616,7618,7619,7620,7632,7633,7634,7638,7639,7640,7641,
7642,7643,7644,7662,7663,7664,7666,7679,7680,7682,7683,7684,7685,7713,7714,7715,7716,7717,
7733,7734,7735,7736,7737,7738,7785,7818,7823,7824,7825,7826,7827,7903,7907,7908,7909,7910,
7911,7912,7913,7914,7966,7969,7970,7971,7972,7973,7975,7980,7990,7991,7992,7993,7994,8001,
8002,8003,8004,8005,8006,8007,8028,8029,8030,8031,8039,8040,8042,8045,8047,8048,8060,8061,
8062,8063,8064,8065,8066,8078,8079,8080,8081,8082,8083,8084,8085,8086,8087,8143,8170,8172,
8173,8174,8180,8181,8182,8183,8184,8185,8186,8187,8188,8189,8190,8191,8192,8223,8224,8225,
8226,8227,8228,8229,8230,8233,8235,8257,8266,8306,8307,8308,8311,8321,8322,8323,8324,8325,
8338,8346,8347,8348,8349,8350,8351,8352,8353,8354,8371,8372,8373,8374,8375,8376,8393,8394,
8395,8396,8397,8398,8399,8428,8429,8430,8431,8443,8444,8445,8446,8447,8448,8530,8531,8532,
8533,8554,8555,8556,8558,8559,8560,8561,8567,8568,8569,8583,8584,8585,8586,8587,8588,8589,
8612,8624,8625,8626,8627,8628,8629,8682,8683,8684,8685,8686,8687,8688,8708,8715,8716,8717,
8723,8724,8725,8726,8727,8728,8751,8752,8753,8754,8755,8756,8757,8758,8759,8760,8762,8764,
8766,8767,8768,8769,8770,8814,8818,8819,8820,8822,8823,8826,8930,8931,8932,8933,8934,8935,
8956,8958,8959,8960,8998,8999,9000,9001,9044,9045,9046,9047,9048,9049,9050,9051,9052,9053,
9056,9057,9101,9102,9103,9104,9105,9106,9144,9145,9146,9147,9148,9185,9186,9188,9199,9200,
9201,9209,9211,9220,9221,9222,9223,9224,9226,9227,9245,9246,9247,9248,9249,9250,9251,9281,
9344,9346,9350,9366,9367,9368,9369,9370,9371,9409,9412,9420,9421,9423,9437,9438,9439,9539,
9542,9543,9544,9545,9546,9547,9574,9575,9584,9585,9586,9587,9588,9589,9597,9626,9627,9629,
9631,9632,9633,9635,9637,9638,9639,9649,9650,9651,9652,9653,9654,9680,9681,9683,9684,9685,
9686,9687,9688,9726,9727,9728,9729,9730,9766,9773,9774,9775,9776,9777,9778,9832,9833,9834,
9835,9836,9837,9838,9839,9868,9877,9881,9884,9885,9886,9887,9888,9892,9898,9903,9904,9905,
9906,9907,9908,9913,9914,9943,9948,9957,9959,9960,9961,9962,9963,9964,9965,9967,9968,9987,
9989,9990,9991,9992,9993,9994,9995,9996,9998,9999,10000,10001,10002,10003,10024,10026,10033,
10034,10036,10037,10038,10039,10041,10042,10043,10044,10045,10046,10047,10048,10049,10050,
10051,10052,10053,10054,10055,10056,10064,10065,10068,10070,10085,10091,10092,10093,10094,
10096,10097,10098,10101,10102,10108,10109,10110,10113,10114,10115,10116,10118,10120,10121,
10123,10124,10125,10126,10127,10136,10138,10142,10143,10144,10145,10146,10147,10148,10149,
10153,10165,10166,10171,10172,10176,10178,10179,10193,10195,10196,10211,10214,10223,10238,
10247,10250,10251,10254,10255,10256,10259,10261,10264,10276,10282,10308,10309,10319,10321,
10323,10324,10325,10326,10327,10328,10329,10339,10345,10347,10354,10356,10357,10358,10360,
10361,10362,10368,10369,10388,10403,10406,10409,10416,10422,10428,10443,10444,10448,10457,
10466,10473,10478,10479,10488,10498,10499,10500,10501,10502,10503,10505,10506,10507,10511,
10512,10522,10527,10528,10532,10537,10538,10540,10541,10542,10543,10544,10545,10546,10547,
10548,10550,10592,10599,10600,10607,10610,10620,10621,10622,10623,10624,10625,10626,10627,
10628,10629,10630,10632,10634,10640,10657,10658,10662,10665,10691,10694,10695,10697,10701,
10702,10708,10716,10718,10720,10722,10724,10725,10727,10729,10730,10731,10732,10733,10734,
10739,10753,10755,10756,10757,10758,10759,10760,10766,10767,10768,10770,10784,10785,10797,
10798,10799,10802,10803,10805,10816,10820,10822,10824,10828,10832,10840,10841,10842,10843,
10845,10846,10848,10850,10851,10854,10856,10857,10858,10865,10867,10868,10869,10872,10875,
10877,10878,10883,10890,10894,10895,10896,10897,10898,10899,10900,10901,10903,10904,10905,
10906,10908,10913,10915,10919,10930,10932,10933,10938,10941,10943,10948,10951,10952,10958,
10960,10961,10963,10964,10965,10966,10967,10968,10969,10972,10989,10990,10991,11010,11013,
11016,11042,11043,11045,11052,11053,11055,11058,11061,11077,11079,11080,11082,11083,11086,
11134,11136,11146,11155,11157,11158,11159,11161,11162,11170,11175,11177,11179,11182,11192,
11208,11209,11210,11222,11228,11231,11235,11236,11237,11238,11239,11240,11243,11251,11255,
11256,11257,11258,11259,11261,11265,11272,11276,11279,11281,11286,11289,11295,11300,11304,
11307,11314,11315,11316,11332,11338,11347,11350,11359,11360,11375,11376,11379,11384,11395,
11402,11404,11405,11406,11409,11411,11431,11433,11434,11457,11463,11467,11468,11469,11471,
11474,11476,11478,11479,11480,11483,11498,11506,11507,11508,11510,11511,11512,11513,11514,
11515,11517,11518,11534,11535,11537,11538,11539,11541,11543,11549,11573,11575,11580,11582,
11583,11592,11607,11619,11625,11626,11627,11629,11631,11632,11634,11635,11637,11638,11643,
11650,11655,11658,11663,11668,11671,11681,11683,11684,11685,11686,11687,11688,11689,11690,
11691,11692,11694,11695,11696,11699,11700,11702,11717,11718,11722,11723,11724,11725,11726,
11727,11728,11729,11730,11731,11732,11733,11734,11735,11736,11737,11738,11739,11740,11741,
11742,11743,11751,11756,11757,11760,11767,11768,11772,11774,11775,11780,11781,11782,11785,
11786,11787,11791,11796,11797,11801,11806,11814,11815,11816,11817,11818,11820,11821,11824,
11825,11827,11830,11835,11837,11840,11846,11852,11855,11856,11860,11863,11866,11872,11877,
11883,11884,11885,11886,11887,11888,11889,11890,11891,11892,11893,11894,11895,11900,11904,
11906,11908,11909,11915,11918,11919,11925,11929,11931,11936,11937,11941,11942,11943,11944,
11945,11946,11947,11948,11949,11952,11956,11957,11960,11962,11963,11965,11966,11967,11968,
11969,11970,11971,11972,11976,11980,11983,11985,11986,11988,11990,11992,11993,12000,12003,
12004,12005,12006,12008,12010,12014,12015,12020,12021,12024,12027,12028,12033,12034,12043,
12044,12047,12050,12053,12059,12061,12063,12064,12066,12067,12071,12072,12075,12077,12081,
12082,12086,12088,12092,12098,12099,12101,12106,12108,12109,12110,12117,12119,12121,12126,
12128,12134,12135,12140,12141,12146,12147,12149,12150,12157,12159,12163,12171,12172,12177,
12178,12179,12180,12181,12182,12183,12186,12187,12191,12193,12195,12196,12197,12203,12205,
12207,12211,12214,12219,12221,12223,12224,12225,12227,12228,12236,12237,12238,12239,12240,
12241,12242,12243,12244,12245,12247,12250,12251,12256,12269,12270,12271,12272,12273,12274,
12275,12278,12279,12281,12282,12290,12295,12302,12305,12308,12310,12317,12318,12325,12329,
12338,12339,12341,12345,12349,12354,12357,12359,12364,12366,12370,12373,12374,12376,12378,
12379,12381,12382,12385,12387,12391,12393,12394,12397,12398,12399,12400,12401,12402,12403,
12405,12406,12408,12409,12410,12411,12412,12413,12414,12415,12417,12419,12420,12426,12430,
12433,12435,12437,12438,12439,12442,12443,12448,12449,12455,12461,12468,12471,12475,12483,
12484,12490,12492,12499,12500,12501,12502,12503,12504,12505,12506,12513,12514,12515,12519,
12524,12535,12540,12544,12546,12548,12559,12560,12562,12566,12567,12569,12574,12576,12583,
12584,12585,12586,12588,12590,12595,12596,12597,12598,12599,12602,12612,12616,12617,12620,
12624,12630,12633,12634,12635,12641,12642,12648,12650,12651,12662,12668,12671,12672,12676,
12678,12683,12685,12689,12690,12696,12698,12703,12708,12710,12712,12714,12716,12723,12725,
12729,12730,12731,12733,12734,12737,12740,12746,12747,12748,12749,12751,12752,12754,12755,
12756,12759,12764,12765,12766,12767,12768,12769,12770,12772,12773,12774,12777,12778,12779,
12786,12791,12792,12795,12798,12802,12806,12813,12819,12824,12825,12826,12828,12829,12830,
12831,12835,12841,12842,12845,12846,12850,12854,12855,12861,12868,12873,12874,12875,12890,
12892,12893,12894,12895,12896,12897,12901,12902,12903,12904,12905,12906,12907,12908,12909,
12910,12911,12915,12917,12926,12928,12929,12934,12938,12940,12942,12946,12947,12948,12951,
12955,12957,12958,12959,12960,12961,12962,12966,12967,12970,12972,12973,12974,12975,12976,
12977,12978,12979,12982,12984,12986,12990,12992,12993,12994,12996,12997,12998,13001,13002,
13003,13004,13005,13006,13008,13009,13014,13015,13018,13022,13025,13026,13027,13029,13030,
13031,13033,13034,13035,13036,13039,13040,13046,13049,13062,13063,13065,13067,13068,13069,
13070,13072,13073,13074,13075,13076,13077,13078,13085,13086,13087,13088,13089,13090,13092,
13095,13096,13098,13105,13108,13110,13113,13114,13115,13116,13117,13118,13119,13120,13121,
13122,13125,13128,13129,13131,13134,13139,13140,13141,13151,13152,13153,13155,13158,13159,
13160,13164,13171,13172,13174,13175,13183,13186,13189,13194,13195,13197,13201,13202,13203,
13206,13208,13210,13214,13216,13222,13236,13239,13240,13241,13243,13244,13252,13255,13256,
13257,13258,13259,13260,13261,13262,13263,13264,13266,13268,13272,13275,13276,13277,13278,
13279,13280,13281,13282,13283,13284,13285,13286,13287,13288,13289,13290,13291,13292,13293,
13294,13303,13304,13309,13312,13316,13321,13331,13336,13337,13339,13341,13343,13345,13352,
13353,13356,13358,13361,13362,13363,13364,13365,13366,13368,13376,13377,13379,13380,13382,
13384,13385,13386,13387,13388,13391,13393,13396,13400,13405,13406,13409,13410,13411,13416,
13423,13424,13427,13429,13430,13435,13437,13438,13439,13440,13441,13442,13443,13444,13445,
13446,13447,13448,13449,13450,13457,13458,13460,13463,13465,13467,13471,13472,13473,13474,
13475,13476,13477,13478,13479,13480,13481,13482,13483,13484,13492,13493,13495,13496,13501,
13502,13503,13509,13511,13512,13513,13514,13515,13516,13517,13518,13521,13522,13523,13527,
13528,13530,13531,13537,13539,13547,13551,13552,13557,13558,13559,13563,13564,13565,13566,
13567,13568,13570,13582,13588,13592,13597,13599,13603,13610,13611,13612,13613,13614,13619,
13621,13624,13626,13627,13629,13630,13631,13632,13633,13634,13635,13636,13637,13638,13639,
13640,13641,13642,13647,13654,13668,13674,13678,13688,13689,13691,13693,13694,13695,13696,
13701,13704,13709,13710,13711,13712,13713,13714,13715,13716,13717,13718,13721,13722,13724,
13726,13730,13733,13734,13744,13747,13750,13751,13752,13760,13762,13768,13769,13770,13771,
13772,13775,13786,13790,13791,13793,13797,13798,13800,13801,13805,13806,13809,13810,13811,
13817,13818,13819,13820,13821,13822,13823,13828,13850,13851,13852,13853,13854,13855,13856,
13857,13863,13865,13866,13870,13871,13877,13879,13887,13888,13889,13890,13891,13892,13893,
13894,13895,13902,13903,13904,13905,13906,13907,13908,13909,13910,13922,13923,13930,13931,
13932,13935,13942,13943,13944,13946,13947,13948,13949,13950,13951,13952,13953,13954,13955,
13957,13958,13959,13960,13961,13962,13963,13964,13965,13966,13967,13968,13969,13982,13983,
13985,13986,13992,13993,13994,13996,13997,14000,14006,14007,14010,14011,14012,14013,14015,
14016,14017,14019,14020,14021,14022,14023,14024,14026,14027,14028,14029,14030,14031,14034,
14035,14041,14043,14047,14053,14061,14063,14068,14071,14072,14073,14074,14082,14083,14084,
14085,14086,14087,14088,14089,14090,14092,14095,14099,14105,14106,14115,14116,14119,14120,
14130,14135,14137,14138,14139,14140,14141,14142,14143,14144,14146,14147,14149,14151,14155,
14156,14157,14160,14164,14165,14166,14167,14168,14170,14171,14172,14178,14179,14181,14185,
14188,14189,14192,14193,14194,14195,14196,14197,14198,14199,14200,14201,14205,14214,14215,
14216,14217,14218,14219,14220,14221,14222,14223,14224,14225,14226,14237,14241,14243,14244,
14245,14246,14247,14250,14251,14260,14261,14267,14283,14287,14288,14289,14290,14291,14294,
14297,14299,14303,14304,14305,14309,14310,14312,14313,14314,14315,14316,14317,14318,14319,
14320,14322,14324,14326,14329,14330,14331,14332,14334,14335,14336,14343,14344,14346,14348,
14355,14357,14358,14361,14365,14367,14368,14369,14373,14374,14375,14376,14377,14383,14387,
14390,14391,14398,14399,14401,14403,14405,14406,14409,14413,14415,14420,14421,14424,14425,
14428,14429,14430,14433,14434,14435,14439,14441,14443,14445,14448,14449,14450,14451,14457,
14458,14459,14460,14469,14471,14476,14478,14479,14480,14481,14482,14483,14484,14485,14491,
14492,14493,14494,14495,14496,14497,14501,14512,14516,14517,14518,14519,14520,14521,14522,
14524,14526,14532,14533,14534,14544,14553,14557,14559,14565,14566,14567,14568,14569,14570,
14571,14572,14573,14574,14575,14577,14582,14583,14584,14585,14586,14587,14588,14589,14590,
14591,14592,14593,14594,14595,14596,14597,14599,14600,14601,14602,14604,14605,14606,14618,
14621,14626,14631,14632,14633,14636,14640,14641,14643,14651,14665,14667,14670,14671,14676,
14681,14682,14685,14686,14688,14689,14694,14695,14696,14698,14699,14702,14703,14710,14712,
14717,14722,14727,14729,14733,14739,14742,14744,14746,14747,14752,14753,14768,14775,14780,
14781,14782,14783,14784,14785,14786,14788,14789,14792,14794,14795,14796,14797,14798,14799,
14800,14803,14804,14805,14806,14807,14808,14809,14811,14812,14813,14814,14815,14817,14818,
14819,14820,14821,14822,14823,14824,14826,14827,14828,14831,14833,14835,14836,14839,14841,
14842,14845,14847,14848,14850,14851,14852,14853,14855,14857,14858,14860,14862,14863,14874,
14875,14877,14878,14879,14883,14885,14886,14887,14888,14889,14890,14891,14900,14901,14905,
14906,14907,14908,14909,14910,14912,14919,14928,14929,14941,14942,14943,14946,14947,14949,
14952,14954,14955,14959,14964,14965,14970,14971,14975,14978,14979,14980,14981,14982,14983,
14984,14986,14987,14988,14989,14990,14991,14995,14996,14997,14998,15004,15005,15006,15008,
15009,15010,15011,15012,15013,15014,15015,15021,15023,15024,15027,15028,15036,15037,15038,
15039,15041,15042,15043,15044,15050,15051,15055,15058,15067,15068,15069,15070,15073,15075,
15083,15090,15091,15095,15098,15106,15107,15108,15109,15110,15111,15112,15113,15114,15123,
15124,15125,15126,15127,15132,15136,15137,15138,15139,15140,15141,15142,15144,15145,15146,
15147,15153,15155,15156,15157,15158,15159,15167,15168,15169,15170,15171,15177,15184,15196,
15197,15205,15211,15213,15214,15215,15216,15217,15218,15219,15220,15221,15222,15223,15224,
15225,15226,15227,15228,15229,15230,15231,15232,15233,15234,15235,15236,15237,15243,15244,
15245,15246,15247,15249,15251,15252,15253,15254,15255,15256,15257,15264,15271,15272,15273,
15274,15275,15276,15277,15278,15279,15280,15282,15283,15284,15285,15286,15287,15289,15291,
15298,15299,15302,15305,15306,15307,15308,15309,15310,15314,15318,15319,15320,15321,15322,
15323,15324,15325,15326,15327,15328,15329,15330,15331,15332,15334,15335,15336,15337,15338,
15339,15340,15341,15343,15344,15345,15346,15347,15349,15352,15353,15354,15356,15357,15359,
15363,15378,15382,15383,15384,15385,15386,15387,15389,15390,15395,15397,15400,15401,15402,
15403,15405,15406,15407,15408,15411,15412,15413,15414,15415,15416,15417,15418,15420,15424,
15426,15427,15428,15429,15430,15431,15432,15433,15434,15436,15437,15438,15439,15440,15441,
15445,15446,15448,15450,15452,15453,15454,15456,15457,15458,15459,15461,15462,15463,15464,
15465,15466,15467,15468,15469,15470,15471,15472,15473,15474,15475,15476,15477,15478,15479,
15480,15481,15482,15483,15485,15495,15497,15498,15499,15507,15512,15517,15518,15520,15521,
15522,15523,15524,15525,15526,15527,15528,15529,15536,15538,15539,15542,15544,15546,15548,
15553,15559,15560,15561,15562,15563,15564,15565,15566,15577,15578,15579,15580,15582,15583,
15588,15590,15595,15596,15602,15605,15606,15607,15608,15609,15610,15611,15612,15613,15622,
15624,15625,15626,15627,15639,15640,15641,15642,15643,15644,15645,15646,15647,15657,15658,
15660,15661,15663,15664,15666,15667,15670,15672,15676,15677,15680,15683,15687,15688,15691,
15692,15696,15699,15700,15702,15705,15706,15707,15710,15711,15712,15713,15714,15715,15716,
15717,15718,15719,15720,15721,15722,15723,15724,15725,15726,15727,15741,15742,15743,15746,
15751,15752,15754,15755,15756,15757,15759,15760,15762,15763,15764,15765,15766,15767,15768,
15769,15770,15771,15772,15773,15774,15775,15776,15777,15778,15779,15780,15781,15782,15783,
15784,15785,15787,15788,15789,15790,15791,15792,15793,15794,15795,15796,15797,15798,15799,
15800,15801,15802,15803,15805,15807,15809,15815,15829,15830,15832,15833,15838,15840,15841,
15842,15850,15851,15852,15853,15854,15855,15857,15858,15862,15863,15864,15865,15868,15870,
15871,15873,15874,15875,15876,15877,15882,15883,15885,15887,15888,15889,15891,15896,15897,
15898,15900,15901,15905,15906,15910,15911,15912,15916,15921,15922,15923,15924,15925,15926,
15932,15937,15939,15942,15943,15944,15945,15946,15947,15948,15950,15951,15952,15953,15954,
15958,15961,15966,15967,15968,15970,15974,15981,15983,15986,15988,15996,15997,15998,15999,
16000,16003,16004,16005,16006,16011,16012,16013,16014,16015,16017,16018,16024,16025,16037,
16039,16040,16041,16042,16044,16045,16055,16056,16058,16061,16068,16075,16078,16079,16087,
16088,16089,16090,16091,16093,16094,16096,16097,16099,16101,16103,16107,16108,16109,16111,
16113,16114,16115,16116,16117,16118,16119,16120,16121,16122,16123,16124,16125,16126,16127,
16129,16130,16133,16134,16135,16136,16137,16138,16139,16140,16141,16142,16143,16144,16145,
16146,16147,16148,16149,16150,16151,16152,16153,16154,16155,16156,16157,16158,16159,16160,
16161,16164,16165,16168,16172,16173,16176,16177,16178,16179,16180,16181,16182,16183,16185,
16186,16187,16188,16189,16190,16191,16193,16194,16195,16196,16201,16202,16203,16205,16208,
16216,16217,16218,16220,16223,16225,16227,16233,16234,16235,16239,16242,16244,16247,16248,
16252,16254,16261,16263,16264,16265,16270,16271,16272,16274,16275,16280,16281,16282,16284,
16287,16288,16289,16295,16296,16298,16299,16300,16304,16305,16309,16311,16312,16313,16317,
16322,16325,16326,16327,16328,16329,16330,16331,16334,16336,16340,16341,16352,16354,16357,
16359,16360,16365,16368,16369,16370,16371,16372,16374,16382,16383,16385,16387,16389,16390,
16391,16393,16398,16399,16400,16403,16404,16405,16410,16414,16415,16417,16418,16419,16421,
16423,16424,16426,16428,16430,16432,16440,16441,16443,16446,16448,16453,16454,16455,16456,
16457,16458,16459,16460,16461,16462,16463,16466,16467,16469,16470,16471,16472,16476,16478,
16482,16486,16488,16489,16490,16491,16492,16493,16494,16507,16510,16516,16517,16519,16522,
16523,16525,16527,16528,16529,16530,16531,16532,16533,16534,16535,16536,16537,16538,16539,
16544,16545,16546,16547,16549,16550,16552,16553,16555,16556,16559,16563,16564,16568,16569,
16571,16572,16573,16575,16576,16577,16578,16579,16580,16582,16583,16584,16586,16589,16592,
16595,16596,16597,16599,16606,16616,16619,16623,16624,16625,16627,16628,16629,16631,16632,
16633,16636,16637,16638,16646,16647,16650,16654,16655,16656,16657,16661,16662,16663,16665,
16666,16668,16670,16671,16673,16675,16676,16678,16679,16684,16687,16689,16690,16693,16694,
16695,16696,16698,16699,16700,16701,16702,16703,16704,16705,16706,16708,16711,16713,16714,
16715,16717,16720,16721,16722,16723,16728,16730,16732,16733,16734,16735,16742,16743,16744,
16745,16746,16747,16748,16749,16750,16751,16752,16753,16755,16756,16757,16759,16763,16764,
16765,16766,16767,16770,16771,16772,16780,16781,16782,16783,16786,16793,16795,16799,16800,
16801,16804,16811,16812,16813,16815,16822,16823,16825,16833,16835,16836,16837,16838,16839,
16840,16842,16843,16844,16845,16847,16848,16849,16855,16856,16857,16858,16859,16860,16861,
16862,16863,16864,16865,16867,16868,16869,16870,16872,16873,16875,16878,16880,16882,16883,
16890,16892,16897,16899,16900,16902,16904,16905,16906,16908,16909,16910,16911,16912,16914,
16916,16919,16920,16921,16922,16923,16924,16925,16926,16927,16928,16929,16930,16931,16932,
16937,16940,16941,16942,16944,16945,16947,16948,16950,16956,16959,16962,16965,16968,16971,
16972,16980,16982,16985,16989,16991,16992,16997,16998,16999,17000,17001,17002,17003,17004,
17008,17009,17020,17022,17023,17024,17026,17028,17031,17032,17033,17037,17038,17050,17052,
17053,17055,17057,17058,17061,17063,17064,17067,17070,17073,17074,17077,17078,17079,17080,
17083,17084,17090,17091,17092,17093,17098,17100,17105,17110,17111,17112,17113,17114,17115,
17116,17117,17118,17120,17122,17124,17132,17143,17144,17145,17146,17147,17148,17154,17160,
17164,17168,17169,17172,17175,17176,17177,17178,17179,17181,17182,17184,17185,17186,17188,
17191,17192,17199,17205,17206,17208,17209,17212,17213,17215,17216,17219,17220,17221,17222,
17223,17226,17227,17228,17229,17230,17231,17245,17246,17247,17248,17249,17263,17264,17265,
17266,17273,17283,17286,17287,17289,17291,17292,17298,17309,17310,17323,17325,17327,17341,
17343,17345,17346,17350,17351,17353,17359,17361,17366,17367,17377,17378,17380,17381,17382,
17383,17384,17385,17386,17387,17388,17389,17390,17391,17393,17394,17396,17397,17400,17401,
17403,17404,17406,17407,17409,17410,17413,17414,17415,17416,17417,17420,17421,17424,17425,
17427,17429,17430,17433,17436,17437,17438,17442,17443,17444,17446,17449,17450,17453,17455,
17456,17458,17459,17461,17463,17464,17465,17466,17467,17468,17469,17470,17478,17479,17483,
17484,17492,17493,17495,17496,17497,17503,17514,17516,17523,17524,17525,17526,17530,17534,
17536,17537,17538,17539,17540,17541,17542,17543,17544,17545,17546,17547,17549,17551,17556,
17558,17561,17562,17564,17566,17573,17574,17575,17576,17582,17587,17611,17613,17617,17618,
17620,17621,17622,17623,17624,17625,17626,17627,17628,17629,17630,17631,17632,17633,17635,
17636,17637,17638,17639,17640,17641,17642,17643,17644,17645,17646,17647,17648,17649,17650,
17651,17652,17653,17655,17656,17657,17658,17660,17663,17666,17672,17674,17679,17682,17683,
17685,17686,17688,17689,17690,17694,17696,17698,17699,17700,17704,17705,17707,17708,17709,
17711,17712,17714,17715,17718,17720,17723,17724,17725,17728,17729,17731,17733,17739,17740,
17741,17742,17746,17747,17748,17749,17751,17753,17756,17757,17758,17759,17760,17762,17763,
17764,17765,17766,17767,17769,17770,17771,17780,17787,17790,17793,17794,17795,17796,17797,
17812,17821,17824,17825,17826,17827,17828,17829,17830,17831,17832,17833,17834,17842,17861,
17865,17869,17870,17871,17877,17879,17880,17881,17889,17892,17893,17895,17899,17901,17902,
17903,17905,17910,17911,17913,17916,17920,17921,17922,17924,17925,17926,17927,17929,17932,
17933,17934,17936,17941,17942,17945,17946,17948,17950,17951,17952,17953,17956,17959,17961,
17962,17986,17987,17989,17992,17994,17995,17999,18004,18010,18011,18012,18013,18034,18046,
18050,18051,18055,18057,18059,18060,18076,18078,18079,18080,18088,18099,18109,18111,18112,
18113,18118,18142,18147,18151,18155,18156,18159,18162,18165,18176,18193,18194,18195,18196,
18199,18202,18203,18205,18206,18208,18210,18214,18217,18218,18219,18227,18240,18248,18249,
18250,18251,18260,18269,18278,18279,18281,18284,18286,18287,18294,18295,18301,18307,18315,
18316,18324,18333,18334,18340,18341,18346,18347,18349,18350,18352,18353,18361,18362,18363,
18364,18365,18366,18367,18369,18372,18377,18378,18382,18387,18389,18391,18392,18395,18398,
18400,18402,18423,18436,18442,18446,18464,18465,18502,18513,18538,18544,18548,18549,18554,
18563,18566,18567,18570,18571,18572,18573,18574,18575,18582,18584,18585,18587,18588,18589,
18590,18591,18595,18598,18599,18600,18601,18604,18607,18609,18611,18612,18613,18626,18630,
18631,18632,18634,18635,18636,18638,18643,18676,18677,18681,18683,18687,18697,18712,18713,
18717,18718,18719,18720,18721,18735,18739,18745,18746,18755,18758,18759,18764,18770,18779,
18780,18791,18801,18807,18808,18809,18810,18811,18813,18814,18815,18816,18823,18824,18825,
18827,18831,18832,18833,18842,18843,18845,18846,18847,18848,18849,18850,18852,18854,18860,
18862,18868,18872,18873,18874,18875,18876,18877,18882,18883,18885,18917,18945,18946,18949,
18952,18959,18961,18963,18964,19004,19006,19012,19013,19014,19015,19016,19018,19019,19020,
19023,19026,19029,19032,19033,19034,19036,19037,19038,19040,19042,19061,19065,19067,19069,
19074,19075,19078,19080,19082,19083,19084,19086,19088,19095,19097,19100,19101,19102,19104,
19112,19119,19120,19124,19125,19126,19127,19128,19129,19130,19138,19161,19170,19171,19209,
19212,19213,19214,19216,19219,19223,19224,19242,19243,19244,19246,19247,19248,19250,19253,
19254,19255,19256,19258,19260,19261,19262,19263,19264,19265,19266,19267,19269,19270,19271,
19272,19276,19277,19278,19283,19284,19285,19288,19289,19290,19294,19297,19298,19300,19301,
19303,19310,19311,19315,19349,19351,19352,19353,19354,19355,19360,19362,19393,19395,19396,
19400,19401,19402,19403,19406,19407,19410,19411,19412,19413,19438,19440,19441,19442,19443,
19446,19447,19448,19449,19455,19456,19464,19479,19481,19485,19486,19487,19488,19489,19498,
19500,19517,19518,19520,19521,19523,19524,19582,19583,19584,19585,19586,19587,19588,19590,
19593,19594,19595,19596,19597,19598,19599,19600,19601,19602,19603,19604,19605,19608,19610,
19619,19635,19639,19640,19641,19642,19643,19644,19645,19646,19650,19714,19717,19718,19720,
19721,19722,19724,19726,19727,19732,19734,19740,19766,19770,19776,19778,19779,19783,19784,
19841,19843,19844,19846,19856,19859,19860,19861,19862,19864,19866,19867,19868,19869,19870,
19875,19883,19886,19887,19900,19901,19913,19949,19950,19951,19952,19953,19954,19955,19956,
19960,19976,19980,19983,19997,20003,20008,20013,20014,20016,20017,20020,20021,20022,20025,
20027,20029,20079,20080,20081,20082,20083,20085,20086,20090,20096,20097,20098,20105,20109,
20114,20115,20119,20135,20137,20138,20139,20140,20142,20143,20144,20146,20147,20161,20162,
20163,20164,20167,20170,20171,20172,20176,20177,20181,20183,20199,20200,20203,20206,20209,
20210,20214,20215,20218,20227,20228,20229,20231,20236,20237,20239,20241,20242,20244,20245,
20247,20255,20276,20288,20290,20293,20303,20305,20308,20323,20326,20328,20342,20346,20354,
20357,20358,20362,20363,20364,20365,20366,20367,20368,20369,20370,20371,20373,20374,20375,
20378,20387,20391,20392,20393,20394,20395,20412,20416,20417,20430,20433,20436,20437,20439,
20440,20443,20452,20480,20481,20482,20490,20492,20494,20495,20496,20497,20498,20499,20500,
20503,20504,20508,20509,20510,20521,20523,20527,20530,20531,20535,20536,20537,20538,20539,
20540,20541,20542,20543,20544,20550,20551,20552,20553,20554,20555,20556,20557,20558,20559,
20560,20569,20571,20588,20589,20618,20621,20634,20635,20637,20638,20641,20642,20644,20646,
20647,20650,20652,20654,20657,20658,20659,20662,20665,20694,20696,20698,20706,20709,20710,
20711,20713,20714,20715,20745,20746,20747,20751,20752,20753,20754,20759,20760,20764,20765,
20766,20768,20787,20788,20789,20790,20792,20796,20797,20799,20801,20803,20805,20814,20816,
20818,20819,20820,20821,20824,20825,20828,20829,20830,20833,20834,20835,20865,20866,20876,
20879,20880,20883,20884,20888,20889,20890,20892,20893,20895,20896,20897,20922,20924,20925,
20926,20930,20938,20947,20963,20964,20968,20969,20971,20973,20974,20975,20976,20977,20978,
20980,20984,20986,20987,20988,20991,20992,20994,20995,20996,20997,20998,21000,21001,21002,
21022,21023,21025,21027,21029,21035,21037,21038,21040,21041,21043,21057,21058,21059,21060,
21061,21062,21063,21064,21065,21066,21067,21068,21069,21072,21074,21075,21088,21091,21093,
21094,21096,21097,21099,21108,21111,21116,21137,21142,21143,21145,21195,21233,21236,21237,
21243,21244,21245,21246,21248,21249,21252,21253,21256,21258,21260,21262,21263,21264,21265,
21266,21268,21288,21290,21292,21293,21294,21298,21299,21301,21302,21303,21304,21305,21306,
21307,21308,21309,21332,21334,21335,21336,21339,21355,21356,21357,21358,21359,21360,21361,
21363,21365,21389,21403,21404,21412,21418,21446,21447,21448,21456,21457,21464,21470,21472,
21474,21475,21477,21479,21482,21487,21488,21489,21490,21491,21492,21493,21494,21495,21496,
21497,21498,21501,21502,21504,21505,21508,21510,21520,21522,21523,21524,21525,21526,21530,
21534,21535,21562,21563,21564,21567,21568,21569,21570,21571,21583,21587,21588,21589,21590,
21591,21592,21593,21605,21608,21609,21611,21614,21616,21618,21620,21621,21622,21623,21624,
21625,21628,21629,21630,21631,21632,21635,21641,21642,21643,21646,21649,21650,21653,21659,
21661,21662,21667,21668,21669,21670,21672,21674,21675,21699,21701,21702,21703,21708,21799,
21800,21802,21804,21807,21814,21815,21823,21825,21827,21828,21829,21830,21832,21833,21835,
21836,21837,21838,21839,21845,21846,21847,21851,21854,21871,21872,21873,21875,21878,21879,
21880,21883,21884,21885,21886,21888,21889,21890,21892,21893,21894,21895,21896,21898,21917,
21920,21925,21926,21927,21933,21937,21938,21950,21952,21953,21954,21955,21956,21957,21958,
21960,21961,21962,21963,21964,21965,21975,21981,21990,21992,21994,22001,22002,22003,22004,
22006,22007,22009,22010,22012,22014,22015,22016,22026,22027,22029,22032,22033,22034,22035,
22036,22038,22039,22041,22042,22044,22054,22055,22060,22061,22063,22067,22068,22071,22072,
22074,22088,22108,22112,22113,22114,22131,22132,22134,22137,22138,22139,22152,22153,22155,
22156,22159,22160,22161,22162,22164,22165,22168,22169,22170,22171,22172,22173,22177,22178,
22184,22186,22197,22199,22200,22203,22206,22208,22209,22211,22213,22214,22217,22218,22225,
22226,22227,22229,22232,22236,22237,22238,22239,22243,22244,22245,22246,22251,22253,22255,
22257,22258,22261,22262,22266,22267,22268,22269,22270,22271,22272,22273,22274,22275,22279,
22282,22295,22298,22302,22305,22306,22307,22308,22309,22310,22311,22352,22355,22356,22363,
22364,22371,22372,22373,22376,22377,22378,22382,22383,22384,22385,22389,22390,22391,22392,
22394,22395,22398,22399,22403,22423,22424,22427,22430,22433,22435,22436,22437,22438,22439,
22440,22441,22442,22443,22444,22445,22446,22448,22449,22451,22452,22453,22457,22490,22492,
22493,22495,22496,22497,22502,22505,22506,22507,22513,22514,22517,22524,22527,22533,22534,
22535,22536,22537,22538,22548,22555,22556,22557,22567,22569,22570,22571,22572,22581,22584,
22591,22592,22599,22602,22610,22621,22622,22624,22628,22630,22631,22634,22635,22636,22639,
22642,22643,22646,22730,22733,22740,22763,22794,22796,22799,22802,22805,22808,22810,22841,
22846,22848,22854,22860,22861,22875,22913,22916,22918,22919,22921,22922,22929,22931,22932,
22941,22942,22943,22945,22962,22963,22964,22971,22973,22974,22975,22976,22980,22981,22997,
22999,23007,23008,23015,23016,23017,23024,23027,23028,23029,23030,23032,23045,23051,23069,
23102,23107,23108,23109,23110,23111,23112,23113,23114,23119,23122,23126,23129,23138,23140,
23166,23167,23169,23173,23174,23175,23176,23177,23178,23182,23183,23184,23201,23206,23208,
23211,23212,23213,23214,23215,23217,23218,23219,23220,23222,23246,23247,23256,23259,23260,
23261,23262,23265,23269,23270,23274,23279,23282,23320,23323,23326,23337,23338,23339,23341,
23342,23346,23347,23349,23351,23356,23357,23363,23401,23402,23405,23408,23409,23410,23411,
23412,23420,23433,23434,23436,23476,23481,23483,23486,23489,23491,23494,23495,23496,23498,
23499,23500,23501,23502,23503,23505,23520,23524,23525,23530,23532,23535,23541,23545,23547,
23556,23557,23558,23562,23564,23566,23569,23570,23572,23573,23575,23576,23581,23584,23609,
23620,23621,23625,23627,23629,23631,23633,23636,23637,23638,23639,23640,23667,23724,23739,
23749,23751,23754,23755,23756,23757,23758,23762,23764,23765,23772,23800,23804,23805,23806,
23807,23808,23813,23816,23824,23873,23877,23878,23879,23881,23882,23883,23894,23896,23897,
23898,23899,23900,23901,23902,23907,23928,23937,23961,23967,23968,23969,23970,23971,23972,
23973,23976,23979,23980,23981,23983,23987,23988,23990,23996,23998,24013,24014,24016,24025,
24028,24032,24033,24034,24035,24036,24037,24038,24040,24041,24042,24045,24046,24051,24052,
24053,24054,24055,24057,24059,24065,24066,24074,24092,24093,24095,24101,24102,24103,24106,
24107,24110,24138,24146,24149,24150,24152,24158,24165,24167,24168,24173,24175,24176,24177,
24178,24179,24180,24181,24185,24188,24191,24193,24195,24196,24197,24199,24200,24210,24211,
24218,24219,24241,24242,24248,24249,24251,24252,24253,24254,24256,24258,24260,24261,24262,
24264,24280,24281,24282,24285,24289,24290,24291,24292,24293,24296,24298,24299,24300,24301,
24304,24305,24306,24308,24312,24315,24316,24318,24320,24322,24323,24324,24326,24327,24331,
24356,24357,24358,24359,24360,24361,24362,24363,24364,24365,24368,24373,24374,24378,24379,
24383,24390,24391,24396,24397,24418,24420,24421,24422,24423,24424,24425,24426,24427,24428,
24429,24431,24436,24437,24442,24443,24448,24449,24454,24455,24456,24457,24458,24477,24478,
24482,24484,24499,24500,24502,24538,24559,24579,24581,24582,24584,24601,24604,24607,24608,
24609,24610,24611,24614,24617,24618,24619,24620,24621,24622,24625,24626,24627,24628,24629,
24630,24631,24632,24633,24640,24641,24642,24643,24644,24645,24646,24647,24648,24649,24652,
24656,24660,24661,24662,24663,24664,24665,24666,24667,24668,24669,24671,24672,24674,24675,
24676,24677,24678,24679,24680,24681,24682,24683,24684,24685,24686,24687,24691,24692,24700,
24701,24702,24704,24707,24708,24709,24710,24711,24712,24720,24725,24726,24727,24728,24729,
24732,24733,24735,24739,24748,24749,24753,24757,24758,24760,24761,24762,24763,24764,24765,
24766,24767,24768,24769,24770,24772,24773,24775,24815,24850,24851,24858,24859,24860,24865,
24868,24895,24896,24898,24901,24902,24903,24909,24912,24917,24918,24919,24920,24923,24924,
24949,24950,24951,24952,24962,24966,24968,24972,24975,24976,24978,24980,24981,24985,24986,
24989,24990,24992,24996,24997,25007,25025,25026,25031,25033,25034,25035,25036,25039,25041,
25051,25052,25057,25059,25060,25061,25062,25064,25065,25070,25073,25074,25075,25076,25077,
25078,25079,25081,25083,25084,25085,25086,25090,25091,25092,25097,25099,25150,25155,25176,
25181,25182,25184,25185,25186,25187,25188,25189,25192,25193,25217,25218,25219,25220,25221,
25222,25223,25224,25225,25226,25227,25228,25229,25230,25231,25233,25235,25298,25299,25300,
25301,25302,25303,25305,25306,25307,25308,25309,25310,25311,25312,25313,25314,25315,25316,
25317,25318,25319,25320,25321,25322,25323,25324,25325,25326,25328,25331,25334,25335,25336,
25337,25339,25343,25344,25349,25352,25353,25354,25355,25356,25357,25358,25359,25360,25362,
25364,25365,25367,25368,25369,25370,25373,25375,25376,25377,25379,25398,25399,25401,25402,
25403,25404,25405,25406,25407,25409,25410,25414,25415,25416,25417,25418,25419,25420,25421,
25427,25429,25430,25431,25432,25434,25436,25437,25439,25440,25443,25444,25460,25462,25468,
25469,25485,25490,25505,25511,25512,25517,25519,25525,25527,25528,25529,25532,25540,25541,
25542,25543,25544,25545,25546,25548,25553,25555,25556,25557,25561,25563,25564,25565,25567,
25568,25574,25575,25578,25579,25580,25582,25596,25598,25600,25601,25602,25605,25609,25610,
25611,25615,25616,25617,25618,25620,25638,25639,25640,25641,25643,25644,25645,25647,25648,
25649,25650,25655,25658,25660,25661,25663,25664,25665,25666,25672,25675,25676,25677,25679,
25683,25685,25688,25690,25693,25697,25700,25701,25703,25707,25708,25709,25712,25713,25715,
25717,25719,25761,25766,25769,25770,25771,25773,25774,25775,25776,25777,25778,25779,25780,
25781,25782,25783,25784,25785,25786,25787,25788,25795,25799,25804,25805,25837,25840,25843,
25849,25852,25856,25857,25860,25861,25864,25869,25876,25885,25888,25889,25890,25891,25894,
25895,25896,25897,25898,25899,25900,25901,25903,25905,25906,25907,25909,25910,25936,25938,
25939,25948,25951,25953,25954,25985,25986,25987,25988,25992,25993,25994,25995,25996,25997,
25998,25999,26000,26001,26002,26007,26008,26009,26010,26016,26017,26018,26019,26026,26027,
26029,26031,26032,26033,26039,26040,26041,26045,26046,26069,26076,26084,26086,26088,26089,
26091,26093,26094,26102,26110,26111,26112,26135,26138,26141,26142,26143,26144,26145,26146,
26147,26148,26149,26150,26151,26152,26153,26154,26155,26156,26173,26179,26194,26195,26196,
26211,26212,26215,26217,26218,26219,26221,26223,26226,26229,26230,26231,26232,26235,26236,
26238,26240,26241,26242,26246,26273,26277,26279,26283,26292,26307,26308,26310,26311,26314,
26319,26324,26328,26329,26331,26332,26339,26340,26352,26354,26355,26356,26357,26358,26359,
26365,26370,26372,26377,26379,26381,26383,26384,26385,26386,26388,26389,26390,26391,26392,
26393,26397,26398,26401,26402,26410,26412,26416,26417,26425,26435,26436,26438,26439,26440,
26441,26443,26444,26445,26448,26449,26453,26455,26456,26457,26458,26460,26461,26462,26463,
26464,26465,26466,26470,26472,26473,26475,26512,26515,26521,26522,26527,26529,26530,26531,
26535,26537,26538,26539,26540,26541,26542,26543,26544,26545,26546,26556,26558,26577,26578,
26599,26603,26604,26606,26607,26658,26660,26661,26662,26663,26664,26665,26666,26667,26668,
26669,26672,26679,26680,26682,26684,26685,26686,26687,26688,26690,26692,26693,26694,26698,
26700,26701,26705,26707,26713,26722,26726,26727,26733,26734,26735,26750,26755,26759,26763,
26765,26782,26783,26784,26786,26787,26788,26789,26790,26791,26793,26794,26795,26796,26799,
26802,26803,26804,26805,26806,26808,26809,26810,26811,26812,26813,26815,26816,26818,26819,
26820,26821,26822,26823,26824,26825,26826,26827,26828,26829,26830,26833,26834,26835,26836,
26837,26844,26846,26860,26861,26866,26867,26868,26870,26872,26873,26874,26875,26876,26877,
26878,26879,26880,26881,26882,26886,26887,26888,26889,26890,26891,26892,26893,26894,26901,
26905,26906,26907,26934,26936,26939,26940,26942,26943,26947,26950,26951,26952,26954,26955,
26957,26964,26965,26966,26967,26968,26969,26970,26971,26979,26982,26983,26985,26987,26988,
26991,26992,26994,27003,27011,27012,27013,27015,27016,27017,27018,27019,27020,27021,27022,
27023,27024,27025,27026,27027,27028,27029,27030,27031,27032,27040,27041,27044,27045,27046,
27047,27048,27049,27050,27051,27052,27054,27055,27056,27058,27060,27061,27062,27063,27064,
27065,27066,27067,27068,27072,27074,27075,27076,27080,27083,27084,27086,27088,27089,27090,
27091,27092,27093,27094,27095,27096,27097,27098,27099,27100,27101,27105,27108,27109,27110,
27111,27112,27113,27114,27116,27117,27118,27119,27120,27126,27127,27129,27131,27132,27134,
27136,27138,27139,27141,27147,27156,27157,27158,27159,27160,27162,27163,27165,27166,27167,
27168,27169,27170,27171,27172,27173,27174,27175,27176,27177,27178,27179,27180,27181,27183,
27184,27186,27187,27188,27189,27190,27191,27193,27194,27196,27197,27199,27200,27201,27202,
27203,27204,27205,27206,27207,27208,27209,27210,27212,27214,27217,27218,27219,27220,27223,
27227,27228,27229,27230,27231,27234,27235,27236,27238,27239,27240,27241,27242,27243,27244,
27245,27246,27247,27248,27249,27250,27251,27252,27253,27254,27255,27256,27257,27258,27260,
27262,27263,27264,27265,27273,27275,27277,27282,27283,27284,27285,27286,27287,27288,27289,
27290,27291,27292,27293,27295,27297,27298,27299,27300,27302,27303,27304,27310,27311,27312,
27313,27319,27320,27322,27326,27328,27329,27330,27331,27336,27340,27342,27344,27345,27347,
27348,27350,27351,27352,27353,27354,27357,27360,27362,27366,27370,27371,27375,27385,27392,
27411,27413,27414,27429,27430,27433,27434,27435,27436,27437,27438,27443,27444,27446,27448,
27466,27471,27473,27477,27478,27480,27481,27483,27484,27485,27486,27487,27488,27489,27490,
27493,27503,27509,27510,27516,27518,27524,27527,27528,27535,27536,27537,27538,27539,27543,
27545,27547,27548,27550,27551,27557,27558,27559,27560,27563,27565,27566,27567,27569,27570,
27571,27572,27573,27574,27575,27576,27577,27578,27579,27580,27581,27582,27583,27593,27597,
27602,27603,27605,27606,27614,27616,27620,27622,27646,27651,27653,27655,27656,27683,27685,
27686,27688,27689,27690,27691,27692,27694,27697,27698,27699,27716,27719,27720,27721,27722,
27723,27726,27727,27730,27735,27736,27737,27738,27739,27740,27741,27743,27745,27748,27750,
27751,27752,27753,27754,27755,27756,27759,27760,27764,27765,27766,27796,27799,27800,27801,
27804,27805,27806,27808,27809,27810,27812,27813,27814,27815,27816,27817,27818,27819,27820,
27821,27822,27823,27824,27826,27827,27828,27831,27832,27835,27836,27837,27839,27840,27841,
27842,27843,27849,27852,27854,27855,27857,27858,27859,27860,27861,27862,27863,27864,27866,
27867,27872,27873,27875,27878,27884,27885,27886,27893,27896,27897,27900,27901,27902,27908,
27911,27912,27913,27914,27915,27916,27917,27918,27923,27929,27930,27934,27936,27937,27938,
27939,27941,27942,27943,27944,27946,27947,27953,27955,27961,27962,27963,27964,27966,27969,
27971,27972,27975,27977,27978,27979,27980,27981,27982,27984,27985,27987,27988,27990,27991,
27992,27993,27994,27996,27998,27999,28003,28004,28006,28007,28009,28011,28012,28013,28014,
28018,28019,28020,28021,28024,28027,28028,28029,28030,28031,28034,28036,28038,28039,28042,
28043,28044,28045,28046,28048,28049,28050,28052,28053,28056,28059,28066,28076,28077,28078,
28079,28087,28090,28091,28093,28094,28095,28097,28100,28101,28107,28108,28110,28112,28116,
28118,28119,28121,28123,28124,28127,28130,28131,28132,28133,28149,28150,28151,28152,28153,
28154,28155,28157,28158,28160,28161,28162,28163,28164,28165,28166,28167,28168,28169,28170,
28172,28173,28174,28179,28186,28187,28189,28190,28191,28192,28193,28194,28195,28196,28197,
28198,28199,28200,28201,28205,28209,28215,28216,28218,28219,28223,28232,28234,28235,28236,
28239,28243,28244,28246,28247,28248,28249,28251,28253,28256,28257,28258,28259,28260,28262,
28265,28268,28269,28271,28277,28278,28281,28282,28287,28288,28293,28297,28314,28355,28363,
28368,28369,28370,28371,28372,28373,28375,28376,28377,28380,28381,28393,28411,28414,28415,
28416,28420,28421,28460,28461,28466,28467,28471,28473,28484,28486,28487,28488,28489,28490,
28492,28493,28494,28495,28497,28498,28500,28501,28502,28503,28504,28516,28519,28520,28521,
28525,28526,28528,28529,28530,28541,28543,28545,28551,28568,28569,28570,28571,28575,28584,
28590,28594,28595,28598,28599,28601,28605,28615,28620,28622,28623,28626,28628,28630,28636,
28643,28645,28646,28649,28652,28653,28654,28655,28656,28657,28659,28660,28661,28662,28665,
28666,28667,28668,28669,28670,28671,28674,28677,28678,28680,28688,28689,28692,28693,28694,
28700,28701,28702,28708,28711,28715,28727,28728,28732,28734,28737,28738,28740,28747,28753,
28775,28783,28785,28802,28822,28826,28851,28852,28853,28854,28856,28859,28886,28897,28903,
28905,28906,28907,28908,28911,28912,28915,28916,28917,28918,28919,28920,28921,28922,28924,
28925,28947,28948,28951,28952,28953,28954,28960,28961,29012,29014,29015,29025,29027,29044,
29077,29079,29120,29125,29145,29146,29147,29148,29153,29154,29155,29156,29158,29166,29171,
29174,29188,29189,29193,29194,29197,29199,29200,29202,29203,29217,29218,29222,29245,29247,
29249,29265,29266,29269,29271,29273,29274,29275,29278,29281,29285,29304,29305,29309,29311,
29312,29313,29315,29316,29330,29333,29369,29373,29376,29394,29395,29396,29400,29402,29441,
29455,29456,29457,29458,29461,29468,29470,29472,29473,29474,29475,29493,29494,29497,29498,
29499,29503,29504,29505,29509,29511,29520,29531,29532,29533,29536,29537,29540,29542,29543,
29551,29552,29553,29556,29564,29584,29585,29586,29588,29589,29594,29597,29602,29603,29604,
29606,29607,29608,29622,29623,29626,29627,29629,29630,29634,29644,29648,29649,29676,29677,
29682,29690,29692,29753,29754,29770,29786,29787,29788,29789,29794,29801,29802,29805,29807,
29836,29837,29839,29844,29850,29855,29857,29861,29862,29863,29864,29865,29867,29873,29874,
29875,29879,29880,29881,29882,29883,29884,29885,29888,29889,29890,29892,29901,29905,29915,
29933,29972,30012,30013,30019,30020,30025,30026,30027,30028,30030,30031,30032,30035,30036,
30038,30040,30042,30049,30053,30058,30065,30079,30080,30081,30083,30084,30092,30105,30106,
30108,30112,30113,30124,30172,30173,30174,30175,30177,30178,30180,30181,30182,30183,30184,
30185,30186,30187,30191,30215,30216,30222,30223,30225,30226,30235,30240,30242,30243,30244,
30247,30248,30249,30255,30258,30262,30263,30266,30267,30268,30269,30270,30271,30274,30276,
30281,30282,30284,30288,30289,30290,30291,30294,30295,30302,30303,30306,30327,30328,30332,
30337,30339,30354,30357,30359,30361,30378,30401,30406,30408,30409,30414,30416,30417,30422,
30424,30426,30429,30430,30433,30445,30446,30447,30448,30451,30452,30453,30455,30456,30486,
30487,30488,30489,30491,30492,30513,30517,30518,30532,30577,30578,30579,30582,30583,30584,
30607,30608,30609,30623,30642,30657,30659,30686,30697,30700,30701,30702,30703,30705,30706,
30707,30709,30717,30721,30732,30736,30760,30762,30766,30767,30773,30774,30775,30783,30784,
30785,30787,30803,30807,30808,30809,30810,30821,30823,30827,30828,30846,30851,30852,30854,
30858,30860,30863,30865,30868,30869,30874,30877,30878,30879,30880,30882,30884,30891,30898,
30900,30902,30903,30904,30905,30906,30908,30909,30910,30911,30912,30924,30925,30926,30927,
30928,30929,30931,30932,30934,30948,30955,30963,30969,30970,30973,30985,30986,31004,31005,
31010,31012,31013,31019,31025,31026,31027,31040,31049,31060,31066,31095,31098,31101,31103,
31105,31106,31107,31108,31119,31121,31123,31124,31130,31134,31136,31137,31143,31144,31145,
31148,31149,31150,31151,31157,31159,31161,31175,31176,31179,31181,31191,31193,31196,31203,
31205,31207,31209,31215,31216,31218,31219,31223,31226,31249,31254,31258,31259,31260,31261,
31262,31263,31264,31268,31270,31272,31273,31274,31275,31276,31281,31282,31283,31284,31286,
31287,31289,31344,31356,31357,31358,31359,31360,31398,31401,31403,31405,31414,31415,31427,
31441,31442,31443,31444,31446,31451,31454,31458,31460,31461,31488,31489,31495,31499,31500,
31502,31503,31504,31505,31515,31524,31525,31526,31527,31528,31529,31531,31532,31534,31535,
31542,31560,31565,31569,31571,31572,31573,31575,31585,31587,31621,31628,31635,31643,31645,
31646,31648,31651,31653,31659,31660,31662,31663,31665,31671,31674,31675,31676,31677,31683,
31684,31685,31686,31687,31694,31695,31697,31698,31700,31701,31704,31706,31715,31723,31725,
31726,31727,31728,31729,31732,31733,31735,31737,31739,31740,31743,31745,31746,31749,31752,
31758,31771,31772,31773,31774,31775,31786,31787,31796,31807,31808,31811,31814,31815,31821,
31823,31829,31833,31834,31836,31837,31838,31843,31847,31858,31859,31865,31872,31873,31876,
31881,31884,31890,31896,31898,31899,31906,31907,31913,31919,31920,31921,31923,31924,31939,
31940,31950,31952,31961,31963,31967,31968,31976,31978,31979,31987,31995,31996,31997,31998,
31999,32001,32003,32005,32006,32009,32010,32011,32012,32013,32017,32018,32019,32020,32021,
32022,32025,32030,32032,32034,32035,32043,32044,32046,32047,32048,32049,32050,32051,32054,
32055,32060,32062,32064,32073,32076,32082,32094,32099,32100,32102,32112,32119,32120,32122,
32123,32124,32127,32128,32129,32130,32132,32133,32135,32137,32138,32140,32144,32145,32151,
32152,32154,32161,32163,32164,32171,32172,32179,32184,32185,32188,32190,32191,32197,32199,
32200,32206,32208,32214,32217,32219,32221,32222,32223,32231,32233,32235,32240,32242,32243,
32245,32248,32250,32253,32259,32260,32261,32262,32263,32266,32267,32268,32270,32271,32285,
32293,32305,32309,32310,32318,32322,32323,32324,32326,32327,32328,32329,32330,32331,32333,
32338,32339,32340,32341,32342,32343,32346,32347,32348,32352,32353,32364,32367,32368,32369,
32370,32371,32372,32373,32383,32386,32391,32392,32400,32401,32402,32412,32413,32420,32424,
32429,32432,32434,32438,32441,32444,32445,32446,32454,32457,32458,32459,32460,32465,32466,
32468,32469,32471,32474,32477,32486,32488,32496,32497,32501,32503,32505,32506,32509,32510,
32511,32512,32513,32516,32517,32518,32519,32521,32523,32524,32527,32528,32533,32536,32537,
32543,32545,32550,32559,32562,32568,32575,32576,32583,32584,32585,32586,32588,32596,32597,
32605,32608,32614,32616,32617,32619,32622,32624,32625,32626,32634,32635,32636,32645,32646,
32655,32657,32660,32666,32668,32670,32678,32684,32687,32688,32694,32696,32699,32701,32702,
32703,32704,32706,32709,32710,32711,32714,32720,32721,32722,32727,32731,32732,32734,32736,
32737,32739,32743,32748,32756,32760,32763,32766,32768,32770,32772,32775,32776,32779,32780,
32781,32784,32788,32789,32792,32793,32794,32796,32797,32800,32801,32803,32804,32805,32806,
32807,32809,32812,32813,32814,32815,32816,32819,32823,32824,32825,32827,32829,32833,32834,
32835,32837,32838,32841,32842,32844,32845,32850,32851,32852,32853,32855,32856,32861,32865,
32868,32870,32875,32877,32878,32880,32881,32883,32884,32887,32903,32904,32905,32907,32910,
32920,32949,32954,32955,32956,32962,32964,32965,32968,32970,32971,32972,32983,33002,33004,
33022,33037,33038,33039,33041,33052,33053,33057,33094,33095,33133,33165,33168,33170,33171,
33172,33173,33174,33223,33225,33227,33238,33240,33264,33266,33277,33279,33280,33281,33283,
33300,33305,33320,33321,33322,33324,33328,33332,33333,33349,33350,33358,33360,33372,33385,
33386,33388,33392,33395,33398,33399,33415,33419,33430,33457,33488,33495,33496,33497,33498,
33501,33507,33525,33527,33541,33543,33560,33561,33562,33565,33601,33603,33604,33605,33606,
33632,33634,33667,33692,33714,33718,33719,33722,33724,33789,33791,33792,33799,33805,33806,
33807,33828,33830,33833,33834,33837,33876,33877,33878,33879,33916,34024,34026,34046,34050,
34051,34055,34073,34076,34136,34139,34147,34166,34174,34201,34227,34228,34230,34233,34234,
34235,34238,34337,34340,34341,34524,34549,34585,34694,34696,34903,35051,35054,35056,35057,
35063,35087,35090,35092,35093,35127,35169,35237,35315,35318,35358,35360,35374,35381,35383,
35386,35418,35560,35658,35659,36051,36145,36199,36206,36214,36217,36283,36286,36289,36309,
36317,36393,36480,36489,36501,36542,36560,36582,36587,36588,36589,36594,36595,36596,36599,
36603,36605,36607,36609,36610,36634,36636,36652,36653,36654,36657,36665,36789,36792,36800,
36804,36813,36902,36904,36906,36907,36917,36920,36932,36933,36957,37050,37052,37065,37110,
37227,37228,37391,37396,37399,37435,37482,37483,37533,37661,37666,37770,37861,37862,37892,
37971,37973,37975,38005,38080,38082,38083,38197,38277,38367,38370,38384,38386,38400,38410,
38424,38428,38430,38432,38478,38487,38488,38489,38495,38718,38734,38737,38742,38817,38825,
38826,38827,38828,38829,39066,39262,39495,39504,39506,39507,39554,39557,39558,39561,39616,
39619,39630,39632,39641,39652,39762,39794,39805,39806,39807,39821,39838,39903,39917,39919,
40140,40206,40219,40237,40240,40243,40244,40249,40288,40291,40304,40313,40347,40348,40352,
40399,40404,40499,40505,40506,40513,40520,40734,40749,40750,40861,40862,40871,40959,40970,
40977,40984,41043,41044,41047,41049,41343,41401,41712,41796,41846,41848,41856,41858,42027,
42030,42034,42035,42036,42038,42039,42071,42168,42177,42301,42304,42306,42308,42325,42328,
42344,42345,42349,42351,42390,42462,42463,42514,42516,42522,42529,42531,42534,42572,42576,
42593,42594,42600,42603,42605,42606,42610,42611,42615,42617,42618,42619,42621,42623,42626,
42714,42755,42843,42916,42925,42937,42939,42942,42944,42960,43052,43054,43134,43185,43186,
43198,43199,43347,43389,43395,43455,43470
END_

! ----------------------------------------------------------------
!
! Design Response: Stiffness_Measure
!
DRESP
  ID_NAME = Stiffness_Measure
  LIST = NO_LIST
  DEF_TYPE = SYSTEM
  EL_GROUP = ALL_ELEMENTS
  TYPE = ENERGY_STIFF_MEASURE
  GROUP_OPER = SUM
  LC_SEL = SUM 
  LC_SET = STATIC, ALL, ALL, MAX
END_

! ----------------------------------------------------------------
!
! Design Response: Displacement_Constraint_DResp_1
!
DRESP
  ID_NAME = Displacement_Constraint_DResp_1
  DEF_TYPE = SYSTEM
  TYPE = DISP_ABS
  CS_REF = CS_0 
  GROUP_OPER=MAX 
  ND_GROUP=DisplacementConstraint_NodesGrp_1
  LC_SEL = SUM 
  LC_SET = STATIC, ALL, ALL
END_

! ----------------------------------------------------------------
!
! Design Response: Mass_DResp_1
!
DRESP
  ID_NAME = Mass_DResp_1
  LIST = NO_LIST
  DEF_TYPE = SYSTEM
  EL_GROUP = ALL_ELEMENTS
  TYPE = WEIGHT
  GROUP_OPER = SUM
END_

! ----------------------------------------------------------------
!
!
! Design Area: Task1_DESIGN_AREA
!
DV_TOPO
  ID_NAME = Task1_DESIGN_AREA
  EL_GROUP = ALL_ELEMENTS
END_

! ----------------------------------------------------------------
!
! Objective Function: StiffnessEnergy_Obj_Func
!
OBJ_FUNC
  ID_NAME = StiffnessEnergy_Obj_Func
  DRESP = Stiffness_Measure, 1.0
  TARGET = MIN
END_

! ----------------------------------------------------------------
!
! Constraint: Displacement_Constraint_1
!
CONSTRAINT
  ID_NAME = Displacement_Constraint_1
  DRESP = Displacement_Constraint_DResp_1
  MAGNITUDE = ABS
  LE_VALUE = 2.19907e-05
END_

! ----------------------------------------------------------------
!
! Constraint: Mass_Constraint_2
!
CONSTRAINT
  ID_NAME = Mass_Constraint_2
  DRESP = Mass_DResp_1
  MAGNITUDE = REL
  LE_VALUE = 0.6
END_

! ----------------------------------------------------------------
!
! Geometric Restriction: Frozen_ManufacConstraint_3
!
DVCON_TOPO
  ID_NAME = Frozen_ManufacConstraint_3
  EL_GROUP = FROZEN_AREA_ELEMS_GRP_1
  CHECK_TYPE = FROZEN
END_

! ----------------------------------------------------------------
!
!
! Optimize: OPTIMIZE_1_TOPOLOGY_OPTIMIZATION_CONTROLLER 
!
OPTIMIZE
  ID_NAME = OPTIMIZE_1_TOPOLOGY_OPTIMIZATION_SENSITIVITY
  DV = Task1_DESIGN_AREA
  OBJ_FUNC = StiffnessEnergy_Obj_Func
  DVCON = Frozen_ManufacConstraint_3
  CONSTRAINT = Displacement_Constraint_1
  CONSTRAINT = Mass_Constraint_2
  STRATEGY = TOPO_SENSITIVITY
END_

OPT_PARAM
  ID_NAME = OPTIMIZE_1_TOPOLOGY_OPTIMIZATION_SENSITIVITY_OPT_PARAM_
  OPTIMIZE = OPTIMIZE_1_TOPOLOGY_OPTIMIZATION_SENSITIVITY
  DV_UPDATE_STRATEGY = CSA
  STABILIZATION = YES
  AUTO_FROZEN = BOTH
  AUTO_FROZEN_CON = BOTH
  STOP_CRITERION_LEVEL = BOTH
  STOP_CRITERION_OBJ = 0.001
  STOP_CRITERION_DENSITY = 0.005
END_

STOP
  ID_NAME = Task-1_GLOBAL_STOP_CONDITION_
  ITER_MAX = 75
END_

