Iteration	CPUTime	PhysTime	Travels	Value	AvValue	MinValue	MaxValue	Delta	Criteria	Progress	CriteriaType	CriteriaVarType	CriteriaPercentage
1	15	0	0.00584160591	431.900418	431.900418	431.900418	431.900418	0	0	0	0	0	0	3
2	18	0	0.0116832118	43.6426622	237.77154	43.6426622	431.900418	194.128878	0	0	0	0	0	3
3	21	0	0.0175248177	26.2656442	167.269575	26.2656442	431.900418	264.630843	0	0	0	0	0	3
4	24	0	0.0233664236	31.1016169	133.227585	26.2656442	431.900418	298.672833	0	0	0	0	0	3
5	26	0	0.0292080296	25.4415575	111.67038	25.4415575	431.900418	320.230038	0	0	0	0	0	3
6	28	0	0.0350496355	28.4294895	97.796898	25.4415575	431.900418	334.10352	0	0	0	0	0	3
7	30	0	0.0408912414	25.6835757	87.4949948	25.4415575	431.900418	344.405423	0	0	0	0	0	3
8	33	0	0.0467328473	30.9450013	80.4262457	25.4415575	431.900418	351.474172	0	0	0	0	0	3
9	35	0	0.0525744532	26.2158587	74.4028693	25.4415575	431.900418	357.497549	0	0	0	0	0	3
10	37	0	0.0584160591	29.0861945	69.8712019	25.4415575	431.900418	362.029216	0	0	0	0	0	3
11	39	0	0.064257665	24.9543322	65.7878501	24.9543322	431.900418	366.112568	0	0	0	0	0	3
12	41	0	0.0700992709	25.2932479	62.4132999	24.9543322	431.900418	369.487118	0	0	0	0	0	3
13	44	0	0.0759408768	24.9315291	59.5300867	24.9315291	431.900418	372.370331	0	0	0	0	0	3
14	46	0	0.0817824828	24.2313391	57.0087476	24.2313391	431.900418	374.89167	0	0	0	0	0	3
15	48	0	0.0876240887	24.4381397	54.8373738	24.2313391	431.900418	377.063044	0	0	0	0	0	3
16	50	0	0.0934656946	23.2538789	52.8634053	23.2538789	431.900418	379.037013	0	0	0	0	0	3
17	52	0	0.0993073005	24.0321157	51.1674471	23.2538789	431.900418	380.732971	0	0	0	0	0	3
18	54	0	0.105148906	23.9318651	49.6543592	23.2538789	431.900418	382.246059	0	0	0	0	0	3
19	57	0	0.110990512	22.8186481	48.2419534	22.8186481	431.900418	383.658465	0	0	0	0	0	3
20	59	0	0.116832118	24.5605309	47.0578823	22.8186481	431.900418	384.842536	0	0	0	0	0	3
21	61	0	0.122673724	22.7039117	45.8981694	22.7039117	431.900418	386.002249	0	0	0	0	0	3
22	63	0	0.12851533	24.949143	44.9459409	22.7039117	431.900418	386.954477	0	0	0	0	0	3
23	66	0	0.134356936	22.9502417	43.9896062	22.7039117	431.900418	387.910812	0	0	0	0	0	3
24	68	0	0.140198542	24.7472807	43.1878426	22.7039117	431.900418	388.712575	0	0	0	0	0	3
25	70	0	0.146040148	23.2644202	42.3909057	22.7039117	431.900418	389.509512	0	0	0	0	0	3
26	72	0	0.151881754	23.9783475	41.6827304	22.7039117	431.900418	390.217688	0	0	0	0	0	3
27	75	0	0.15772336	23.3866634	41.0050983	22.7039117	431.900418	390.89532	0	0	0	0	0	3
28	77	0	0.163564966	23.9545536	40.3961502	22.7039117	431.900418	391.504268	0	0	0	0	0	3
29	79	0	0.169406571	23.6228255	39.8177597	22.7039117	431.900418	392.082658	0	0	0	0	0	3
30	82	0	0.175248177	22.6109683	39.2442	22.6109683	431.900418	392.656218	0	0	0	0	0	3
31	84	0	0.181089783	22.799487	38.7137254	22.6109683	431.900418	393.186693	0	0	0	0	0	3
32	86	0	0.186931389	22.1830835	38.1971428	22.1830835	431.900418	393.703275	0	0	0	0	0	3
33	89	0	0.192772995	22.1727881	37.7115563	22.1727881	431.900418	394.188862	0	0	0	0	0	3
34	91	0	0.198614601	22.0356876	37.2505014	22.0356876	431.900418	394.649917	0	0	0	0	0	3
35	94	0	0.204456207	22.0272215	36.8155505	22.0272215	431.900418	395.084867	0	0	0	0	0	3
36	96	0	0.210297813	22.3097366	36.4126113	22.0272215	431.900418	395.487807	0	0	0	0	0	3
37	99	0	0.216139419	20.9656369	35.9951255	20.9656369	431.900418	395.905292	0	0	0	0	0	3
38	101	0	0.221981025	21.5451654	35.6148634	20.9656369	431.900418	396.285555	0	0	0	0	0	3
39	104	0	0.227822631	21.012955	35.2404554	20.9656369	431.900418	396.659962	0	0	0	0	0	3
40	106	0	0.233664236	21.796515	34.9043569	20.9656369	431.900418	396.996061	0	0	0	0	0	3
41	109	0	0.239505842	21.5159462	34.5778103	20.9656369	431.900418	397.322608	0	0	0	0	0	3
42	111	0	0.245347448	21.26777	34.2609046	20.9656369	431.900418	397.639513	0	0	0	0	0	3
43	113	0	0.251189054	20.924239	33.9507496	20.924239	431.900418	397.949668	0	0	0	0	0	3
44	116	0	0.25703066	21.099829	33.6586832	20.924239	431.900418	398.241735	0	0	0	0	0	3
45	118	0	0.262872266	21.2370428	33.3826468	20.924239	431.900418	398.517771	0	0	0	0	0	3
46	121	0	0.268713872	21.4109537	33.1223926	20.924239	431.900418	398.778025	0	0	0	0	0	3
47	123	0	0.274555478	21.3332761	32.8715603	20.924239	431.900418	399.028858	0	0	0	0	0	3
48	126	0	0.280397084	21.1329466	32.6270058	20.924239	431.900418	399.273412	0	0	0	0	0	3
49	128	0	0.28623869	21.221839	32.3942473	20.924239	431.900418	399.506171	0	0	0	0	0	3
50	130	0	0.292080296	21.369475	32.1737519	20.924239	431.900418	399.726666	0	0	0	0	0	3
51	133	0	0.297921901	21.1109089	31.9568334	20.924239	431.900418	399.943585	0	0	0	0	0	3
52	135	0	0.303763507	20.657223	31.7395332	20.657223	431.900418	400.160885	0	0	0	0	0	3
53	138	0	0.309605113	21.2194278	31.5410406	20.657223	431.900418	400.359377	0	0	0	0	0	3
54	140	0	0.315446719	21.061224	31.34697	20.657223	431.900418	400.553448	0	0	0	0	0	3
55	142	0	0.321288325	21.207317	31.1626126	20.657223	431.900418	400.737805	0	0	0	0	0	3
56	145	0	0.327129931	20.7445415	30.9765757	20.657223	431.900418	400.923842	0	0	0	0	0	3
57	147	0	0.332971537	20.9894517	30.801363	20.657223	431.900418	401.099055	0	0	0	0	0	3
58	150	0	0.338813143	20.8442612	30.6296888	20.657223	431.900418	401.270729	0	0	0	0	0	3
59	152	0	0.344654749	21.1984333	30.469837	20.657223	431.900418	401.430581	0	0	0	0	0	3
60	154	0	0.350496355	20.5820957	30.3050413	20.5820957	431.900418	401.595377	0	0	0	0	0	3
61	157	0	0.356337961	20.8195175	30.1495409	20.5820957	431.900418	401.750877	0	0	0	0	0	3
62	159	0	0.362179566	20.4327962	29.9928192	20.4327962	431.900418	401.907599	0	0	0	0	0	3
63	161	0	0.368021172	20.4905384	29.8419894	20.4327962	431.900418	402.058429	0	0	0	0	0	3
64	163	0	0.373862778	20.5154184	29.6962617	20.4327962	431.900418	402.204156	0	0	0	0	0	3
65	165	0	0.379704384	20.3959625	29.5531802	20.3959625	431.900418	402.347238	0	0	0	0	0	3
66	168	0	0.38554599	20.4002529	29.4144995	20.3959625	431.900418	402.485918	0	0	0	0	0	3
67	170	0	0.391387596	20.3190769	29.2787469	20.3190769	431.900418	402.621671	0	0	0	0	0	3
68	172	0	0.397229202	20.5888623	29.1509545	20.3190769	431.900418	402.749463	0	0	0	0	0	3
69	174	0	0.403070808	20.4674311	29.0251063	20.3190769	431.900418	402.875312	0	0	0	0	0	3
70	177	0	0.408912414	20.4456901	28.9025432	20.3190769	431.900418	402.997875	0	0	0	0	0	3
71	179	0	0.41475402	20.4456314	28.7834318	20.3190769	431.900418	403.116986	0	0	0	0	0	3
72	182	0	0.420595626	20.5287992	28.6687841	20.3190769	431.900418	403.231634	0	0	0	0	0	3
73	184	0	0.426437232	20.1676788	28.5523306	20.1676788	431.900418	403.348087	0	0	0	0	0	3
74	187	0	0.432278837	20.3189503	28.4410687	20.1676788	431.900418	403.459349	0	0	0	0	0	3
75	189	0	0.438120443	20.233519	28.3316347	20.1676788	431.900418	403.568783	0	0	0	0	0	3
76	192	0	0.443962049	20.0213783	28.2222892	20.0213783	431.900418	403.678129	0	0	0	0	0	3
77	194	0	0.449803655	20.0802245	28.1165481	20.0213783	431.900418	403.78387	0	0	0	0	0	3
78	196	0	0.455645261	20.4445573	28.0181893	20.0213783	431.900418	403.882229	0	0	0	0	0	3
79	199	0	0.461486867	20.0590694	27.9174409	20.0213783	431.900418	403.982977	0	0	0	0	0	3
80	201	0	0.467328473	20.1869975	27.8208104	20.0213783	431.900418	404.079608	0	0	0	0	0	3
81	203	0	0.473170079	20.0651276	27.7250612	20.0213783	431.900418	404.175357	0	0	0	0	0	3
82	206	0	0.479011685	20.2621859	27.6340505	20.0213783	431.900418	404.266367	0	0	0	0	0	3
83	208	0	0.484853291	20.0297787	27.5424328	20.0213783	431.900418	404.357985	0	0	0	0	0	3
84	210	0	0.490694897	20.3099539	27.4563319	20.0213783	431.900418	404.444086	0	0	0	0	0	3
85	213	0	0.496536502	20.1483698	27.3703558	20.0213783	431.900418	404.530062	0	0	0	0	0	3
86	215	0	0.502378108	20.1455929	27.286347	20.0213783	431.900418	404.614071	0	0	0	0	0	3
87	218	0	0.508219714	20.0646161	22.4975586	20.0213783	43.6426622	23.6212839	0	0	0	0	0	3
88	220	0	0.51406132	19.9775952	22.2223834	19.9775952	31.1016169	11.1240217	0	0	0	0	0	3
89	223	0	0.519902926	20.035428	22.149939	19.9775952	31.1016169	11.1240217	0	0	0	0	0	3
90	225	0	0.525744532	20.2368377	22.0236044	19.9775952	30.9450013	10.9674061	0	0	0	0	0	3
91	228	0	0.531586138	20.173427	21.962347	19.9775952	30.9450013	10.9674061	0	0	0	0	0	3
92	230	0	0.537427744	20.2292536	21.8669955	19.9775952	30.9450013	10.9674061	0	0	0	0	0	3
93	233	0	0.54326935	20.0517922	21.8015096	19.9775952	30.9450013	10.9674061	0	0	0	0	0	3
94	235	0	0.549110956	20.2253092	21.676862	19.9775952	29.0861945	9.10859933	0	0	0	0	0	3
95	238	0	0.554952562	20.226957	21.6072236	19.9775952	29.0861945	9.10859933	0	0	0	0	0	3
96	241	0	0.560794167	20.3781449	21.5059672	19.9775952	25.2932479	5.31565274	0	0	0	0	0	3
97	243	0	0.566635773	20.0151152	21.4485345	19.9775952	25.2932479	5.31565274	0	0	0	0	0	3
98	246	0	0.572477379	19.9326632	21.3862021	19.9326632	24.949143	5.0164798	0	0	0	0	0	3
99	248	0	0.578318985	20.00755	21.3289465	19.9326632	24.949143	5.0164798	0	0	0	0	0	3
100	251	0	0.584160591	20.1283526	21.2812374	19.9326632	24.949143	5.0164798	0	0	0	0	0	3
101	258	0	0.590002197	20.2737703	21.2328145	19.9326632	24.949143	5.0164798	0	0	0	0	0	3
102	260	0	0.595843803	20.3855485	21.1994618	19.9326632	24.949143	5.0164798	0	0	0	0	0	3
103	263	0	0.601685409	19.8303178	21.1506037	19.8303178	24.949143	5.11882522	0	0	0	0	0	3
104	265	0	0.607527015	20.0097067	21.1049972	19.8303178	24.949143	5.11882522	0	0	0	0	0	3
105	267	0	0.613368621	19.9326272	21.0714388	19.8303178	24.949143	5.11882522	0	0	0	0	0	3
106	270	0	0.619210227	20.1365044	21.0199966	19.8303178	24.949143	5.11882522	0	0	0	0	0	3
107	272	0	0.625051832	20.0218765	20.9888102	19.8303178	24.949143	5.11882522	0	0	0	0	0	3
108	275	0	0.630893438	19.5465452	20.9259893	19.5465452	24.7472807	5.20073553	0	0	0	0	0	3
109	277	0	0.636735044	19.8736469	20.8902149	19.5465452	24.7472807	5.20073553	0	0	0	0	0	3
110	279	0	0.64257665	19.8177785	20.8328951	19.5465452	23.9783475	4.43180234	0	0	0	0	0	3
111	282	0	0.648418256	19.9081826	20.7938691	19.5465452	23.9783475	4.43180234	0	0	0	0	0	3
112	284	0	0.654259862	19.9832516	20.7474145	19.5465452	23.9545536	4.40800842	0	0	0	0	0	3
113	286	0	0.660101468	19.5824059	20.703179	19.5465452	23.9545536	4.40800842	0	0	0	0	0	3
114	289	0	0.665943074	19.7720056	20.6545447	19.5465452	23.6228255	4.07628036	0	0	0	0	0	3
115	291	0	0.67178468	20.0192315	20.6126424	19.5465452	22.799487	3.25294186	0	0	0	0	0	3
116	293	0	0.677626286	20.0392763	20.582739	19.5465452	22.799487	3.25294186	0	0	0	0	0	3
117	296	0	0.683467892	19.9261849	20.5493285	19.5465452	22.3097366	2.76319148	0	0	0	0	0	3
118	298	0	0.689309497	20.1299175	20.5254545	19.5465452	22.3097366	2.76319148	0	0	0	0	0	3
119	300	0	0.695151103	20.2134566	20.5026716	19.5465452	22.3097366	2.76319148	0	0	0	0	0	3
120	303	0	0.700992709	20.2222185	20.4815847	19.5465452	22.3097366	2.76319148	0	0	0	0	0	3
121	305	0	0.706834315	19.9624554	20.4575758	19.5465452	22.3097366	2.76319148	0	0	0	0	0	3
122	308	0	0.712675921	20.1072643	20.4319657	19.5465452	21.796515	2.2499698	0	0	0	0	0	3
123	310	0	0.718517527	19.9867795	20.4205836	19.5465452	21.796515	2.2499698	0	0	0	0	0	3
124	312	0	0.724359133	19.9380001	20.4018957	19.5465452	21.796515	2.2499698	0	0	0	0	0	3
125	315	0	0.730200739	19.994542	20.3900536	19.5465452	21.796515	2.2499698	0	0	0	0	0	3
126	317	0	0.736042345	20.0145662	20.3693333	19.5465452	21.5159462	1.96940108	0	0	0	0	0	3
127	320	0	0.741883951	19.5160596	20.3460788	19.5160596	21.4109537	1.89489413	0	0	0	0	0	3
128	322	0	0.747725557	19.759921	20.3285457	19.5160596	21.4109537	1.89489413	0	0	0	0	0	3
129	324	0	0.753567163	19.9456284	20.3171665	19.5160596	21.4109537	1.89489413	0	0	0	0	0	3
130	327	0	0.759408768	20.266961	20.307482	19.5160596	21.4109537	1.89489413	0	0	0	0	0	3
131	329	0	0.765250374	20.0438334	20.2936075	19.5160596	21.4109537	1.89489413	0	0	0	0	0	3
132	332	0	0.77109198	20.0611879	20.2779125	19.5160596	21.369475	1.85341539	0	0	0	0	0	3
133	334	0	0.776933586	20.0627059	20.2631384	19.5160596	21.369475	1.85341539	0	0	0	0	0	3
134	337	0	0.782775192	20.5345366	20.2561802	19.5160596	21.369475	1.85341539	0	0	0	0	0	3
135	339	0	0.788616798	19.2642607	20.2334176	19.2642607	21.369475	2.10521434	0	0	0	0	0	3
136	342	0	0.794458404	19.3761216	20.2102391	19.2642607	21.2194278	1.95516713	0	0	0	0	0	3
137	344	0	0.80030001	19.6933724	20.1937561	19.2642607	21.2194278	1.95516713	0	0	0	0	0	3
138	347	0	0.806141616	20.2955765	20.1895509	19.2642607	21.2194278	1.95516713	0	0	0	0	0	3
139	349	0	0.811983222	20.3466612	20.1794025	19.2642607	21.207317	1.94305636	0	0	0	0	0	3
