Iteration	CPUTime	PhysTime	Travels	Value	AvValue	MinValue	MaxValue	Delta	Criteria	Progress	CriteriaType	CriteriaVarType	CriteriaPercentage
1	15	0	0.0057370669	6.25966299e-06	6.25966299e-06	6.25966299e-06	6.25966299e-06	0	0	0	0	0	0	3
2	19	0	0.0114741338	1.49719006e-05	1.06157818e-05	6.25966299e-06	1.49719006e-05	4.35611879e-06	0	0	0	0	0	3
3	22	0	0.0172112007	1.12279574e-05	1.08198403e-05	6.25966299e-06	1.49719006e-05	4.56017733e-06	0	0	0	0	0	3
4	24	0	0.0229482676	1.24016684e-05	1.12152973e-05	6.25966299e-06	1.49719006e-05	4.95563434e-06	0	0	0	0	0	3
5	27	0	0.0286853345	1.10953549e-05	1.11913088e-05	6.25966299e-06	1.49719006e-05	4.95563434e-06	0	0	0	0	0	3
6	29	0	0.0344224014	1.24355941e-05	1.13986897e-05	6.25966299e-06	1.49719006e-05	5.13902673e-06	0	0	0	0	0	3
7	31	0	0.0401594683	1.28742217e-05	1.160948e-05	6.25966299e-06	1.49719006e-05	5.34981701e-06	0	0	0	0	0	3
8	33	0	0.0458965352	1.48428977e-05	1.20136572e-05	6.25966299e-06	1.49719006e-05	5.75399423e-06	0	0	0	0	0	3
9	35	0	0.0516336021	1.68329946e-05	1.25491392e-05	6.25966299e-06	1.68329946e-05	6.28947616e-06	0	0	0	0	0	3
10	37	0	0.057370669	1.97692676e-05	1.3271152e-05	6.25966299e-06	1.97692676e-05	7.011489e-06	0	0	0	0	0	3
11	40	0	0.0631077359	2.48072712e-05	1.43198901e-05	6.25966299e-06	2.48072712e-05	8.06022711e-06	0	0	0	0	0	3
12	42	0	0.0688448028	3.01901539e-05	1.56424121e-05	6.25966299e-06	3.01901539e-05	9.38274909e-06	0	0	0	0	0	3
13	44	0	0.0745818697	3.5579e-05	1.71759958e-05	6.25966299e-06	3.5579e-05	1.09163328e-05	0	0	0	0	0	3
14	46	0	0.0803189366	4.17210555e-05	1.89292143e-05	6.25966299e-06	4.17210555e-05	1.26695513e-05	0	0	0	0	0	3
15	48	0	0.0860560035	4.71700485e-05	2.08119366e-05	6.25966299e-06	4.71700485e-05	1.45522736e-05	0	0	0	0	0	3
16	50	0	0.0917930704	5.62071122e-05	2.30241351e-05	6.25966299e-06	5.62071122e-05	1.67644721e-05	0	0	0	0	0	3
17	53	0	0.0975301373	6.55900524e-05	2.55280126e-05	6.25966299e-06	6.55900524e-05	1.92683496e-05	0	0	0	0	0	3
18	55	0	0.103267204	7.39256459e-05	2.821677e-05	6.25966299e-06	7.39256459e-05	2.1957107e-05	0	0	0	0	0	3
19	57	0	0.109004271	8.28543078e-05	3.10924299e-05	6.25966299e-06	8.28543078e-05	2.48327669e-05	0	0	0	0	0	3
20	59	0	0.114741338	9.13276706e-05	3.41041919e-05	6.25966299e-06	9.13276706e-05	2.78445289e-05	0	0	0	0	0	3
21	61	0	0.120478405	0.000101129181	3.72958581e-05	6.25966299e-06	0.000101129181	3.10361951e-05	0	0	0	0	0	3
22	64	0	0.126215472	0.000109460587	4.0576073e-05	6.25966299e-06	0.000109460587	3.431641e-05	0	0	0	0	0	3
23	66	0	0.131952539	0.000117237034	4.39091583e-05	6.25966299e-06	0.000117237034	3.76494953e-05	0	0	0	0	0	3
24	68	0	0.137689606	0.000122544236	4.71856199e-05	6.25966299e-06	0.000122544236	4.09259569e-05	0	0	0	0	0	3
25	70	0	0.143426672	0.000127103257	5.03823253e-05	6.25966299e-06	0.000127103257	4.41226623e-05	0	0	0	0	0	3
26	73	0	0.149163739	0.000138799537	5.37829873e-05	6.25966299e-06	0.000138799537	4.75233243e-05	0	0	0	0	0	3
27	75	0	0.154900806	0.000153193227	5.7464848e-05	6.25966299e-06	0.000153193227	5.1205185e-05	0	0	0	0	0	3
28	77	0	0.160637873	0.000168648881	6.14357063e-05	6.25966299e-06	0.000168648881	5.51760434e-05	0	0	0	0	0	3
29	79	0	0.16637494	0.000187255369	6.57743154e-05	6.25966299e-06	0.000187255369	5.95146524e-05	0	0	0	0	0	3
30	82	0	0.172112007	0.000206874856	7.04776668e-05	6.25966299e-06	0.000206874856	6.42180038e-05	0	0	0	0	0	3
31	84	0	0.177849074	0.000230228167	7.56309087e-05	6.25966299e-06	0.000230228167	6.93712457e-05	0	0	0	0	0	3
32	86	0	0.183586141	0.00024491169	8.09209331e-05	6.25966299e-06	0.00024491169	7.46612701e-05	0	0	0	0	0	3
33	89	0	0.189323208	0.000253926568	8.61635281e-05	6.25966299e-06	0.000253926568	7.99038651e-05	0	0	0	0	0	3
34	91	0	0.195060275	0.000254226221	9.11065485e-05	6.25966299e-06	0.000254226221	8.48468855e-05	0	0	0	0	0	3
35	93	0	0.200797341	0.000248041228	9.55903965e-05	6.25966299e-06	0.000254226221	8.93307335e-05	0	0	0	0	0	3
36	96	0	0.206534408	0.000234630262	9.9452615e-05	6.25966299e-06	0.000254226221	9.3192952e-05	0	0	0	0	0	3
37	98	0	0.212271475	0.000213383429	0.000102531826	6.25966299e-06	0.000254226221	9.62721632e-05	0	0	0	0	0	3
38	100	0	0.218008542	0.000186419514	0.000104739397	6.25966299e-06	0.000254226221	9.8479734e-05	0	0	0	0	0	3
39	103	0	0.223745609	0.000150991385	0.000105925345	6.25966299e-06	0.000254226221	9.96656824e-05	0	0	0	0	0	3
40	105	0	0.229482676	0.000112889087	0.000106099439	6.25966299e-06	0.000254226221	9.98397759e-05	0	0	0	0	0	3
41	108	0	0.235219743	5.52690023e-05	0.000104859672	6.25966299e-06	0.000254226221	9.98397759e-05	0	0	0	0	0	3
42	110	0	0.24095681	2.63863824e-06	0.000102425838	2.63863824e-06	0.000254226221	9.98397759e-05	0	0	0	0	0	3
43	112	0	0.246693877	-4.0411158e-05	9.91040474e-05	-4.0411158e-05	0.000254226221	9.98397759e-05	0	0	0	0	0	3
44	115	0	0.252430944	-7.0781245e-05	9.5243018e-05	-7.0781245e-05	0.000254226221	9.98397759e-05	0	0	0	0	0	3
45	118	0	0.25816801	-8.74740379e-05	9.1182639e-05	-8.74740379e-05	0.000254226221	9.98397759e-05	0	0	0	0	0	3
46	120	0	0.263905077	-9.14857278e-05	8.72115876e-05	-9.14857278e-05	0.000254226221	9.98397759e-05	0	0	0	0	0	3
47	123	0	0.269642144	-8.32609084e-05	8.35845132e-05	-9.14857278e-05	0.000254226221	9.98397759e-05	0	0	0	0	0	3
48	126	0	0.275379211	-6.65460772e-05	8.04567925e-05	-9.14857278e-05	0.000254226221	9.98397759e-05	0	0	0	0	0	3
49	128	0	0.281116278	-4.51339509e-05	7.78937161e-05	-9.14857278e-05	0.000254226221	9.98397759e-05	0	0	0	0	0	3
50	130	0	0.286853345	-2.24186613e-05	7.58874686e-05	-9.14857278e-05	0.000254226221	9.98397759e-05	0	0	0	0	0	3
51	133	0	0.292590412	5.88359778e-07	7.44110155e-05	-9.14857278e-05	0.000254226221	9.98397759e-05	0	0	0	0	0	3
52	135	0	0.298327479	2.12416589e-05	7.33885279e-05	-9.14857278e-05	0.000254226221	9.98397759e-05	0	0	0	0	0	3
53	137	0	0.304064546	4.24073453e-05	7.28039772e-05	-9.14857278e-05	0.000254226221	9.98397759e-05	0	0	0	0	0	3
54	139	0	0.309801613	6.12804342e-05	7.25905783e-05	-9.14857278e-05	0.000254226221	9.98397759e-05	0	0	0	0	0	3
55	142	0	0.315538679	7.88660297e-05	7.27046774e-05	-9.14857278e-05	0.000254226221	9.98397759e-05	0	0	0	0	0	3
56	144	0	0.321275746	9.48486292e-05	7.31001051e-05	-9.14857278e-05	0.000254226221	9.98397759e-05	0	0	0	0	0	3
57	146	0	0.327012813	0.000111098084	7.37667363e-05	-9.14857278e-05	0.000254226221	9.98397759e-05	0	0	0	0	0	3
58	149	0	0.33274988	0.000125744187	7.46628993e-05	-9.14857278e-05	0.000254226221	9.98397759e-05	0	0	0	0	0	3
59	151	0	0.338486947	0.000142071456	7.58054172e-05	-9.14857278e-05	0.000254226221	9.98397759e-05	0	0	0	0	0	3
60	153	0	0.344224014	0.000155365431	7.71314174e-05	-9.14857278e-05	0.000254226221	9.98397759e-05	0	0	0	0	0	3
61	155	0	0.349961081	0.000169487858	7.86454574e-05	-9.14857278e-05	0.000254226221	9.98397759e-05	0	0	0	0	0	3
62	158	0	0.355698148	0.000180611885	8.02900772e-05	-9.14857278e-05	0.000254226221	9.98397759e-05	0	0	0	0	0	3
63	160	0	0.361435215	0.000190340275	8.20369058e-05	-9.14857278e-05	0.000254226221	9.98397759e-05	0	0	0	0	0	3
64	162	0	0.367172282	0.000197366573	8.38389318e-05	-9.14857278e-05	0.000254226221	9.98397759e-05	0	0	0	0	0	3
65	165	0	0.372909348	0.00020401054	8.56877258e-05	-9.14857278e-05	0.000254226221	9.98397759e-05	0	0	0	0	0	3
66	167	0	0.378646415	0.000208928477	8.75550099e-05	-9.14857278e-05	0.000254226221	9.98397759e-05	0	0	0	0	0	3
67	169	0	0.384383482	0.000215648782	8.94668572e-05	-9.14857278e-05	0.000254226221	9.98397759e-05	0	0	0	0	0	3
68	172	0	0.390120549	0.000222976337	9.14302319e-05	-9.14857278e-05	0.000254226221	9.98397759e-05	0	0	0	0	0	3
69	174	0	0.395857616	0.000231102995	9.34544749e-05	-9.14857278e-05	0.000254226221	9.98397759e-05	0	0	0	0	0	3
70	176	0	0.401594683	0.000239971792	9.55475794e-05	-9.14857278e-05	0.000254226221	9.98397759e-05	0	0	0	0	0	3
71	178	0	0.40733175	0.000251213438	9.77400563e-05	-9.14857278e-05	0.000254226221	9.98397759e-05	0	0	0	0	0	3
72	181	0	0.413068817	0.000261301197	0.000100011739	-9.14857278e-05	0.000261301197	9.98397759e-05	0	0	0	0	0	3
73	183	0	0.418805884	0.000271380926	0.000102359262	-9.14857278e-05	0.000271380926	9.98397759e-05	0	0	0	0	0	3
74	185	0	0.424542951	0.000280676045	0.000104768948	-9.14857278e-05	0.000280676045	9.98397759e-05	0	0	0	0	0	3
75	188	0	0.430280017	0.000290944772	0.000107251293	-9.14857278e-05	0.000290944772	0.00010099163	0	0	0	0	0	3
76	190	0	0.436017084	0.000293492587	0.000109701836	-9.14857278e-05	0.000293492587	0.000103442173	0	0	0	0	0	3
77	192	0	0.441754151	0.000293786662	0.000112092548	-9.14857278e-05	0.000293786662	0.000105832885	0	0	0	0	0	3
78	194	0	0.447491218	0.000288918582	0.000114359548	-9.14857278e-05	0.000293786662	0.000108099885	0	0	0	0	0	3
79	197	0	0.453228285	0.000281519365	0.000116475495	-9.14857278e-05	0.000293786662	0.000110215832	0	0	0	0	0	3
80	199	0	0.458965352	0.000270325675	0.000118398623	-9.14857278e-05	0.000293786662	0.00011213896	0	0	0	0	0	3
81	201	0	0.464702419	0.000259994853	0.000120146724	-9.14857278e-05	0.000293786662	0.000113887061	0	0	0	0	0	3
82	204	0	0.470439486	0.000248418414	0.000121711013	-9.14857278e-05	0.000293786662	0.00011545135	0	0	0	0	0	3
83	206	0	0.476176553	0.000238026241	0.000123112401	-9.14857278e-05	0.000293786662	0.000116852738	0	0	0	0	0	3
84	209	0	0.48191362	0.000228856804	0.000124371263	-9.14857278e-05	0.000293786662	0.0001181116	0	0	0	0	0	3
85	211	0	0.487650686	0.000223214571	0.000125534126	-9.14857278e-05	0.000293786662	0.000119274463	0	0	0	0	0	3
86	214	0	0.493387753	0.000219162784	0.000126622831	-9.14857278e-05	0.000293786662	0.000120363168	0	0	0	0	0	3
87	216	0	0.49912482	0.000219265764	0.000127687692	-9.14857278e-05	0.000293786662	0.000121428029	0	0	0	0	0	3
88	219	0	0.504861887	0.000221453199	0.00012875321	-9.14857278e-05	0.000293786662	0.000122493547	0	0	0	0	0	3
89	222	0	0.510598954	0.000227432117	0.000131266533	-9.14857278e-05	0.000293786662	0.000120650751	0	0	0	0	0	3
90	224	0	0.516336021	0.000231323944	0.000133725079	-9.14857278e-05	0.000293786662	0.000122905238	0	0	0	0	0	3
91	227	0	0.522073088	0.000238929913	0.000136312601	-9.14857278e-05	0.000293786662	0.000125121292	0	0	0	0	0	3
92	230	0	0.527810155	0.000247320721	0.000138982136	-9.14857278e-05	0.000293786662	0.000127790827	0	0	0	0	0	3
93	232	0	0.533547222	0.000258200562	0.000141790149	-9.14857278e-05	0.000293786662	0.00013039146	0	0	0	0	0	3
94	235	0	0.539284289	0.000270312872	0.000144720573	-9.14857278e-05	0.000293786662	0.000133111093	0	0	0	0	0	3
95	238	0	0.545021355	0.000285321078	0.00014781656	-9.14857278e-05	0.000293786662	0.000135802903	0	0	0	0	0	3
96	240	0	0.550758422	0.000302470424	0.000151085055	-9.14857278e-05	0.000302470424	0.000138535915	0	0	0	0	0	3
97	243	0	0.556495489	0.000321610933	0.00015454844	-9.14857278e-05	0.000321610933	0.000141277288	0	0	0	0	0	3
98	245	0	0.562232556	0.000342577201	0.000158216712	-9.14857278e-05	0.000342577201	0.000143896822	0	0	0	0	0	3
99	248	0	0.567969623	0.000368225298	0.00016211919	-9.14857278e-05	0.000368225298	0.000146476778	0	0	0	0	0	3
100	250	0	0.57370669	0.000394587528	0.000166260069	-9.14857278e-05	0.000394587528	0.000149084073	0	0	0	0	0	3
101	257	0	0.579443757	0.000423504613	0.000170668315	-9.14857278e-05	0.000423504613	0.0001517391	0	0	0	0	0	3
102	260	0	0.585180824	0.000452773868	0.000175339369	-9.14857278e-05	0.000452773868	0.000154527433	0	0	0	0	0	3
103	262	0	0.590917891	0.000481626661	0.000180276376	-9.14857278e-05	0.000481626661	0.000157252241	0	0	0	0	0	3
104	265	0	0.596654958	0.000509063919	0.000185422476	-9.14857278e-05	0.000509063919	0.000159894464	0	0	0	0	0	3
105	267	0	0.602392024	0.000536801798	0.000190777155	-9.14857278e-05	0.000536801798	0.000162560385	0	0	0	0	0	3
106	270	0	0.608129091	0.000560862913	0.000196310533	-9.14857278e-05	0.000560862913	0.000165218104	0	0	0	0	0	3
107	273	0	0.613866158	0.000584872758	0.000202015289	-9.14857278e-05	0.000584872758	0.000167911097	0	0	0	0	0	3
108	275	0	0.619603225	0.000608832548	0.000207896026	-9.14857278e-05	0.000608832548	0.000170600168	0	0	0	0	0	3
109	278	0	0.625340292	0.000633479747	0.000213945464	-9.14857278e-05	0.000633479747	0.000173369391	0	0	0	0	0	3
110	280	0	0.631077359	0.000654901042	0.000220143651	-9.14857278e-05	0.000654901042	0.000176234493	0	0	0	0	0	3
111	283	0	0.636814426	0.000672307525	0.00022645127	-9.14857278e-05	0.000672307525	0.00017926565	0	0	0	0	0	3
112	285	0	0.642551493	0.000685294511	0.00023284616	-9.14857278e-05	0.000685294511	0.000182463834	0	0	0	0	0	3
113	288	0	0.64828856	0.00069391098	0.000239287157	-9.14857278e-05	0.00069391098	0.000185504169	0	0	0	0	0	3
114	291	0	0.654025627	0.000698280014	0.000245644889	-9.14857278e-05	0.000698280014	0.000188180041	0	0	0	0	0	3
115	294	0	0.659762693	0.000699100508	0.000251848381	-9.14857278e-05	0.000699100508	0.000190412675	0	0	0	0	0	3
116	296	0	0.66549976	0.00069547678	0.000257835062	-9.14857278e-05	0.000699100508	0.000192060746	0	0	0	0	0	3
117	299	0	0.671236827	0.000684778792	0.000263488737	-9.14857278e-05	0.000699100508	0.00019301107	0	0	0	0	0	3
118	301	0	0.676973894	0.000667848154	0.00026872707	-9.14857278e-05	0.000699100508	0.000196136492	0	0	0	0	0	3
119	304	0	0.682710961	0.000645753093	0.000273448944	-9.14857278e-05	0.000699100508	0.000200858366	0	0	0	0	0	3
120	307	0	0.688448028	0.000619963581	0.000277710897	-9.14857278e-05	0.000699100508	0.000205120319	0	0	0	0	0	3
121	309	0	0.694185095	0.000588772999	0.00028151597	-9.14857278e-05	0.000699100508	0.000208925392	0	0	0	0	0	3
122	312	0	0.699922162	0.000554036196	0.000284922902	-9.14857278e-05	0.000699100508	0.000212332324	0	0	0	0	0	3
123	315	0	0.705659229	0.000518206665	0.000287992964	-9.14857278e-05	0.000699100508	0.000215402386	0	0	0	0	0	3
124	317	0	0.711396296	0.00048153491	0.000290798698	-9.14857278e-05	0.000699100508	0.00021820812	0	0	0	0	0	3
125	319	0	0.717133362	0.000445747541	0.0002934392	-9.14857278e-05	0.000699100508	0.000220848621	0	0	0	0	0	3
126	322	0	0.722870429	0.00041538812	0.000296041116	-9.14857278e-05	0.000699100508	0.000223450537	0	0	0	0	0	3
127	325	0	0.728607496	0.000389869298	0.000298755637	-9.14857278e-05	0.000699100508	0.000226165059	0	0	0	0	0	3
128	327	0	0.734344563	0.000367747283	0.000301651753	-9.14857278e-05	0.000699100508	0.000229061175	0	0	0	0	0	3
129	330	0	0.74008163	0.000353433468	0.000305039986	-9.14857278e-05	0.000699100508	0.000232449408	0	0	0	0	0	3
130	332	0	0.745818697	0.0003454413	0.000308935471	-9.14857278e-05	0.000699100508	0.000236344892	0	0	0	0	0	3
131	334	0	0.751555764	0.000346966972	0.000313337495	-9.14857278e-05	0.000699100508	0.000240746917	0	0	0	0	0	3
132	337	0	0.757292831	0.00035391705	0.000318163612	-9.14857278e-05	0.000699100508	0.000245573034	0	0	0	0	0	3
133	340	0	0.763029898	0.000365664414	0.000323312912	-9.14857278e-05	0.000699100508	0.000250722334	0	0	0	0	0	3
134	342	0	0.768766965	0.000379724172	0.00032866757	-8.32609084e-05	0.000699100508	0.000256076992	0	0	0	0	0	3
135	345	0	0.774504031	0.000394656182	0.000334098446	-6.65460772e-05	0.000699100508	0.000261507868	0	0	0	0	0	3
136	347	0	0.780241098	0.000406098877	0.000339469412	-4.51339509e-05	0.000699100508	0.000266878833	0	0	0	0	0	3
137	350	0	0.785978165	0.000416123222	0.000344710971	-2.24186613e-05	0.000699100508	0.000272120392	0	0	0	0	0	3
138	352	0	0.791715232	0.000423508374	0.000349778323	5.88359778e-07	0.000699100508	0.000277187745	0	0	0	0	0	3
139	355	0	0.797452299	0.000428886263	0.000354645345	2.12416589e-05	0.000699100508	0.000282054767	0	0	0	0	0	3
140	357	0	0.803189366	0.000430418961	0.000359295087	4.24073453e-05	0.000699100508	0.000286704509	0	0	0	0	0	3
141	360	0	0.808926433	0.000429179415	0.000363690224	6.12804342e-05	0.000699100508	0.000291099646	0	0	0	0	0	3
142	362	0	0.8146635	0.000422286794	0.000367792569	7.88660297e-05	0.000699100508	0.000295087892	0	0	0	0	0	3
143	365	0	0.820400567	0.000410029876	0.000371555795	9.48486292e-05	0.000699100508	0.000298455689	0	0	0	0	0	3
144	367	0	0.826137634	0.000393031903	0.000374944241	0.000111098084	0.000699100508	0.000301177505	0	0	0	0	0	3
145	370	0	0.8318747	0.000373098456	0.000377921518	0.000125744187	0.000699100508	0.000303258619	0	0	0	0	0	3
146	372	0	0.837611767	0.000347372315	0.000380440019	0.000142071456	0.000699100508	0.000304634602	0	0	0	0	0	3
147	375	0	0.843348834	0.000320861755	0.000382471727	0.000155365431	0.000699100508	0.00030534031	0	0	0	0	0	3
148	378	0	0.849085901	0.00029184171	0.000384022594	0.000169487858	0.000699100508	0.000305377137	0	0	0	0	0	3
149	380	0	0.854822968	0.000263474426	0.000385090623	0.000180611885	0.000699100508	0.000304800546	0	0	0	0	0	3
150	383	0	0.860560035	0.000233083814	0.000385686895	0.000190340275	0.000699100508	0.000303649989	0	0	0	0	0	3
151	386	0	0.866297102	0.00020375991	0.000385839391	0.000197366573	0.000699100508	0.000302000459	0	0	0	0	0	3
152	388	0	0.872034169	0.00017224342	0.000385553901	0.00017224342	0.000699100508	0.000300151665	0	0	0	0	0	3
153	391	0	0.877771236	0.000141937666	0.000384848527	0.000141937666	0.000699100508	0.000298284381	0	0	0	0	0	3
154	393	0	0.883508303	0.000110151625	0.000383726063	0.000110151625	0.000699100508	0.000296372534	0	0	0	0	0	3
155	396	0	0.889245369	7.91977833e-05	0.000382175483	7.91977833e-05	0.000699100508	0.000294409159	0	0	0	0	0	3
156	398	0	0.894982436	4.96507e-05	0.000380205874	4.96507e-05	0.000699100508	0.000292384916	0	0	0	0	0	3
157	401	0	0.900719503	2.10268607e-05	0.000377818645	2.10268607e-05	0.000699100508	0.000290291812	0	0	0	0	0	3
158	404	0	0.90645657	-8.27537915e-06	0.000374997654	-8.27537915e-06	0.000699100508	0.000288099335	0	0	0	0	0	3
159	406	0	0.912193637	-3.66388663e-05	0.000371726606	-3.66388663e-05	0.000699100508	0.000285827652	0	0	0	0	0	3
160	409	0	0.917930704	-6.58736181e-05	0.00036800871	-6.58736181e-05	0.000699100508	0.000283480129	0	0	0	0	0	3
161	412	0	0.923667771	-8.85797233e-05	0.000363918248	-8.85797233e-05	0.000699100508	0.000281070443	0	0	0	0	0	3
162	414	0	0.929404838	-0.000110133357	0.000359477232	-0.000110133357	0.000699100508	0.000278588099	0	0	0	0	0	3
163	417	0	0.935141905	-0.000127846544	0.00035471824	-0.000127846544	0.000699100508	0.000276137555	0	0	0	0	0	3
164	420	0	0.940878972	-0.000144645081	0.000349739403	-0.000144645081	0.000699100508	0.000273746843	0	0	0	0	0	3
165	422	0	0.946616038	-0.00015718965	0.000344614672	-0.00015718965	0.000699100508	0.000271479843	0	0	0	0	0	3
166	425	0	0.952353105	-0.000164675299	0.000339460196	-0.000164675299	0.000699100508	0.000269363896	0	0	0	0	0	3
167	427	0	0.958090172	-0.000166892028	0.000334364612	-0.000166892028	0.000699100508	0.000267440768	0	0	0	0	0	3
168	430	0	0.963827239	-0.000162158447	0.00032945002	-0.000166892028	0.000699100508	0.000265692667	0	0	0	0	0	3
169	432	0	0.969564306	-0.000152116658	0.000324766934	-0.000166892028	0.000699100508	0.000264128378	0	0	0	0	0	3
170	434	0	0.975301373	-0.000140864039	0.00032034327	-0.000166892028	0.000699100508	0.00026272699	0	0	0	0	0	3
171	437	0	0.98103844	-0.000122438166	0.000316247084	-0.000166892028	0.000699100508	0.000261468128	0	0	0	0	0	3
172	439	0	0.986775507	-0.000101770561	0.000312489954	-0.000166892028	0.000699100508	0.000260305265	0	0	0	0	0	3
173	441	0	0.992512574	-7.59889827e-05	0.000309089914	-0.000166892028	0.000699100508	0.00025921656	0	0	0	0	0	3
174	444	0	0.998249641	-4.79396379e-05	0.000306054659	-0.000166892028	0.000699100508	0.000258151699	0	0	0	0	0	3
175	447	0	1.00398671	-1.28785318e-05	0.000303416656	-0.000166892028	0.000699100508	0.000257086182	2.59797761e-05	0	10.1	0	0	3
176	449	0	1.00972377	2.358694e-05	0.000301168176	-0.000166892028	0.000699100508	0.000254572858	2.59797761e-05	0	10.2	0	0	3
177	452	0	1.01546084	6.46040469e-05	0.000299317857	-0.000166892028	0.000699100508	0.000252114312	2.59797761e-05	0	10.3	0	0	3
178	455	0	1.02119791	0.000105125331	0.000297883782	-0.000166892028	0.000699100508	0.00024952679	2.59797761e-05	0	10.4	0	0	3
179	457	0	1.02693498	0.000146947441	0.000296838526	-0.000166892028	0.000699100508	0.000246857255	2.59797761e-05	0	10.5	0	0	3
180	459	0	1.03267204	0.000187649055	0.000296160439	-0.000166892028	0.000699100508	0.000244049242	2.59797761e-05	0	10.6	0	0	3
181	462	0	1.03840911	0.000229530287	0.000295834641	-0.000166892028	0.000699100508	0.000241118818	2.59797761e-05	0	10.7	0	0	3
182	464	0	1.04414618	0.000267075689	0.000295797854	-0.000166892028	0.000699100508	0.000238022831	2.59797761e-05	0	10.9	0	0	3
183	467	0	1.04988324	0.000303541761	0.000296004908	-0.000166892028	0.000699100508	0.000234754336	2.59797761e-05	0	11	0	0	3
184	469	0	1.05562031	0.00033085761	0.000296327489	-0.000166892028	0.000699100508	0.000231290951	2.59797761e-05	0	11.2	0	0	3
185	472	0	1.06135738	0.000355103062	0.000296708082	-0.000166892028	0.000699100508	0.000227622679	2.59797761e-05	0	11.4	0	0	3
186	474	0	1.06709444	0.000369767358	0.000297017061	-0.000166892028	0.000699100508	0.000223720201	2.59797761e-05	0	11.6	0	0	3
187	477	0	1.07283151	0.000383714565	0.000297193075	-0.000166892028	0.000699100508	0.000219579322	2.59797761e-05	0	11.8	0	0	3
188	479	0	1.07856858	0.000389953443	0.000297140415	-0.000166892028	0.000699100508	0.000215171076	2.59797761e-05	0	12	0	0	3
189	482	0	1.08430564	0.000390737666	0.000296768063	-0.000166892028	0.000699100508	0.000210500022	2.59797761e-05	0	12.3	0	0	3
190	484	0	1.09004271	0.000384354145	0.000295990566	-0.000166892028	0.000699100508	0.000205563015	2.59797761e-05	0	12.6	0	0	3
191	487	0	1.09577978	0.000373122118	0.00029475756	-0.000166892028	0.000699100508	0.000200416915	2.59797761e-05	0	12.9	0	0	3
192	489	0	1.10151684	0.000356770985	0.000293026959	-0.000166892028	0.000699100508	0.000195062236	2.59797761e-05	0	13.3	0	0	3
193	491	0	1.10725391	0.000338409006	0.000290772495	-0.000166892028	0.000699100508	0.000189528858	2.59797761e-05	0	13.7	0	0	3
194	494	0	1.11299098	0.000320788184	0.000288044373	-0.000166892028	0.000699100508	0.000183824103	2.59797761e-05	0	14.1	0	0	3
195	496	0	1.11872805	0.000304772887	0.00028486142	-0.000166892028	0.000699100508	0.000177943365	2.59797761e-05	0	14.6	0	0	3
196	498	0	1.12446511	0.000290679854	0.000281246049	-0.000166892028	0.000699100508	0.000171893927	2.59797761e-05	0	15.1	0	0	3
197	501	0	1.13020218	0.000281680198	0.000277248327	-0.000166892028	0.000699100508	0.00016569574	2.59797761e-05	0	15.6	0	0	3
198	503	0	1.13593925	0.00027379523	0.000272917579	-0.000166892028	0.000699100508	0.000159388121	2.59797761e-05	0	16.2	0	0	3
199	506	0	1.14167631	0.000270331661	0.000268349671	-0.000166892028	0.000699100508	0.000152993231	2.59797761e-05	0	16.9	0	0	3
200	508	0	1.14741338	0.000270659863	0.000263637914	-0.000166892028	0.000699100508	0.000146552234	2.59797761e-05	0	17.7	0	0	3
201	515	0	1.15315045	0.000276645923	0.000258896265	-0.000166892028	0.000699100508	0.000140194502	2.59797761e-05	0	18.5	0	0	3
202	517	0	1.15888751	0.000285575515	0.000254206442	-0.000166892028	0.000699100508	0.00013399101	2.59797761e-05	0	19.3	0	0	3
203	520	0	1.16462458	0.000299307751	0.000249663342	-0.000166892028	0.00069547678	0.000136176049	2.59797761e-05	0	19	0	0	3
204	522	0	1.17036165	0.000313795382	0.000245326053	-0.000166892028	0.000684778792	0.000140513338	2.59797761e-05	0	18.4	0	0	3
205	524	0	1.17609871	0.000332233297	0.000241319855	-0.000166892028	0.000667848154	0.000144519536	2.59797761e-05	0	17.9	0	0	3
206	527	0	1.18183578	0.000349545997	0.000237702785	-0.000166892028	0.000645753093	0.000148136606	2.59797761e-05	0	17.5	0	0	3
207	529	0	1.18757285	0.000370279534	0.000234572403	-0.000166892028	0.000619963581	0.000151266988	2.59797761e-05	0	17.1	0	0	3
208	532	0	1.19330992	0.000388861615	0.000231946245	-0.000166892028	0.000588772999	0.000153893146	2.59797761e-05	0	16.8	0	0	3
209	534	0	1.19904698	0.000411151836	0.000229927822	-0.000166892028	0.000554036196	0.000155911569	2.59797761e-05	0	16.6	0	0	3
210	537	0	1.20478405	0.000430761511	0.000228526974	-0.000166892028	0.000518206665	0.000157312417	2.59797761e-05	0	16.5	0	0	3
211	539	0	1.21052112	0.000451777782	0.0002277721	-0.000166892028	0.00048153491	0.000158067291	2.59797761e-05	0	16.4	0	0	3
212	542	0	1.21625818	0.000470514429	0.000227646867	-0.000166892028	0.000470514429	0.000158192524	2.59797761e-05	0	16.4	0	0	3
213	545	0	1.22199525	0.000490898576	0.000228159947	-0.000166892028	0.000490898576	0.000158192524	2.59797761e-05	0	16.4	0	0	3
214	547	0	1.22773232	0.000510204427	0.000229237405	-0.000166892028	0.000510204427	0.000158192524	2.59797761e-05	0	16.4	0	0	3
215	550	0	1.23346938	0.000528425651	0.000230811909	-0.000166892028	0.000528425651	0.000158192524	2.59797761e-05	0	16.4	0	0	3
