Iteration	CPUTime	PhysTime	Travels	Value	AvValue	MinValue	MaxValue	Delta	Criteria	Progress	CriteriaType	CriteriaVarType	CriteriaPercentage
1	15	0	0.0057370669	22.2168357	22.2168357	22.2168357	22.2168357	0	0	0	0	0	0	3
2	19	0	0.0114741338	22.2165549	22.2166953	22.2165549	22.2168357	0.000140440288	0	0	0	0	0	3
3	22	0	0.0172112007	22.2165917	22.2166608	22.2165549	22.2168357	0.000174977007	0	0	0	0	0	3
4	24	0	0.0229482676	22.2166852	22.2166669	22.2165549	22.2168357	0.000174977007	0	0	0	0	0	3
5	27	0	0.0286853345	22.2167751	22.2166885	22.2165549	22.2168357	0.000174977007	0	0	0	0	0	3
6	29	0	0.0344224014	22.216943	22.2167309	22.2165549	22.216943	0.000174977007	0	0	0	0	0	3
7	31	0	0.0401594683	22.2171515	22.216791	22.2165549	22.2171515	0.000174977007	0	0	0	0	0	3
8	33	0	0.0458965352	22.2173895	22.2168658	22.2165549	22.2173895	0.000205056143	0	0	0	0	0	3
9	35	0	0.0516336021	22.2176293	22.2169506	22.2165549	22.2176293	0.000289884218	0	0	0	0	0	3
10	37	0	0.057370669	22.2178737	22.2170429	22.2165549	22.2178737	0.000382190082	0	0	0	0	0	3
11	40	0	0.0631077359	22.2182133	22.2171493	22.2165549	22.2182133	0.000488588735	0	0	0	0	0	3
12	42	0	0.0688448028	22.2185452	22.2172657	22.2165549	22.2185452	0.000604910104	0	0	0	0	0	3
13	44	0	0.0745818697	22.2188631	22.2173886	22.2165549	22.2188631	0.000727792458	0	0	0	0	0	3
14	46	0	0.0803189366	22.2191699	22.2175158	22.2165549	22.2191699	0.000855032135	0	0	0	0	0	3
15	48	0	0.0860560035	22.2194631	22.2176456	22.2165549	22.2194631	0.000984856015	0	0	0	0	0	3
16	50	0	0.0917930704	22.2198855	22.2177856	22.2165549	22.2198855	0.00112485062	0	0	0	0	0	3
17	53	0	0.0975301373	22.2202838	22.2179326	22.2165549	22.2202838	0.00127180308	0	0	0	0	0	3
18	55	0	0.103267204	22.2206597	22.2180841	22.2165549	22.2206597	0.00142331181	0	0	0	0	0	3
19	57	0	0.109004271	22.2210145	22.2182383	22.2165549	22.2210145	0.00157754492	0	0	0	0	0	3
20	59	0	0.114741338	22.2213511	22.2183939	22.2165549	22.2213511	0.00173318465	0	0	0	0	0	3
21	61	0	0.120478405	22.2218169	22.2185569	22.2165549	22.2218169	0.00189618403	0	0	0	0	0	3
22	64	0	0.126215472	22.2222544	22.218725	22.2165549	22.2222544	0.0020642495	0	0	0	0	0	3
23	66	0	0.131952539	22.2226642	22.2188963	22.2165549	22.2226642	0.00223551798	0	0	0	0	0	3
24	68	0	0.137689606	22.2230534	22.2190695	22.2165549	22.2230534	0.00240872973	0	0	0	0	0	3
25	70	0	0.143426672	22.2234226	22.2192436	22.2165549	22.2234226	0.00258285312	0	0	0	0	0	3
26	73	0	0.149163739	22.2239561	22.2194249	22.2165549	22.2239561	0.00276410141	0	0	0	0	0	3
27	75	0	0.154900806	22.2244633	22.2196115	22.2165549	22.2244633	0.00295071049	0	0	0	0	0	3
28	77	0	0.160637873	22.2249493	22.2198021	22.2165549	22.2249493	0.00314134569	0	0	0	0	0	3
29	79	0	0.16637494	22.2254161	22.2199957	22.2165549	22.2254161	0.0033349318	0	0	0	0	0	3
30	82	0	0.172112007	22.2258692	22.2201915	22.2165549	22.2258692	0.00353071529	0	0	0	0	0	3
31	84	0	0.177849074	22.2265232	22.2203957	22.2165549	22.2265232	0.00373496437	0	0	0	0	0	3
32	86	0	0.183586141	22.227168	22.2206074	22.2165549	22.227168	0.00394659742	0	0	0	0	0	3
33	89	0	0.189323208	22.2278094	22.2208256	22.2165549	22.2278094	0.00416484263	0	0	0	0	0	3
34	91	0	0.195060275	22.2284565	22.22105	22.2165549	22.2284565	0.00438927969	0	0	0	0	0	3
35	93	0	0.200797341	22.2291168	22.2212805	22.2165549	22.2291168	0.00461975724	0	0	0	0	0	3
36	96	0	0.206534408	22.2301789	22.2215277	22.2165549	22.2301789	0.00486693537	0	0	0	0	0	3
37	98	0	0.212271475	22.2312992	22.2217918	22.2165549	22.2312992	0.00513103142	0	0	0	0	0	3
38	100	0	0.218008542	22.2324837	22.2220732	22.2165549	22.2324837	0.00541239634	0	0	0	0	0	3
39	103	0	0.223745609	22.2337242	22.2223719	22.2165549	22.2337242	0.00571114067	0	0	0	0	0	3
40	105	0	0.229482676	22.2349991	22.2226876	22.2165549	22.2349991	0.0060268213	0	0	0	0	0	3
41	108	0	0.235219743	22.2368562	22.2230332	22.2165549	22.2368562	0.00637239797	0	0	0	0	0	3
42	110	0	0.24095681	22.2385533	22.2234027	22.2165549	22.2385533	0.00674192554	0	0	0	0	0	3
43	112	0	0.246693877	22.2400059	22.2237888	22.2165549	22.2400059	0.00712804575	0	0	0	0	0	3
44	115	0	0.252430944	22.2411586	22.2241836	22.2165549	22.2411586	0.00752281361	0	0	0	0	0	3
45	118	0	0.25816801	22.2419932	22.2245793	22.2165549	22.2419932	0.00791858236	0	0	0	0	0	3
46	120	0	0.263905077	22.2425429	22.2249699	22.2165549	22.2425429	0.00830909438	0	0	0	0	0	3
47	123	0	0.269642144	22.2428516	22.2253503	22.2165549	22.2428516	0.00868955798	0	0	0	0	0	3
48	126	0	0.275379211	22.2429822	22.2257176	22.2165549	22.2429822	0.0090568888	0	0	0	0	0	3
49	128	0	0.281116278	22.2429951	22.2260702	22.2165549	22.2429951	0.00940949039	0	0	0	0	0	3
50	130	0	0.286853345	22.2429548	22.2264079	22.2165549	22.2429951	0.00974718044	0	0	0	0	0	3
51	133	0	0.292590412	22.2429102	22.2267315	22.2165549	22.2429951	0.0100707538	0	0	0	0	0	3
52	135	0	0.298327479	22.2428732	22.2270419	22.2165549	22.2429951	0.0103811708	0	0	0	0	0	3
53	137	0	0.304064546	22.2428546	22.2273403	22.2165549	22.2429951	0.0106795225	0	0	0	0	0	3
54	139	0	0.309801613	22.2428576	22.2276276	22.2165549	22.2429951	0.0109668811	0	0	0	0	0	3
55	142	0	0.315538679	22.2428778	22.2279049	22.2165549	22.2429951	0.0112441573	0	0	0	0	0	3
56	144	0	0.321275746	22.2429222	22.2281731	22.2165549	22.2429951	0.0115123229	0	0	0	0	0	3
57	146	0	0.327012813	22.2429727	22.2284327	22.2165549	22.2429951	0.0117719649	0	0	0	0	0	3
58	149	0	0.33274988	22.2430211	22.2286842	22.2165549	22.2430211	0.0120234893	0	0	0	0	0	3
59	151	0	0.338486947	22.2430649	22.228928	22.2165549	22.2430649	0.0122672298	0	0	0	0	0	3
60	153	0	0.344224014	22.2431033	22.2291642	22.2165549	22.2431033	0.0125034852	0	0	0	0	0	3
61	155	0	0.349961081	22.2431366	22.2293933	22.2165549	22.2431366	0.0127325402	0	0	0	0	0	3
62	158	0	0.355698148	22.2431652	22.2296154	22.2165549	22.2431652	0.012954667	0	0	0	0	0	3
63	160	0	0.361435215	22.24319	22.2298309	22.2165549	22.24319	0.0131701368	0	0	0	0	0	3
64	162	0	0.367172282	22.2432128	22.23004	22.2165549	22.2432128	0.0133792284	0	0	0	0	0	3
65	165	0	0.372909348	22.2432335	22.230243	22.2165549	22.2432335	0.0135822048	0	0	0	0	0	3
66	167	0	0.378646415	22.2432514	22.2304401	22.2165549	22.2432514	0.0137793031	0	0	0	0	0	3
67	169	0	0.384383482	22.2432669	22.2306315	22.2165549	22.2432669	0.0139707487	0	0	0	0	0	3
68	172	0	0.390120549	22.2432811	22.2308175	22.2165549	22.2432811	0.0141567716	0	0	0	0	0	3
69	174	0	0.395857616	22.2432936	22.2309983	22.2165549	22.2432936	0.0143375849	0	0	0	0	0	3
70	176	0	0.401594683	22.2433046	22.2311741	22.2165549	22.2433046	0.0145133886	0	0	0	0	0	3
71	178	0	0.40733175	22.2433136	22.2313451	22.2165549	22.2433136	0.0146843668	0	0	0	0	0	3
72	181	0	0.413068817	22.2433225	22.2315115	22.2165549	22.2433225	0.0148507198	0	0	0	0	0	3
73	183	0	0.418805884	22.2433307	22.2316734	22.2165549	22.2433307	0.0150126267	0	0	0	0	0	3
74	185	0	0.424542951	22.2433376	22.231831	22.2165549	22.2433376	0.0151702518	0	0	0	0	0	3
75	188	0	0.430280017	22.2433443	22.2319845	22.2165549	22.2433443	0.0153237619	0	0	0	0	0	3
76	190	0	0.436017084	22.2433327	22.2321338	22.2165549	22.2433443	0.0154730799	0	0	0	0	0	3
77	192	0	0.441754151	22.2433217	22.2322791	22.2165549	22.2433443	0.0156183773	0	0	0	0	0	3
78	194	0	0.447491218	22.2433122	22.2324206	22.2165549	22.2433443	0.0157598268	0	0	0	0	0	3
79	197	0	0.453228285	22.2433022	22.2325583	22.2165549	22.2433443	0.0158975682	0	0	0	0	0	3
80	199	0	0.458965352	22.2432915	22.2326925	22.2165549	22.2433443	0.0160317333	0	0	0	0	0	3
81	201	0	0.464702419	22.2432918	22.2328233	22.2165549	22.2433443	0.0161625885	0	0	0	0	0	3
82	204	0	0.470439486	22.2432913	22.232951	22.2165549	22.2433443	0.016290246	0	0	0	0	0	3
83	206	0	0.476176553	22.2432897	22.2330756	22.2165549	22.2433443	0.0164148085	0	0	0	0	0	3
84	209	0	0.48191362	22.2432884	22.2331971	22.2165549	22.2433443	0.0165363903	0	0	0	0	0	3
85	211	0	0.487650686	22.243287	22.2333159	22.2165549	22.2433443	0.0166550941	0	0	0	0	0	3
86	214	0	0.493387753	22.2432945	22.2334319	22.2165549	22.2433443	0.0167711251	0	0	0	0	0	3
87	216	0	0.49912482	22.2433023	22.2335453	22.2165549	22.2433443	0.016884578	0	0	0	0	0	3
88	219	0	0.504861887	22.2433117	22.2336563	22.2165549	22.2433443	0.0169955591	0	0	0	0	0	3
89	222	0	0.510598954	22.2433212	22.2339573	22.2165549	22.2433443	0.0172965302	0	0	0	0	0	3
90	224	0	0.516336021	22.2433321	22.2342616	22.2165917	22.2433443	0.017600817	0	0	0	0	0	3
91	227	0	0.522073088	22.2433378	22.2345655	22.2166852	22.2433443	0.0178986416	0	0	0	0	0	3
92	230	0	0.527810155	22.2433443	22.2348685	22.2167751	22.2433443	0.018179941	0	0	0	0	0	3
93	232	0	0.533547222	22.2433508	22.2351705	22.216943	22.2433508	0.0184395194	0	0	0	0	0	3
94	235	0	0.539284289	22.2433575	22.2354706	22.2171515	22.2433575	0.0186796055	0	0	0	0	0	3
95	238	0	0.545021355	22.2433652	22.2357685	22.2173895	22.2433652	0.0189026825	0	0	0	0	0	3
96	240	0	0.550758422	22.2433677	22.2360637	22.2176293	22.2433677	0.019113062	0	0	0	0	0	3
97	243	0	0.556495489	22.2433703	22.2363562	22.2178737	22.2433703	0.0193132676	0	0	0	0	0	3
98	245	0	0.562232556	22.2433726	22.236646	22.2182133	22.2433726	0.0194966297	0	0	0	0	0	3
99	248	0	0.567969623	22.2433733	22.2369319	22.2185452	22.2433733	0.0196662172	0	0	0	0	0	3
100	250	0	0.57370669	22.2433737	22.237214	22.2188631	22.2433737	0.0198254764	0	0	0	0	0	3
101	257	0	0.579443757	22.243376	22.2374926	22.2191699	22.243376	0.0199767916	0	0	0	0	0	3
102	260	0	0.585180824	22.2433762	22.2377677	22.2194631	22.2433762	0.0201220387	0	0	0	0	0	3
103	262	0	0.590917891	22.2433754	22.2380394	22.2198855	22.2433762	0.0202537737	0	0	0	0	0	3
104	265	0	0.596654958	22.243374	22.2383063	22.2202838	22.2433762	0.0203737358	0	0	0	0	0	3
105	267	0	0.602392024	22.2433733	22.2385687	22.2206597	22.2433762	0.0204846074	0	0	0	0	0	3
106	270	0	0.608129091	22.243374	22.2388268	22.2210145	22.2433762	0.0205884909	0	0	0	0	0	3
107	273	0	0.613866158	22.2433742	22.2390809	22.2213511	22.2433762	0.0206869385	0	0	0	0	0	3
108	275	0	0.619603225	22.2433741	22.2393311	22.2218169	22.2433762	0.020774201	0	0	0	0	0	3
109	278	0	0.625340292	22.2433731	22.2395761	22.2222544	22.2433762	0.0208510915	0	0	0	0	0	3
110	280	0	0.631077359	22.2433726	22.2398161	22.2226642	22.2433762	0.0207119693	0	0	0	0	0	3
111	283	0	0.636814426	22.2433725	22.2400514	22.2230534	22.2433762	0.0203227941	0	0	0	0	0	3
112	285	0	0.642551493	22.2433739	22.2402823	22.2234226	22.2433762	0.0199535793	0	0	0	0	0	3
113	288	0	0.64828856	22.2433746	22.240509	22.2239561	22.2433762	0.0194200852	0	0	0	0	0	3
114	291	0	0.654025627	22.2433752	22.2407297	22.2244633	22.2433762	0.0189128474	0	0	0	0	0	3
115	294	0	0.659762693	22.2433762	22.2409446	22.2249493	22.2433762	0.0184269506	0	0	0	0	0	3
116	296	0	0.66549976	22.2433767	22.241154	22.2254161	22.2433767	0.0179605701	0	0	0	0	0	3
117	299	0	0.671236827	22.2433795	22.2413582	22.2258692	22.2433795	0.0175103121	0	0	0	0	0	3
118	301	0	0.676973894	22.2433833	22.2415572	22.2265232	22.2433833	0.0168600956	0	0	0	0	0	3
119	304	0	0.682710961	22.2433864	22.2417488	22.227168	22.2433864	0.0162184071	0	0	0	0	0	3
120	307	0	0.688448028	22.2433896	22.2419332	22.2278094	22.2433896	0.0155801454	0	0	0	0	0	3
121	309	0	0.694185095	22.2433829	22.2421101	22.2284565	22.2433896	0.0149331324	0	0	0	0	0	3
122	312	0	0.699922162	22.2433777	22.2422797	22.2291168	22.2433896	0.014272841	0	0	0	0	0	3
123	315	0	0.705659229	22.2433745	22.2424417	22.2301789	22.2433896	0.013210665	0	0	0	0	0	3
124	317	0	0.711396296	22.2433714	22.2425916	22.2312992	22.2433896	0.0120903456	0	0	0	0	0	3
125	319	0	0.717133362	22.2433667	22.2427287	22.2324837	22.2433896	0.0109059368	0	0	0	0	0	3
126	322	0	0.722870429	22.2433552	22.2428523	22.2337242	22.2433896	0.00966540969	0	0	0	0	0	3
127	325	0	0.728607496	22.2433428	22.2429616	22.2349991	22.2433896	0.00839046906	0	0	0	0	0	3
128	327	0	0.734344563	22.2433293	22.2430563	22.2368562	22.2433896	0.00653337012	0	0	0	0	0	3
129	330	0	0.74008163	22.2433146	22.2431296	22.2385533	22.2433896	0.00483627909	0	0	0	0	0	3
130	332	0	0.745818697	22.2432987	22.2431836	22.2400059	22.2433896	0.00338374039	0	0	0	0	0	3
131	334	0	0.751555764	22.2433007	22.243221	22.2411586	22.2433896	0.00223100338	0	0	0	0	0	3
132	337	0	0.757292831	22.2433051	22.2432454	22.2419932	22.2433896	0.00139642738	0	0	0	0	0	3
133	340	0	0.763029898	22.243308	22.2432603	22.2425429	22.2433896	0.000846699631	0	0	0	0	0	3
134	342	0	0.768766965	22.2433115	22.2432691	22.2428516	22.2433896	0.000537951304	0	0	0	0	0	3
135	345	0	0.774504031	22.2433166	22.2432744	22.2428546	22.2433896	0.000535026584	0	0	0	0	0	3
136	347	0	0.780241098	22.243322	22.2432782	22.2428546	22.2433896	0.000535026584	0	0	0	0	0	3
137	350	0	0.785978165	22.243328	22.243282	22.2428546	22.2433896	0.000535026584	0	0	0	0	0	3
138	352	0	0.791715232	22.243335	22.2432863	22.2428546	22.2433896	0.000535026584	0	0	0	0	0	3
139	355	0	0.797452299	22.2433419	22.2432912	22.2428546	22.2433896	0.000535026584	0	0	0	0	0	3
140	357	0	0.803189366	22.2433517	22.2432967	22.2428546	22.2433896	0.000535026584	0	0	0	0	0	3
141	360	0	0.808926433	22.2433591	22.2433024	22.2428576	22.2433896	0.000531948172	0	0	0	0	0	3
142	362	0	0.8146635	22.2433664	22.2433082	22.2428778	22.2433896	0.000511760923	0	0	0	0	0	3
143	365	0	0.820400567	22.2433721	22.2433138	22.2429222	22.2433896	0.000467403839	0	0	0	0	0	3
144	367	0	0.826137634	22.2433789	22.243319	22.2429727	22.2433896	0.0004169194	0	0	0	0	0	3
145	370	0	0.8318747	22.2433831	22.2433237	22.2430211	22.2433896	0.000368456251	0	0	0	0	0	3
146	372	0	0.837611767	22.2433816	22.2433278	22.2430649	22.2433896	0.000324654695	0	0	0	0	0	3
147	375	0	0.843348834	22.2433789	22.2433313	22.2431033	22.2433896	0.00028627856	0	0	0	0	0	3
148	378	0	0.849085901	22.243377	22.2433344	22.2431366	22.2433896	0.000252995847	0	0	0	0	0	3
149	380	0	0.854822968	22.2433748	22.2433371	22.2431652	22.2433896	0.00022443158	0	0	0	0	0	3
150	383	0	0.860560035	22.2433729	22.2433395	22.24319	22.2433896	0.000199573485	0	0	0	0	0	3
151	386	0	0.866297102	22.2433696	22.2433415	22.2432128	22.2433896	0.00017683763	0	0	0	0	0	3
152	388	0	0.872034169	22.2433651	22.2433433	22.2432335	22.2433896	0.000156135729	0	0	0	0	0	3
153	391	0	0.877771236	22.24336	22.2433447	22.2432514	22.2433896	0.000138145118	0	0	0	0	0	3
154	393	0	0.883508303	22.2433553	22.2433459	22.2432669	22.2433896	0.000122676216	0	0	0	0	0	3
155	396	0	0.889245369	22.2433507	22.2433468	22.2432811	22.2433896	0.000108526424	0	0	0	0	0	3
156	398	0	0.894982436	22.2433419	22.2433475	22.243287	22.2433896	0.000102616926	0	0	0	0	0	3
157	401	0	0.900719503	22.243337	22.243348	22.243287	22.2433896	0.000102616926	0	0	0	0	0	3
158	404	0	0.90645657	22.2433324	22.2433483	22.243287	22.2433896	0.000102616926	0	0	0	0	0	3
159	406	0	0.912193637	22.243327	22.2433485	22.243287	22.2433896	0.000102616926	0	0	0	0	0	3
160	409	0	0.917930704	22.2433209	22.2433485	22.243287	22.2433896	0.000102616926	0	0	0	0	0	3
161	412	0	0.923667771	22.2433217	22.2433484	22.243287	22.2433896	0.000102616926	0	0	0	0	0	3
162	414	0	0.929404838	22.2433222	22.2433482	22.243287	22.2433896	0.000102616926	0	0	0	0	0	3
163	417	0	0.935141905	22.243323	22.243348	22.243287	22.2433896	0.000102616926	0	0	0	0	0	3
164	420	0	0.940878972	22.243325	22.2433479	22.243287	22.2433896	0.000102616926	0	0	0	0	0	3
165	422	0	0.946616038	22.2433275	22.2433479	22.243287	22.2433896	0.000102616926	0	0	0	0	0	3
166	425	0	0.952353105	22.2433276	22.2433481	22.243287	22.2433896	0.000102616926	0	0	0	0	0	3
167	427	0	0.958090172	22.2433295	22.2433484	22.243287	22.2433896	0.000102616926	0	0	0	0	0	3
168	430	0	0.963827239	22.2433304	22.2433489	22.243287	22.2433896	0.000102616926	0	0	0	0	0	3
169	432	0	0.969564306	22.2433328	22.2433493	22.243287	22.2433896	0.000102616926	0	0	0	0	0	3
170	434	0	0.975301373	22.2433342	22.2433498	22.243287	22.2433896	0.000102616926	0	0	0	0	0	3
171	437	0	0.98103844	22.2433356	22.2433503	22.243287	22.2433896	0.000102616926	0	0	0	0	0	3
172	439	0	0.986775507	22.2433367	22.2433509	22.243287	22.2433896	0.000102616926	0	0	0	0	0	3
173	441	0	0.992512574	22.2433373	22.2433515	22.2432945	22.2433896	9.507718e-05	0	0	0	0	0	3
174	444	0	0.998249641	22.2433383	22.243352	22.2432987	22.2433896	9.09231358e-05	0	0	0	0	0	3
175	447	0	1.00398671	22.2433408	22.2433524	22.2432987	22.2433896	9.09231358e-05	0.000803937251	0	100	0	0	3
176	449	0	1.00972377	22.2433418	22.2433527	22.2432987	22.2433896	9.09231358e-05	0.000803937251	0	100	0	0	3
177	452	0	1.01546084	22.243338	22.2433529	22.2432987	22.2433896	9.09231358e-05	0.000803937251	0	100	0	0	3
178	455	0	1.02119791	22.2433342	22.2433529	22.2432987	22.2433896	9.09231358e-05	0.000803937251	0	100	0	0	3
179	457	0	1.02693498	22.2433349	22.2433529	22.2432987	22.2433896	9.09231358e-05	0.000803937251	0	100	0	0	3
180	459	0	1.03267204	22.2433363	22.2433528	22.2432987	22.2433896	9.09231358e-05	0.000803937251	0	100	0	0	3
181	462	0	1.03840911	22.2433379	22.2433527	22.2432987	22.2433896	9.09231358e-05	0.000803937251	0	100	0	0	3
182	464	0	1.04414618	22.2433391	22.2433525	22.2432987	22.2433896	9.09231358e-05	0.000803937251	0	100	0	0	3
183	467	0	1.04988324	22.2433401	22.2433522	22.2432987	22.2433896	9.09231358e-05	0.000803937251	0	100	0	0	3
184	469	0	1.05562031	22.2433427	22.2433519	22.2432987	22.2433896	9.09231358e-05	0.000803937251	0	100	0	0	3
185	472	0	1.06135738	22.2433444	22.2433516	22.2432987	22.2433896	9.09231358e-05	0.000803937251	0	100	0	0	3
186	474	0	1.06709444	22.2433477	22.2433513	22.2432987	22.2433896	9.09231358e-05	0.000803937251	0	100	0	0	3
187	477	0	1.07283151	22.2433478	22.243351	22.2432987	22.2433896	9.09231358e-05	0.000803937251	0	100	0	0	3
188	479	0	1.07856858	22.2433501	22.2433508	22.2432987	22.2433896	9.09231358e-05	0.000803937251	0	100	0	0	3
189	482	0	1.08430564	22.2433446	22.2433504	22.2432987	22.2433896	9.09231358e-05	0.000803937251	0	100	0	0	3
190	484	0	1.09004271	22.2433399	22.24335	22.2432987	22.2433896	9.09231358e-05	0.000803937251	0	100	0	0	3
191	487	0	1.09577978	22.2433289	22.2433495	22.2432987	22.2433896	9.09231358e-05	0.000803937251	0	100	0	0	3
192	489	0	1.10151684	22.2433189	22.2433488	22.2432987	22.2433896	9.09231358e-05	0.000803937251	0	100	0	0	3
193	491	0	1.10725391	22.24331	22.2433481	22.2432987	22.2433896	9.09231358e-05	0.000803937251	0	100	0	0	3
194	494	0	1.11299098	22.2433105	22.2433474	22.2432987	22.2433896	9.09231358e-05	0.000803937251	0	100	0	0	3
195	496	0	1.11872805	22.2433184	22.2433468	22.2432987	22.2433896	9.09231358e-05	0.000803937251	0	100	0	0	3
196	498	0	1.12446511	22.2433244	22.2433462	22.2432987	22.2433896	9.09231358e-05	0.000803937251	0	100	0	0	3
197	501	0	1.13020218	22.2433316	22.2433457	22.2432987	22.2433896	9.09231358e-05	0.000803937251	0	100	0	0	3
198	503	0	1.13593925	22.2433386	22.2433453	22.2432987	22.2433896	9.09231358e-05	0.000803937251	0	100	0	0	3
199	506	0	1.14167631	22.243344	22.243345	22.2432987	22.2433896	9.09231358e-05	0.000803937251	0	100	0	0	3
200	508	0	1.14741338	22.2433464	22.2433447	22.2432987	22.2433896	9.09231358e-05	0.000803937251	0	100	0	0	3
201	515	0	1.15315045	22.24335	22.2433444	22.2432987	22.2433896	9.09231358e-05	0.000803937251	0	100	0	0	3
202	517	0	1.15888751	22.2433524	22.2433442	22.2432987	22.2433896	9.09231358e-05	0.000803937251	0	100	0	0	3
203	520	0	1.16462458	22.2433553	22.2433439	22.2432987	22.2433896	9.09231358e-05	0.000803937251	0	100	0	0	3
204	522	0	1.17036165	22.2433547	22.2433437	22.2432987	22.2433896	9.09231358e-05	0.000803937251	0	100	0	0	3
205	524	0	1.17609871	22.2433547	22.2433434	22.2432987	22.2433896	9.09231358e-05	0.000803937251	0	100	0	0	3
206	527	0	1.18183578	22.2433549	22.2433431	22.2432987	22.2433896	9.09231358e-05	0.000803937251	0	100	0	0	3
207	529	0	1.18757285	22.2433564	22.2433427	22.2432987	22.2433896	9.09231358e-05	0.000803937251	0	100	0	0	3
208	532	0	1.19330992	22.2433598	22.2433424	22.2432987	22.2433831	8.44429157e-05	0.000803937251	0	100	0	0	3
209	534	0	1.19904698	22.243365	22.2433422	22.2432987	22.2433831	8.44429157e-05	0.000803937251	0	100	0	0	3
210	537	0	1.20478405	22.2433713	22.2433421	22.2432987	22.2433831	8.44429157e-05	0.000803937251	0	100	0	0	3
211	539	0	1.21052112	22.2433754	22.2433421	22.2432987	22.2433831	8.44429157e-05	0.000803937251	0	100	0	0	3
212	542	0	1.21625818	22.2433768	22.2433422	22.2432987	22.2433831	8.44429157e-05	0.000803937251	0	100	0	0	3
213	545	0	1.22199525	22.2433764	22.2433423	22.2432987	22.2433831	8.44429157e-05	0.000803937251	0	100	0	0	3
214	547	0	1.22773232	22.2433751	22.2433425	22.2432987	22.2433831	8.44429157e-05	0.000803937251	0	100	0	0	3
215	550	0	1.23346938	22.2433739	22.2433429	22.2432987	22.2433831	8.44429157e-05	0.000803937251	0	100	0	0	3
