Iteration	CPUTime	PhysTime	Travels	Value	AvValue	MinValue	MaxValue	Delta	Criteria	Progress	CriteriaType	CriteriaVarType	CriteriaPercentage
1	15	0	0.0057370669	4641.5118	4641.5118	4641.5118	4641.5118	0	0	0	0	0	0	3
2	19	0	0.0114741338	207.435366	2424.47358	207.435366	4641.5118	2217.03822	0	0	0	0	0	3
3	22	0	0.0172112007	34.7572791	1627.90148	34.7572791	4641.5118	3013.61032	0	0	0	0	0	3
4	24	0	0.0229482676	15.6785842	1224.84576	15.6785842	4641.5118	3416.66604	0	0	0	0	0	3
5	27	0	0.0286853345	21.913774	984.25936	15.6785842	4641.5118	3657.25244	0	0	0	0	0	3
6	29	0	0.0344224014	15.9716126	822.878069	15.6785842	4641.5118	3818.63373	0	0	0	0	0	3
7	31	0	0.0401594683	18.9358953	708.029187	15.6785842	4641.5118	3933.48261	0	0	0	0	0	3
8	33	0	0.0458965352	14.8319448	621.379532	14.8319448	4641.5118	4020.13227	0	0	0	0	0	3
9	35	0	0.0516336021	16.1201844	554.128493	14.8319448	4641.5118	4087.3833	0	0	0	0	0	3
10	37	0	0.057370669	13.1838318	500.034027	13.1838318	4641.5118	4141.47777	0	0	0	0	0	3
11	40	0	0.0631077359	13.5710146	455.810117	13.1838318	4641.5118	4185.70168	0	0	0	0	0	3
12	42	0	0.0688448028	12.0134405	418.82706	12.0134405	4641.5118	4222.68474	0	0	0	0	0	3
13	44	0	0.0745818697	12.3070218	387.556288	12.0134405	4641.5118	4253.95551	0	0	0	0	0	3
14	46	0	0.0803189366	11.4658504	360.692686	11.4658504	4641.5118	4280.81911	0	0	0	0	0	3
15	48	0	0.0860560035	11.4565235	337.410275	11.4565235	4641.5118	4304.10152	0	0	0	0	0	3
16	50	0	0.0917930704	10.9897337	317.008991	10.9897337	4641.5118	4324.50281	0	0	0	0	0	3
17	53	0	0.0975301373	10.5668017	298.98298	10.5668017	4641.5118	4342.52882	0	0	0	0	0	3
18	55	0	0.103267204	10.1485273	282.936621	10.1485273	4641.5118	4358.57518	0	0	0	0	0	3
19	57	0	0.109004271	10.0072033	268.571915	10.0072033	4641.5118	4372.93988	0	0	0	0	0	3
20	59	0	0.114741338	9.64366327	255.625502	9.64366327	4641.5118	4385.88629	0	0	0	0	0	3
21	61	0	0.120478405	9.73306665	243.916339	9.64366327	4641.5118	4397.59546	0	0	0	0	0	3
22	64	0	0.126215472	9.41334078	233.257112	9.41334078	4641.5118	4408.25469	0	0	0	0	0	3
23	66	0	0.131952539	9.50520045	223.528768	9.41334078	4641.5118	4417.98303	0	0	0	0	0	3
24	68	0	0.137689606	9.3132872	214.603123	9.3132872	4641.5118	4426.90867	0	0	0	0	0	3
25	70	0	0.143426672	9.38926096	206.394568	9.3132872	4641.5118	4435.11723	0	0	0	0	0	3
26	73	0	0.149163739	9.29394476	198.813775	9.29394476	4641.5118	4442.69802	0	0	0	0	0	3
27	75	0	0.154900806	9.27193732	191.793707	9.27193732	4641.5118	4449.71809	0	0	0	0	0	3
28	77	0	0.160637873	9.17434921	185.271587	9.17434921	4641.5118	4456.24021	0	0	0	0	0	3
29	79	0	0.16637494	9.1751908	179.199298	9.17434921	4641.5118	4462.3125	0	0	0	0	0	3
30	82	0	0.172112007	9.0714529	173.528369	9.0714529	4641.5118	4467.98343	0	0	0	0	0	3
31	84	0	0.177849074	9.02378685	168.22177	9.02378685	4641.5118	4473.29003	0	0	0	0	0	3
32	86	0	0.183586141	8.92687487	163.243804	8.92687487	4641.5118	4478.26799	0	0	0	0	0	3
33	89	0	0.189323208	8.89034142	158.566427	8.89034142	4641.5118	4482.94537	0	0	0	0	0	3
34	91	0	0.195060275	8.89888581	154.16444	8.89034142	4641.5118	4487.34736	0	0	0	0	0	3
35	93	0	0.200797341	8.86356419	150.012987	8.86356419	4641.5118	4491.49881	0	0	0	0	0	3
36	96	0	0.206534408	8.79965969	146.090394	8.79965969	4641.5118	4495.4214	0	0	0	0	0	3
37	98	0	0.212271475	8.73967937	142.378213	8.73967937	4641.5118	4499.13358	0	0	0	0	0	3
38	100	0	0.218008542	8.7624989	138.86201	8.73967937	4641.5118	4502.64979	0	0	0	0	0	3
39	103	0	0.223745609	8.71891526	135.525007	8.71891526	4641.5118	4505.98679	0	0	0	0	0	3
40	105	0	0.229482676	8.73075643	132.355151	8.71891526	4641.5118	4509.15665	0	0	0	0	0	3
41	108	0	0.235219743	8.62703085	129.337392	8.62703085	4641.5118	4512.17441	0	0	0	0	0	3
42	110	0	0.24095681	8.61156482	126.462968	8.61156482	4641.5118	4515.04883	0	0	0	0	0	3
43	112	0	0.246693877	8.50781707	123.719825	8.50781707	4641.5118	4517.79197	0	0	0	0	0	3
44	115	0	0.252430944	8.48803869	121.10092	8.48803869	4641.5118	4520.41088	0	0	0	0	0	3
45	118	0	0.25816801	8.41941232	118.596887	8.41941232	4641.5118	4522.91491	0	0	0	0	0	3
46	120	0	0.263905077	8.37047332	116.20066	8.37047332	4641.5118	4525.31114	0	0	0	0	0	3
47	123	0	0.269642144	8.31017158	113.905118	8.31017158	4641.5118	4527.60668	0	0	0	0	0	3
48	126	0	0.275379211	8.29903937	111.704991	8.29903937	4641.5118	4529.80681	0	0	0	0	0	3
49	128	0	0.281116278	8.23416349	109.593342	8.23416349	4641.5118	4531.91846	0	0	0	0	0	3
50	130	0	0.286853345	8.21776156	107.56583	8.21776156	4641.5118	4533.94597	0	0	0	0	0	3
51	133	0	0.292590412	8.14162655	105.616336	8.14162655	4641.5118	4535.89546	0	0	0	0	0	3
52	135	0	0.298327479	8.12272803	103.741459	8.12272803	4641.5118	4537.77034	0	0	0	0	0	3
53	137	0	0.304064546	8.08466818	101.936614	8.08466818	4641.5118	4539.57518	0	0	0	0	0	3
54	139	0	0.309801613	8.09801475	100.198862	8.08466818	4641.5118	4541.31294	0	0	0	0	0	3
55	142	0	0.315538679	8.06032209	98.5236159	8.06032209	4641.5118	4542.98818	0	0	0	0	0	3
56	144	0	0.321275746	8.05574536	96.9081182	8.05574536	4641.5118	4544.60368	0	0	0	0	0	3
57	146	0	0.327012813	8.05106032	95.3492225	8.05106032	4641.5118	4546.16257	0	0	0	0	0	3
58	149	0	0.33274988	8.07441646	93.8444845	8.05106032	4641.5118	4547.66731	0	0	0	0	0	3
59	151	0	0.338486947	8.08474324	92.3909295	8.05106032	4641.5118	4549.12087	0	0	0	0	0	3
60	153	0	0.344224014	8.10890281	90.9862291	8.05106032	4641.5118	4550.52557	0	0	0	0	0	3
61	155	0	0.349961081	8.10533087	89.6275258	8.05106032	4641.5118	4551.88427	0	0	0	0	0	3
62	158	0	0.355698148	8.10262965	88.3126081	8.05106032	4641.5118	4553.19919	0	0	0	0	0	3
63	160	0	0.361435215	8.0875344	87.0391943	8.05106032	4641.5118	4554.4726	0	0	0	0	0	3
64	162	0	0.367172282	8.05323157	85.8050386	8.05106032	4641.5118	4555.70676	0	0	0	0	0	3
65	165	0	0.372909348	8.0382538	84.6086265	8.0382538	4641.5118	4556.90317	0	0	0	0	0	3
66	167	0	0.378646415	7.99301077	83.4477839	7.99301077	4641.5118	4558.06401	0	0	0	0	0	3
67	169	0	0.384383482	7.95450254	82.3210185	7.95450254	4641.5118	4559.19078	0	0	0	0	0	3
68	172	0	0.390120549	7.93395551	81.2270911	7.93395551	4641.5118	4560.28471	0	0	0	0	0	3
69	174	0	0.395857616	7.9232875	80.1647171	7.9232875	4641.5118	4561.34708	0	0	0	0	0	3
70	176	0	0.401594683	7.94531199	79.1330113	7.9232875	4641.5118	4562.37879	0	0	0	0	0	3
71	178	0	0.40733175	7.94462267	78.130358	7.9232875	4641.5118	4563.38144	0	0	0	0	0	3
72	181	0	0.413068817	7.91567292	77.155154	7.91567292	4641.5118	4564.35664	0	0	0	0	0	3
73	183	0	0.418805884	7.87649502	76.2061313	7.87649502	4641.5118	4565.30567	0	0	0	0	0	3
74	185	0	0.424542951	7.86459568	75.282597	7.86459568	4641.5118	4566.2292	0	0	0	0	0	3
75	188	0	0.430280017	7.84608766	74.3834436	7.84608766	4641.5118	4567.12835	0	0	0	0	0	3
76	190	0	0.436017084	7.87381169	73.5083168	7.84608766	4641.5118	4568.00348	0	0	0	0	0	3
77	192	0	0.441754151	7.84405181	72.6555342	7.84405181	4641.5118	4568.85626	0	0	0	0	0	3
78	194	0	0.447491218	7.81109915	71.8241953	7.81109915	4641.5118	4569.6876	0	0	0	0	0	3
79	197	0	0.453228285	7.7957189	71.0137082	7.7957189	4641.5118	4570.49809	0	0	0	0	0	3
80	199	0	0.458965352	7.80881845	70.2236471	7.7957189	4641.5118	4571.28815	0	0	0	0	0	3
81	201	0	0.464702419	7.825606	69.4533009	7.7957189	4641.5118	4572.0585	0	0	0	0	0	3
82	204	0	0.470439486	7.86898621	68.7022727	7.7957189	4641.5118	4572.80952	0	0	0	0	0	3
83	206	0	0.476176553	7.90015631	67.9697171	7.7957189	4641.5118	4573.54208	0	0	0	0	0	3
84	209	0	0.48191362	7.91853044	67.254822	7.7957189	4641.5118	4574.25698	0	0	0	0	0	3
85	211	0	0.487650686	7.96281012	66.5572689	7.7957189	4641.5118	4574.95453	0	0	0	0	0	3
86	214	0	0.493387753	8.0076335	65.8764592	7.7957189	4641.5118	4575.63534	0	0	0	0	0	3
87	216	0	0.49912482	8.02821422	65.2115368	7.7957189	4641.5118	4576.30026	0	0	0	0	0	3
88	219	0	0.504861887	8.04829957	64.5619546	7.7957189	4641.5118	4576.94984	0	0	0	0	0	3
89	222	0	0.510598954	8.04472614	11.9089197	7.7957189	207.435366	199.639647	0	0	0	0	0	3
90	224	0	0.516336021	8.04206909	9.64308676	7.7957189	34.7572791	26.9615602	0	0	0	0	0	3
91	227	0	0.522073088	8.0251027	9.33931203	7.7957189	21.913774	14.1180551	0	0	0	0	0	3
92	230	0	0.527810155	7.99390846	9.25198617	7.7957189	21.913774	14.1180551	0	0	0	0	0	3
93	232	0	0.533547222	7.97587412	9.09360094	7.7957189	18.9358953	11.1401764	0	0	0	0	0	3
94	235	0	0.539284289	7.957317	9.0025294	7.7957189	18.9358953	11.1401764	0	0	0	0	0	3
95	238	0	0.545021355	7.90650834	8.87719546	7.7957189	16.1201844	8.32446554	0	0	0	0	0	3
96	240	0	0.550758422	7.88390888	8.79824051	7.7957189	16.1201844	8.32446554	0	0	0	0	0	3
97	243	0	0.556495489	7.84962752	8.7042569	7.7957189	13.5710146	5.77529574	0	0	0	0	0	3
98	245	0	0.562232556	7.82657532	8.64337899	7.7957189	13.5710146	5.77529574	0	0	0	0	0	3
99	248	0	0.567969623	7.85057835	8.57837403	7.7957189	12.3070218	4.51130287	0	0	0	0	0	3
100	250	0	0.57370669	7.86584692	8.53124229	7.7957189	12.3070218	4.51130287	0	0	0	0	0	3
101	257	0	0.579443757	7.87095381	8.48083242	7.7957189	11.4658504	3.67013146	0	0	0	0	0	3
102	260	0	0.585180824	7.92689458	8.44061702	7.7957189	11.4565235	3.66080457	0	0	0	0	0	3
103	262	0	0.590917891	7.95996256	8.40088337	7.7957189	10.9897337	3.19401483	0	0	0	0	0	3
104	265	0	0.596654958	8.00052314	8.36691507	7.7957189	10.5668017	2.77108278	0	0	0	0	0	3
105	267	0	0.602392024	8.01686865	8.33793856	7.7957189	10.1485273	2.3528084	0	0	0	0	0	3
106	270	0	0.608129091	8.04458306	8.3140301	7.7957189	10.0072033	2.21148444	0	0	0	0	0	3
107	273	0	0.613866158	8.04758048	8.29176166	7.7957189	9.73306665	1.93734775	0	0	0	0	0	3
108	275	0	0.619603225	8.05314977	8.27368764	7.7957189	9.73306665	1.93734775	0	0	0	0	0	3
109	278	0	0.625340292	8.0530047	8.25459603	7.7957189	9.50520045	1.70948155	0	0	0	0	0	3
110	280	0	0.631077359	8.06977537	8.23932824	7.7957189	9.50520045	1.70948155	0	0	0	0	0	3
111	283	0	0.636814426	8.07731488	8.22310227	7.7957189	9.38926096	1.59354206	0	0	0	0	0	3
112	285	0	0.642551493	8.06870303	8.20895927	7.7957189	9.38926096	1.59354206	0	0	0	0	0	3
113	288	0	0.64828856	8.05498866	8.19379708	7.7957189	9.29394476	1.49822586	0	0	0	0	0	3
114	291	0	0.654025627	8.08306386	8.18003707	7.7957189	9.27193732	1.47621842	0	0	0	0	0	3
115	294	0	0.659762693	8.07609793	8.16644799	7.7957189	9.1751908	1.37947191	0	0	0	0	0	3
116	296	0	0.66549976	8.08629592	8.15408374	7.7957189	9.1751908	1.37947191	0	0	0	0	0	3
117	299	0	0.671236827	8.03061768	8.14107723	7.7957189	9.0714529	1.27573401	0	0	0	0	0	3
118	301	0	0.676973894	8.02000283	8.12912894	7.7957189	9.02378685	1.22806796	0	0	0	0	0	3
119	304	0	0.682710961	8.00957962	8.11760385	7.7957189	8.92687487	1.13115597	0	0	0	0	0	3
120	307	0	0.688448028	8.01045933	8.10719004	7.7957189	8.89888581	1.10316692	0	0	0	0	0	3
121	309	0	0.694185095	7.97467186	8.0967847	7.7957189	8.89888581	1.10316692	0	0	0	0	0	3
122	312	0	0.699922162	7.94833702	8.08598301	7.7957189	8.86356419	1.0678453	0	0	0	0	0	3
123	315	0	0.705659229	7.87405395	8.07473858	7.7957189	8.79965969	1.0039408	0	0	0	0	0	3
124	317	0	0.711396296	7.8403302	8.06383711	7.7957189	8.7624989	0.966780005	0	0	0	0	0	3
125	319	0	0.717133362	7.84964526	8.05372308	7.7957189	8.7624989	0.966780005	0	0	0	0	0	3
126	322	0	0.722870429	7.81127135	8.04291368	7.7957189	8.73075643	0.935037534	0	0	0	0	0	3
127	325	0	0.728607496	7.8005798	8.03247805	7.7957189	8.73075643	0.935037534	0	0	0	0	0	3
128	327	0	0.734344563	7.79540001	8.021849	7.79540001	8.62703085	0.831630841	0	0	0	0	0	3
129	330	0	0.74008163	7.81561238	8.01262833	7.79540001	8.61156482	0.816164809	0	0	0	0	0	3
130	332	0	0.745818697	7.84884332	8.00396104	7.79540001	8.50781707	0.712417063	0	0	0	0	0	3
131	334	0	0.751555764	7.92763955	7.99736812	7.79540001	8.48803869	0.692638684	0	0	0	0	0	3
132	337	0	0.757292831	7.96082196	7.99137702	7.79540001	8.41941232	0.624012314	0	0	0	0	0	3
133	340	0	0.763029898	7.99739071	7.98658132	7.79540001	8.37047332	0.57507331	0	0	0	0	0	3
134	342	0	0.768766965	8.03026059	7.98271527	7.79540001	8.31017158	0.514771574	0	0	0	0	0	3
135	345	0	0.774504031	8.05921908	7.97986353	7.79540001	8.29903937	0.503639361	0	0	0	0	0	3
136	347	0	0.780241098	8.08838037	7.97746968	7.79540001	8.23416349	0.438763485	0	0	0	0	0	3
137	350	0	0.785978165	8.09657854	7.97590621	7.79540001	8.21776156	0.422361554	0	0	0	0	0	3
138	352	0	0.791715232	8.12641725	7.97486821	7.79540001	8.14162655	0.346226541	0	0	0	0	0	3
139	355	0	0.797452299	8.16072798	7.97508527	7.79540001	8.16072798	0.365327973	0	0	0	0	0	3
140	357	0	0.803189366	8.1519598	7.97541745	7.79540001	8.16072798	0.365327973	0	0	0	0	0	3
141	360	0	0.808926433	8.08684839	7.97544223	7.79540001	8.16072798	0.365327973	0	0	0	0	0	3
142	362	0	0.8146635	8.05486487	7.97495189	7.79540001	8.16072798	0.365327973	0	0	0	0	0	3
143	365	0	0.820400567	8.02838748	7.97458899	7.79540001	8.16072798	0.365327973	0	0	0	0	0	3
144	367	0	0.826137634	7.97355135	7.97365497	7.79540001	8.16072798	0.365327973	0	0	0	0	0	3
145	370	0	0.8318747	7.96323381	7.97265694	7.79540001	8.16072798	0.365327973	0	0	0	0	0	3
146	372	0	0.837611767	7.94844613	7.97122546	7.79540001	8.16072798	0.365327973	0	0	0	0	0	3
147	375	0	0.843348834	7.92075825	7.969362	7.79540001	8.16072798	0.365327973	0	0	0	0	0	3
148	378	0	0.849085901	7.87246592	7.96667521	7.79540001	8.16072798	0.365327973	0	0	0	0	0	3
149	380	0	0.854822968	7.81395032	7.96336407	7.79540001	8.16072798	0.365327973	0	0	0	0	0	3
150	383	0	0.860560035	7.75398875	7.95940224	7.75398875	8.16072798	0.406739233	0	0	0	0	0	3
151	386	0	0.866297102	7.76782666	7.9557692	7.75398875	8.16072798	0.406739233	0	0	0	0	0	3
152	388	0	0.872034169	7.78425374	7.95271263	7.75398875	8.16072798	0.406739233	0	0	0	0	0	3
153	391	0	0.877771236	7.79488727	7.9499471	7.75398875	8.16072798	0.406739233	0	0	0	0	0	3
154	393	0	0.883508303	7.79992209	7.94775292	7.75398875	8.16072798	0.406739233	0	0	0	0	0	3
155	396	0	0.889245369	7.78309931	7.94580515	7.75398875	8.16072798	0.406739233	0	0	0	0	0	3
156	398	0	0.894982436	7.78797097	7.94414624	7.75398875	8.16072798	0.406739233	0	0	0	0	0	3
157	401	0	0.900719503	7.74760873	7.94214989	7.74760873	8.16072798	0.413119252	0	0	0	0	0	3
158	404	0	0.90645657	7.75383485	7.93997401	7.74760873	8.16072798	0.413119252	0	0	0	0	0	3
159	406	0	0.912193637	7.75941289	7.93786935	7.74760873	8.16072798	0.413119252	0	0	0	0	0	3
160	409	0	0.917930704	7.77266123	7.93624422	7.74760873	8.16072798	0.413119252	0	0	0	0	0	3
161	412	0	0.923667771	7.78459695	7.93519992	7.74760873	8.16072798	0.413119252	0	0	0	0	0	3
162	414	0	0.929404838	7.79950979	7.93446031	7.74760873	8.16072798	0.413119252	0	0	0	0	0	3
163	417	0	0.935141905	7.79814243	7.93391548	7.74760873	8.16072798	0.413119252	0	0	0	0	0	3
164	420	0	0.940878972	7.79915443	7.9330671	7.74760873	8.16072798	0.413119252	0	0	0	0	0	3
165	422	0	0.946616038	7.79066981	7.93246049	7.74760873	8.16072798	0.413119252	0	0	0	0	0	3
166	425	0	0.952353105	7.8601096	7.93301743	7.74760873	8.16072798	0.413119252	0	0	0	0	0	3
167	427	0	0.958090172	7.86746685	7.93383274	7.74760873	8.16072798	0.413119252	0	0	0	0	0	3
168	430	0	0.963827239	7.9237726	7.93513904	7.74760873	8.16072798	0.413119252	0	0	0	0	0	3
169	432	0	0.969564306	7.8797647	7.93575448	7.74760873	8.16072798	0.413119252	0	0	0	0	0	3
170	434	0	0.975301373	7.9078305	7.93619589	7.74760873	8.16072798	0.413119252	0	0	0	0	0	3
171	437	0	0.98103844	7.8689521	7.9358413	7.74760873	8.16072798	0.413119252	0	0	0	0	0	3
172	439	0	0.986775507	7.85149743	7.93507956	7.74760873	8.16072798	0.413119252	0	0	0	0	0	3
173	441	0	0.992512574	7.8320464	7.93359361	7.74760873	8.16072798	0.413119252	0	0	0	0	0	3
174	444	0	0.998249641	7.81166579	7.9313667	7.74760873	8.16072798	0.413119252	0	0	0	0	0	3
175	447	0	1.00398671	7.76471421	7.92837238	7.74760873	8.16072798	0.413119252	0.810290111	0	100	0	0	3
176	449	0	1.00972377	7.79629503	7.9255087	7.74760873	8.16072798	0.413119252	0.810290111	0	100	0	0	3
177	452	0	1.01546084	7.8037588	7.92277043	7.74760873	8.16072798	0.413119252	0.810290111	0	100	0	0	3
178	455	0	1.02119791	7.86104805	7.92071337	7.74760873	8.16072798	0.413119252	0.810290111	0	100	0	0	3
179	457	0	1.02693498	7.85289602	7.91875648	7.74760873	8.16072798	0.413119252	0.810290111	0	100	0	0	3
180	459	0	1.03267204	7.83968477	7.91700394	7.74760873	8.16072798	0.413119252	0.810290111	0	100	0	0	3
181	462	0	1.03840911	7.81376218	7.91516176	7.74760873	8.16072798	0.413119252	0.810290111	0	100	0	0	3
182	464	0	1.04414618	7.83244721	7.91374278	7.74760873	8.16072798	0.413119252	0.810290111	0	100	0	0	3
183	467	0	1.04988324	7.86296226	7.91324794	7.74760873	8.16072798	0.413119252	0.810290111	0	100	0	0	3
184	469	0	1.05562031	7.88722555	7.91328563	7.74760873	8.16072798	0.413119252	0.810290111	0	100	0	0	3
185	472	0	1.06135738	7.89865556	7.91384277	7.74760873	8.16072798	0.413119252	0.810290111	0	100	0	0	3
186	474	0	1.06709444	7.91117378	7.91480411	7.74760873	8.16072798	0.413119252	0.810290111	0	100	0	0	3
187	477	0	1.07283151	7.91797435	7.91556998	7.74760873	8.16072798	0.413119252	0.810290111	0	100	0	0	3
188	479	0	1.07856858	7.9131731	7.91610777	7.74760873	8.16072798	0.413119252	0.810290111	0	100	0	0	3
189	482	0	1.08430564	7.91843145	7.91664729	7.74760873	8.16072798	0.413119252	0.810290111	0	100	0	0	3
190	484	0	1.09004271	7.90922186	7.91644647	7.74760873	8.16072798	0.413119252	0.810290111	0	100	0	0	3
191	487	0	1.09577978	7.84899632	7.91518549	7.74760873	8.16072798	0.413119252	0.810290111	0	100	0	0	3
192	489	0	1.10151684	7.8406466	7.91336871	7.74760873	8.16072798	0.413119252	0.810290111	0	100	0	0	3
193	491	0	1.10725391	7.82804383	7.91122297	7.74760873	8.16072798	0.40280713	0.810290111	0	100	0	0	3
194	494	0	1.11299098	7.82705047	7.90875101	7.74760873	8.16072798	0.383010649	0.810290111	0	100	0	0	3
195	496	0	1.11872805	7.82166774	7.90618382	7.74760873	8.16072798	0.367503822	0.810290111	0	100	0	0	3
196	498	0	1.12446511	7.87037152	7.90410679	7.74760873	8.16072798	0.350489235	0.810290111	0	100	0	0	3
197	501	0	1.13020218	7.86222022	7.90193879	7.74760873	8.16072798	0.337389452	0.810290111	0	100	0	0	3
198	503	0	1.13593925	7.87624655	7.8997396	7.74760873	8.16072798	0.32336267	0.810290111	0	100	0	0	3
199	506	0	1.14167631	7.88359808	7.89753827	7.74760873	8.16072798	0.311420996	0.810290111	0	100	0	0	3
200	508	0	1.14741338	7.87237763	7.8953073	7.74760873	8.16072798	0.298489781	0.810290111	0	100	0	0	3
201	515	0	1.15315045	7.84982989	7.89297595	7.74760873	8.16072798	0.287061121	0.810290111	0	100	0	0	3
202	517	0	1.15888751	7.86502126	7.89049819	7.74760873	8.16072798	0.275949793	0.810290111	0	100	0	0	3
203	520	0	1.16462458	7.8608535	7.88805223	7.74760873	8.16072798	0.266031511	0.810290111	0	100	0	0	3
204	522	0	1.17036165	7.90151116	7.88595241	7.74760873	8.16072798	0.255124825	0.810290111	0	100	0	0	3
205	524	0	1.17609871	7.87843616	7.88422307	7.74760873	8.16072798	0.244905864	0.810290111	0	100	0	0	3
206	527	0	1.18183578	7.8947822	7.88280011	7.74760873	8.16072798	0.234803744	0.810290111	0	100	0	0	3
207	529	0	1.18757285	7.8392389	7.88086442	7.74760873	8.16072798	0.226325621	0.810290111	0	100	0	0	3
208	532	0	1.19330992	7.84210157	7.87895126	7.74760873	8.16072798	0.217833441	0.810290111	0	100	0	0	3
209	534	0	1.19904698	7.83172524	7.87732687	7.74760873	8.16072798	0.208656144	0.810290111	0	100	0	0	3
210	537	0	1.20478405	7.84566801	7.87616018	7.74760873	8.16072798	0.198578402	0.810290111	0	100	0	0	3
211	539	0	1.21052112	7.87051051	7.87611991	7.74760873	8.16072798	0.187717197	0.810290111	0	100	0	0	3
212	542	0	1.21625818	7.93475854	7.87719296	7.74760873	8.16072798	0.177603173	0.810290111	0	100	0	0	3
213	545	0	1.22199525	7.95900689	7.87843571	7.74760873	8.16072798	0.166793769	0.810290111	0	100	0	0	3
214	547	0	1.22773232	7.97512316	7.88029766	7.74760873	8.16072798	0.156358139	0.810290111	0	100	0	0	3
215	550	0	1.23346938	7.98316012	7.88237243	7.74760873	8.16072798	0.145729089	0.810290111	0	100	0	0	3
