Iteration	CPUTime	PhysTime	Travels	Value	AvValue	MinValue	MaxValue	Delta	Criteria	Progress	CriteriaType	CriteriaVarType	CriteriaPercentage
1	15	0	0.0057370669	293.200023	293.200023	293.200023	293.200023	0	0	0	0	0	0	3
2	19	0	0.0114741338	293.20003	293.200027	293.200023	293.20003	3.37450734e-06	0	0	0	0	0	3
3	22	0	0.0172112007	293.200029	293.200028	293.200023	293.20003	4.25117855e-06	0	0	0	0	0	3
4	24	0	0.0229482676	293.200027	293.200028	293.200023	293.20003	4.25117855e-06	0	0	0	0	0	3
5	27	0	0.0286853345	293.200025	293.200027	293.200023	293.20003	4.25117855e-06	0	0	0	0	0	3
6	29	0	0.0344224014	293.200022	293.200026	293.200022	293.20003	4.25117855e-06	0	0	0	0	0	3
7	31	0	0.0401594683	293.200017	293.200025	293.200017	293.20003	4.25117855e-06	0	0	0	0	0	3
8	33	0	0.0458965352	293.200012	293.200023	293.200012	293.20003	4.44425666e-06	0	0	0	0	0	3
9	35	0	0.0516336021	293.200006	293.200021	293.200006	293.20003	6.34812824e-06	0	0	0	0	0	3
10	37	0	0.057370669	293.200001	293.200019	293.200001	293.20003	8.41798709e-06	0	0	0	0	0	3
11	40	0	0.0631077359	293.199993	293.200017	293.199993	293.20003	1.08101075e-05	0	0	0	0	0	3
12	42	0	0.0688448028	293.199986	293.200014	293.199986	293.20003	1.34266115e-05	0	0	0	0	0	3
13	44	0	0.0745818697	293.199978	293.200012	293.199978	293.20003	1.6195406e-05	0	0	0	0	0	3
14	46	0	0.0803189366	293.199971	293.200009	293.199971	293.20003	1.90650932e-05	0	0	0	0	0	3
15	48	0	0.0860560035	293.199965	293.200006	293.199965	293.20003	2.1997008e-05	0	0	0	0	0	3
16	50	0	0.0917930704	293.199955	293.200003	293.199955	293.20003	2.51608936e-05	0	0	0	0	0	3
17	53	0	0.0975301373	293.199946	293.199999	293.199946	293.20003	2.84843426e-05	0	0	0	0	0	3
18	55	0	0.103267204	293.199938	293.199996	293.199938	293.20003	3.19133161e-05	0	0	0	0	0	3
19	57	0	0.109004271	293.199929	293.199992	293.199929	293.20003	3.54064483e-05	0	0	0	0	0	3
20	59	0	0.114741338	293.199922	293.199989	293.199922	293.20003	3.89341733e-05	0	0	0	0	0	3
21	61	0	0.120478405	293.199911	293.199985	293.199911	293.20003	4.26334987e-05	0	0	0	0	0	3
22	64	0	0.126215472	293.199901	293.199981	293.199901	293.20003	4.64521475e-05	0	0	0	0	0	3
23	66	0	0.131952539	293.199892	293.199977	293.199892	293.20003	5.03489858e-05	0	0	0	0	0	3
24	68	0	0.137689606	293.199883	293.199973	293.199883	293.20003	5.42949342e-05	0	0	0	0	0	3
25	70	0	0.143426672	293.199874	293.199969	293.199874	293.20003	5.82670295e-05	0	0	0	0	0	3
26	73	0	0.149163739	293.199862	293.199965	293.199862	293.20003	6.24068213e-05	0	0	0	0	0	3
27	75	0	0.154900806	293.19985	293.199961	293.19985	293.20003	6.66745667e-05	0	0	0	0	0	3
28	77	0	0.160637873	293.199839	293.199957	293.199839	293.20003	7.10405458e-05	0	0	0	0	0	3
29	79	0	0.16637494	293.199828	293.199952	293.199828	293.20003	7.54811003e-05	0	0	0	0	0	3
30	82	0	0.172112007	293.199817	293.199948	293.199817	293.20003	7.99788963e-05	0	0	0	0	0	3
31	84	0	0.177849074	293.199802	293.199943	293.199802	293.20003	8.46837173e-05	0	0	0	0	0	3
32	86	0	0.183586141	293.199787	293.199938	293.199787	293.20003	8.9570317e-05	0	0	0	0	0	3
33	89	0	0.189323208	293.199772	293.199933	293.199772	293.20003	9.46199246e-05	0	0	0	0	0	3
34	91	0	0.195060275	293.199756	293.199928	293.199756	293.20003	9.98216581e-05	0	0	0	0	0	3
35	93	0	0.200797341	293.199741	293.199923	293.199741	293.20003	0.000105169953	0	0	0	0	0	3
36	96	0	0.206534408	293.199716	293.199917	293.199716	293.20003	0.000110907743	0	0	0	0	0	3
37	98	0	0.212271475	293.19969	293.199911	293.19969	293.20003	0.000117035302	0	0	0	0	0	3
38	100	0	0.218008542	293.199663	293.199904	293.199663	293.20003	0.000123556343	0	0	0	0	0	3
39	103	0	0.223745609	293.199635	293.199897	293.199635	293.20003	0.000130469376	0	0	0	0	0	3
40	105	0	0.229482676	293.199606	293.19989	293.199606	293.20003	0.000137761069	0	0	0	0	0	3
41	108	0	0.235219743	293.199564	293.199882	293.199564	293.20003	0.000145717295	0	0	0	0	0	3
42	110	0	0.24095681	293.199526	293.199874	293.199526	293.20003	0.000154201497	0	0	0	0	0	3
43	112	0	0.246693877	293.199493	293.199865	293.199493	293.20003	0.000163046923	0	0	0	0	0	3
44	115	0	0.252430944	293.199467	293.199856	293.199467	293.20003	0.0001720745	0	0	0	0	0	3
45	118	0	0.25816801	293.199449	293.199847	293.199449	293.20003	0.000181113387	0	0	0	0	0	3
46	120	0	0.263905077	293.199437	293.199838	293.199437	293.20003	0.000190024613	0	0	0	0	0	3
47	123	0	0.269642144	293.19943	293.199829	293.19943	293.20003	0.000198700725	0	0	0	0	0	3
48	126	0	0.275379211	293.199427	293.199821	293.199427	293.20003	0.000207073416	0	0	0	0	0	3
49	128	0	0.281116278	293.199427	293.199813	293.199427	293.20003	0.000215107992	0	0	0	0	0	3
50	130	0	0.286853345	293.199428	293.199805	293.199427	293.20003	0.000222800916	0	0	0	0	0	3
51	133	0	0.292590412	293.199429	293.199798	293.199427	293.20003	0.000230169351	0	0	0	0	0	3
52	135	0	0.298327479	293.19943	293.19979	293.199427	293.20003	0.000237235392	0	0	0	0	0	3
53	137	0	0.304064546	293.199431	293.199784	293.199427	293.20003	0.000244023391	0	0	0	0	0	3
54	139	0	0.309801613	293.199431	293.199777	293.199427	293.20003	0.000250557841	0	0	0	0	0	3
55	142	0	0.315538679	293.199431	293.199771	293.199427	293.20003	0.000256859613	0	0	0	0	0	3
56	144	0	0.321275746	293.19943	293.199765	293.199427	293.20003	0.000262949948	0	0	0	0	0	3
57	146	0	0.327012813	293.199429	293.199759	293.199427	293.20003	0.000268842055	0	0	0	0	0	3
58	149	0	0.33274988	293.199428	293.199753	293.199427	293.20003	0.000274546094	0	0	0	0	0	3
59	151	0	0.338486947	293.199427	293.199748	293.199427	293.20003	0.000280069892	0	0	0	0	0	3
60	153	0	0.344224014	293.199427	293.199742	293.199427	293.20003	0.000285420764	0	0	0	0	0	3
61	155	0	0.349961081	293.199426	293.199737	293.199426	293.20003	0.000290605508	0	0	0	0	0	3
62	158	0	0.355698148	293.199426	293.199732	293.199426	293.20003	0.0002956306	0	0	0	0	0	3
63	160	0	0.361435215	293.199425	293.199727	293.199425	293.20003	0.000300502436	0	0	0	0	0	3
64	162	0	0.367172282	293.199425	293.199723	293.199425	293.20003	0.000305227596	0	0	0	0	0	3
65	165	0	0.372909348	293.199425	293.199718	293.199425	293.20003	0.000309812205	0	0	0	0	0	3
66	167	0	0.378646415	293.199424	293.199713	293.199424	293.20003	0.000314262256	0	0	0	0	0	3
67	169	0	0.384383482	293.199424	293.199709	293.199424	293.20003	0.00031858332	0	0	0	0	0	3
68	172	0	0.390120549	293.199424	293.199705	293.199424	293.20003	0.000322780824	0	0	0	0	0	3
69	174	0	0.395857616	293.199423	293.199701	293.199423	293.20003	0.000326859785	0	0	0	0	0	3
70	176	0	0.401594683	293.199423	293.199697	293.199423	293.20003	0.000330824911	0	0	0	0	0	3
71	178	0	0.40733175	293.199423	293.199693	293.199423	293.20003	0.000334680729	0	0	0	0	0	3
72	181	0	0.413068817	293.199423	293.199689	293.199423	293.20003	0.000338431809	0	0	0	0	0	3
73	183	0	0.418805884	293.199423	293.199686	293.199423	293.20003	0.000342082318	0	0	0	0	0	3
74	185	0	0.424542951	293.199423	293.199682	293.199423	293.20003	0.00034563601	0	0	0	0	0	3
75	188	0	0.430280017	293.199423	293.199679	293.199423	293.20003	0.000349096333	0	0	0	0	0	3
76	190	0	0.436017084	293.199423	293.199675	293.199423	293.20003	0.000352462932	0	0	0	0	0	3
77	192	0	0.441754151	293.199423	293.199672	293.199423	293.20003	0.000355739804	0	0	0	0	0	3
78	194	0	0.447491218	293.199423	293.199669	293.199423	293.20003	0.000358930864	0	0	0	0	0	3
79	197	0	0.453228285	293.199423	293.199666	293.199423	293.20003	0.000362039254	0	0	0	0	0	3
80	199	0	0.458965352	293.199423	293.199663	293.199423	293.20003	0.000365067892	0	0	0	0	0	3
81	201	0	0.464702419	293.199423	293.19966	293.199423	293.20003	0.000368021797	0	0	0	0	0	3
82	204	0	0.470439486	293.199423	293.199657	293.199423	293.20003	0.00037090345	0	0	0	0	0	3
83	206	0	0.476176553	293.199423	293.199654	293.199423	293.20003	0.000373715015	0	0	0	0	0	3
84	209	0	0.48191362	293.199424	293.199651	293.199423	293.20003	0.000376458921	0	0	0	0	0	3
85	211	0	0.487650686	293.199424	293.199649	293.199423	293.20003	0.000379137194	0	0	0	0	0	3
86	214	0	0.493387753	293.199424	293.199646	293.199423	293.20003	0.000381754365	0	0	0	0	0	3
87	216	0	0.49912482	293.199423	293.199643	293.199423	293.20003	0.000384312446	0	0	0	0	0	3
88	219	0	0.504861887	293.199423	293.199641	293.199423	293.20003	0.000386813859	0	0	0	0	0	3
89	222	0	0.510598954	293.199423	293.199634	293.199423	293.20003	0.000393635553	0	0	0	0	0	3
90	224	0	0.516336021	293.199423	293.199627	293.199423	293.200029	0.000400535933	0	0	0	0	0	3
91	227	0	0.522073088	293.199423	293.19962	293.199423	293.200027	0.000407368377	0	0	0	0	0	3
92	230	0	0.527810155	293.199423	293.199613	293.199423	293.200025	0.00041378928	0	0	0	0	0	3
93	232	0	0.533547222	293.199423	293.199607	293.199423	293.200022	0.000419716322	0	0	0	0	0	3
94	235	0	0.539284289	293.199423	293.1996	293.199423	293.200017	0.000425184863	0	0	0	0	0	3
95	238	0	0.545021355	293.199422	293.199593	293.199422	293.200012	0.000430270348	0	0	0	0	0	3
96	240	0	0.550758422	293.199422	293.199586	293.199422	293.200006	0.000435063311	0	0	0	0	0	3
97	243	0	0.556495489	293.199422	293.19958	293.199422	293.200001	0.000439629514	0	0	0	0	0	3
98	245	0	0.562232556	293.199422	293.199573	293.199422	293.199993	0.000443812294	0	0	0	0	0	3
99	248	0	0.567969623	293.199422	293.199567	293.199422	293.199986	0.000447683818	0	0	0	0	0	3
100	250	0	0.57370669	293.199422	293.19956	293.199422	293.199978	0.0004513186	0	0	0	0	0	3
101	257	0	0.579443757	293.199422	293.199554	293.199422	293.199971	0.000454771055	0	0	0	0	0	3
102	260	0	0.585180824	293.199422	293.199548	293.199422	293.199965	0.000458082394	0	0	0	0	0	3
103	262	0	0.590917891	293.199422	293.199541	293.199422	293.199955	0.000461085559	0	0	0	0	0	3
104	265	0	0.596654958	293.199422	293.199535	293.199422	293.199946	0.000463819963	0	0	0	0	0	3
105	267	0	0.602392024	293.199422	293.199529	293.199422	293.199938	0.000466345625	0	0	0	0	0	3
106	270	0	0.608129091	293.199422	293.199524	293.199422	293.199929	0.00046870989	0	0	0	0	0	3
107	273	0	0.613866158	293.199422	293.199518	293.199422	293.199922	0.000470947503	0	0	0	0	0	3
108	275	0	0.619603225	293.199422	293.199512	293.199422	293.199911	0.000472925822	0	0	0	0	0	3
109	278	0	0.625340292	293.199422	293.199507	293.199422	293.199901	0.000474663158	0	0	0	0	0	3
110	280	0	0.631077359	293.199422	293.199501	293.199422	293.199892	0.000469697901	0	0	0	0	0	3
111	283	0	0.636814426	293.199422	293.199496	293.199422	293.199883	0.000460725584	0	0	0	0	0	3
112	285	0	0.642551493	293.199422	293.199491	293.199422	293.199874	0.000452180011	0	0	0	0	0	3
113	288	0	0.64828856	293.199422	293.199485	293.199422	293.199862	0.000439875715	0	0	0	0	0	3
114	291	0	0.654025627	293.199422	293.19948	293.199422	293.19985	0.000428141383	0	0	0	0	0	3
115	294	0	0.659762693	293.199422	293.199476	293.199422	293.199839	0.000416855348	0	0	0	0	0	3
116	296	0	0.66549976	293.199422	293.199471	293.199422	293.199828	0.000405960701	0	0	0	0	0	3
117	299	0	0.671236827	293.199422	293.199466	293.199422	293.199817	0.00039536235	0	0	0	0	0	3
118	301	0	0.676973894	293.199422	293.199462	293.199422	293.199802	0.000379948986	0	0	0	0	0	3
119	304	0	0.682710961	293.199422	293.199457	293.199422	293.199787	0.000364722419	0	0	0	0	0	3
120	307	0	0.688448028	293.199422	293.199453	293.199422	293.199772	0.000349569963	0	0	0	0	0	3
121	309	0	0.694185095	293.199422	293.199449	293.199422	293.199756	0.000334298466	0	0	0	0	0	3
122	312	0	0.699922162	293.199422	293.199446	293.199422	293.199741	0.000318765345	0	0	0	0	0	3
123	315	0	0.705659229	293.199422	293.199442	293.199422	293.199716	0.000294046932	0	0	0	0	0	3
124	317	0	0.711396296	293.199422	293.199439	293.199422	293.19969	0.000268149929	0	0	0	0	0	3
125	319	0	0.717133362	293.199422	293.199436	293.199422	293.199663	0.000240942449	0	0	0	0	0	3
126	322	0	0.722870429	293.199422	293.199433	293.199422	293.199635	0.000212612719	0	0	0	0	0	3
127	325	0	0.728607496	293.199423	293.19943	293.199422	293.199606	0.000183640201	0	0	0	0	0	3
128	327	0	0.734344563	293.199423	293.199428	293.199422	293.199564	0.000141811034	0	0	0	0	0	3
129	330	0	0.74008163	293.199423	293.199427	293.199422	293.199526	0.000103723527	0	0	0	0	0	3
130	332	0	0.745818697	293.199423	293.199426	293.199422	293.199493	7.12225021e-05	0	0	0	0	0	3
131	334	0	0.751555764	293.199423	293.199425	293.199422	293.199467	4.55170329e-05	0	0	0	0	0	3
132	337	0	0.757292831	293.199423	293.199424	293.199422	293.199449	2.69529392e-05	0	0	0	0	0	3
133	340	0	0.763029898	293.199423	293.199424	293.199422	293.199437	1.4747528e-05	0	0	0	0	0	3
134	342	0	0.768766965	293.199423	293.199424	293.199422	293.199431	8.89361331e-06	0	0	0	0	0	3
135	345	0	0.774504031	293.199423	293.199424	293.199422	293.199431	8.89361331e-06	0	0	0	0	0	3
136	347	0	0.780241098	293.199423	293.199424	293.199422	293.199431	8.89361331e-06	0	0	0	0	0	3
137	350	0	0.785978165	293.199423	293.199424	293.199422	293.199431	8.89361331e-06	0	0	0	0	0	3
138	352	0	0.791715232	293.199423	293.199424	293.199422	293.199431	8.89361331e-06	0	0	0	0	0	3
139	355	0	0.797452299	293.199423	293.199424	293.199422	293.199431	8.89361331e-06	0	0	0	0	0	3
140	357	0	0.803189366	293.199423	293.199423	293.199422	293.199431	8.89361331e-06	0	0	0	0	0	3
141	360	0	0.808926433	293.199423	293.199423	293.199422	293.199431	8.89361331e-06	0	0	0	0	0	3
142	362	0	0.8146635	293.199423	293.199423	293.199422	293.199431	8.62201398e-06	0	0	0	0	0	3
143	365	0	0.820400567	293.199422	293.199423	293.199422	293.19943	7.85895423e-06	0	0	0	0	0	3
144	367	0	0.826137634	293.199422	293.199423	293.199422	293.199429	6.97729041e-06	0	0	0	0	0	3
145	370	0	0.8318747	293.199422	293.199423	293.199422	293.199428	6.10102393e-06	0	0	0	0	0	3
146	372	0	0.837611767	293.199422	293.199423	293.199422	293.199427	5.32715165e-06	0	0	0	0	0	3
147	375	0	0.843348834	293.199422	293.199423	293.199422	293.199427	4.65513165e-06	0	0	0	0	0	3
148	378	0	0.849085901	293.199422	293.199423	293.199422	293.199426	4.0872003e-06	0	0	0	0	0	3
149	380	0	0.854822968	293.199422	293.199423	293.199422	293.199426	3.61607925e-06	0	0	0	0	0	3
150	383	0	0.860560035	293.199422	293.199423	293.199422	293.199425	3.22104989e-06	0	0	0	0	0	3
151	386	0	0.866297102	293.199422	293.199423	293.199422	293.199425	2.8646682e-06	0	0	0	0	0	3
152	388	0	0.872034169	293.199422	293.199423	293.199422	293.199425	2.55013794e-06	0	0	0	0	0	3
153	391	0	0.877771236	293.199422	293.199423	293.199422	293.199424	2.26175609e-06	0	0	0	0	0	3
154	393	0	0.883508303	293.199422	293.199423	293.199422	293.199424	2.00379321e-06	0	0	0	0	0	3
155	396	0	0.889245369	293.199422	293.199423	293.199422	293.199424	1.76375113e-06	0	0	0	0	0	3
156	398	0	0.894982436	293.199422	293.199423	293.199422	293.199424	1.66521329e-06	0	0	0	0	0	3
157	401	0	0.900719503	293.199422	293.199423	293.199422	293.199424	1.66521329e-06	0	0	0	0	0	3
158	404	0	0.90645657	293.199423	293.199423	293.199422	293.199424	1.66521329e-06	0	0	0	0	0	3
159	406	0	0.912193637	293.199423	293.199423	293.199422	293.199424	1.66521329e-06	0	0	0	0	0	3
160	409	0	0.917930704	293.199423	293.199423	293.199422	293.199424	1.66521329e-06	0	0	0	0	0	3
161	412	0	0.923667771	293.199423	293.199423	293.199422	293.199424	1.66521329e-06	0	0	0	0	0	3
162	414	0	0.929404838	293.199423	293.199423	293.199422	293.199424	1.66521329e-06	0	0	0	0	0	3
163	417	0	0.935141905	293.199423	293.199423	293.199422	293.199424	1.66521329e-06	0	0	0	0	0	3
164	420	0	0.940878972	293.199423	293.199423	293.199422	293.199424	1.66521329e-06	0	0	0	0	0	3
165	422	0	0.946616038	293.199423	293.199423	293.199422	293.199424	1.66521329e-06	0	0	0	0	0	3
166	425	0	0.952353105	293.199423	293.199423	293.199422	293.199424	1.66521329e-06	0	0	0	0	0	3
167	427	0	0.958090172	293.199423	293.199423	293.199422	293.199424	1.66521329e-06	0	0	0	0	0	3
168	430	0	0.963827239	293.199423	293.199423	293.199422	293.199424	1.66521329e-06	0	0	0	0	0	3
169	432	0	0.969564306	293.199423	293.199423	293.199422	293.199424	1.66521329e-06	0	0	0	0	0	3
170	434	0	0.975301373	293.199423	293.199423	293.199422	293.199424	1.66521329e-06	0	0	0	0	0	3
171	437	0	0.98103844	293.199423	293.199423	293.199422	293.199424	1.66521329e-06	0	0	0	0	0	3
172	439	0	0.986775507	293.199423	293.199423	293.199422	293.199424	1.66521329e-06	0	0	0	0	0	3
173	441	0	0.992512574	293.199423	293.199423	293.199422	293.199424	1.56343026e-06	0	0	0	0	0	3
174	444	0	0.998249641	293.199423	293.199423	293.199422	293.199423	1.46998042e-06	0	0	0	0	0	3
175	447	0	1.00398671	293.199423	293.199423	293.199422	293.199423	1.34049696e-06	1.82259202e-05	0	0	0	0	3
176	449	0	1.00972377	293.199423	293.199423	293.199422	293.199423	1.32201848e-06	1.82259202e-05	0	0	0	0	3
177	452	0	1.01546084	293.199423	293.199422	293.199422	293.199423	1.32201848e-06	1.82259202e-05	0	0	0	0	3
178	455	0	1.02119791	293.199423	293.199422	293.199422	293.199423	1.32201848e-06	1.82259202e-05	0	0	0	0	3
179	457	0	1.02693498	293.199423	293.199422	293.199422	293.199423	1.32201848e-06	1.82259202e-05	0	0	0	0	3
180	459	0	1.03267204	293.199423	293.199422	293.199422	293.199423	1.32201848e-06	1.82259202e-05	0	0	0	0	3
181	462	0	1.03840911	293.199423	293.199422	293.199422	293.199423	1.32201848e-06	1.82259202e-05	0	0	0	0	3
182	464	0	1.04414618	293.199423	293.199422	293.199422	293.199423	1.32201848e-06	1.82259202e-05	0	0	0	0	3
183	467	0	1.04988324	293.199423	293.199422	293.199422	293.199423	1.32201848e-06	1.82259202e-05	0	0	0	0	3
184	469	0	1.05562031	293.199423	293.199423	293.199422	293.199423	1.32201848e-06	1.82259202e-05	0	0	0	0	3
185	472	0	1.06135738	293.199423	293.199423	293.199422	293.199423	1.32201848e-06	1.82259202e-05	0	0	0	0	3
186	474	0	1.06709444	293.199423	293.199423	293.199422	293.199423	1.32201848e-06	1.82259202e-05	0	0	0	0	3
187	477	0	1.07283151	293.199423	293.199423	293.199422	293.199423	1.32201848e-06	1.82259202e-05	0	0	0	0	3
188	479	0	1.07856858	293.199423	293.199423	293.199422	293.199423	1.32201848e-06	1.82259202e-05	0	0	0	0	3
189	482	0	1.08430564	293.199423	293.199423	293.199422	293.199423	1.32201848e-06	1.82259202e-05	0	0	0	0	3
190	484	0	1.09004271	293.199423	293.199423	293.199422	293.199423	1.28899524e-06	1.82259202e-05	0	0	0	0	3
191	487	0	1.09577978	293.199423	293.199423	293.199422	293.199423	1.25492505e-06	1.82259202e-05	0	0	0	0	3
192	489	0	1.10151684	293.199423	293.199423	293.199422	293.199423	1.21211309e-06	1.82259202e-05	0	0	0	0	3
193	491	0	1.10725391	293.199423	293.199423	293.199422	293.199423	1.27451301e-06	1.82259202e-05	0	0	0	0	3
194	494	0	1.11299098	293.199423	293.199423	293.199422	293.199423	1.27451301e-06	1.82259202e-05	0	0	0	0	3
195	496	0	1.11872805	293.199423	293.199423	293.199422	293.199423	1.27451301e-06	1.82259202e-05	0	0	0	0	3
196	498	0	1.12446511	293.199423	293.199423	293.199422	293.199423	1.27451301e-06	1.82259202e-05	0	0	0	0	3
197	501	0	1.13020218	293.199423	293.199423	293.199422	293.199423	1.27451301e-06	1.82259202e-05	0	0	0	0	3
198	503	0	1.13593925	293.199423	293.199423	293.199422	293.199423	1.27451301e-06	1.82259202e-05	0	0	0	0	3
199	506	0	1.14167631	293.199423	293.199423	293.199422	293.199423	1.27451301e-06	1.82259202e-05	0	0	0	0	3
200	508	0	1.14741338	293.199423	293.199423	293.199422	293.199423	1.27451301e-06	1.82259202e-05	0	0	0	0	3
201	515	0	1.15315045	293.199423	293.199423	293.199422	293.199423	1.27451301e-06	1.82259202e-05	0	0	0	0	3
202	517	0	1.15888751	293.199423	293.199423	293.199422	293.199423	1.27451301e-06	1.82259202e-05	0	0	0	0	3
203	520	0	1.16462458	293.199423	293.199423	293.199422	293.199423	1.27451301e-06	1.82259202e-05	0	0	0	0	3
204	522	0	1.17036165	293.199423	293.199423	293.199422	293.199423	1.27451301e-06	1.82259202e-05	0	0	0	0	3
205	524	0	1.17609871	293.199423	293.199423	293.199422	293.199423	1.27451301e-06	1.82259202e-05	0	0	0	0	3
206	527	0	1.18183578	293.199423	293.199423	293.199422	293.199423	1.27451301e-06	1.82259202e-05	0	0	0	0	3
207	529	0	1.18757285	293.199422	293.199423	293.199422	293.199423	1.27451301e-06	1.82259202e-05	0	0	0	0	3
208	532	0	1.19330992	293.199422	293.199423	293.199422	293.199423	1.17084585e-06	1.82259202e-05	0	0	0	0	3
209	534	0	1.19904698	293.199422	293.199423	293.199422	293.199423	1.12561514e-06	1.82259202e-05	0	0	0	0	3
210	537	0	1.20478405	293.199422	293.199423	293.199422	293.199423	1.12618051e-06	1.82259202e-05	0	0	0	0	3
211	539	0	1.21052112	293.199422	293.199423	293.199422	293.199423	1.17157117e-06	1.82259202e-05	0	0	0	0	3
212	542	0	1.21625818	293.199422	293.199423	293.199422	293.199423	1.17746862e-06	1.82259202e-05	0	0	0	0	3
213	545	0	1.22199525	293.199422	293.199423	293.199422	293.199423	1.17746862e-06	1.82259202e-05	0	0	0	0	3
214	547	0	1.22773232	293.199422	293.199423	293.199422	293.199423	1.17746862e-06	1.82259202e-05	0	0	0	0	3
215	550	0	1.23346938	293.199422	293.199423	293.199422	293.199423	1.17746862e-06	1.82259202e-05	0	0	0	0	3
