Iteration	CPUTime	PhysTime	Travels	Value	AvValue	MinValue	MaxValue	Delta	Criteria	Progress	CriteriaType	CriteriaVarType	CriteriaPercentage
1	15	0	0.0057370669	0	0	0	0	0	0	0	0	0	0	3
2	19	0	0.0114741338	0	0	0	0	0	0	0	0	0	0	3
3	22	0	0.0172112007	0	0	0	0	0	0	0	0	0	0	3
4	24	0	0.0229482676	0	0	0	0	0	0	0	0	0	0	3
5	27	0	0.0286853345	0	0	0	0	0	0	0	0	0	0	3
6	29	0	0.0344224014	0	0	0	0	0	0	0	0	0	0	3
7	31	0	0.0401594683	0	0	0	0	0	0	0	0	0	0	3
8	33	0	0.0458965352	0	0	0	0	0	0	0	0	0	0	3
9	35	0	0.0516336021	0	0	0	0	0	0	0	0	0	0	3
10	37	0	0.057370669	0	0	0	0	0	0	0	0	0	0	3
11	40	0	0.0631077359	0	0	0	0	0	0	0	0	0	0	3
12	42	0	0.0688448028	0	0	0	0	0	0	0	0	0	0	3
13	44	0	0.0745818697	0	0	0	0	0	0	0	0	0	0	3
14	46	0	0.0803189366	0	0	0	0	0	0	0	0	0	0	3
15	48	0	0.0860560035	0	0	0	0	0	0	0	0	0	0	3
16	50	0	0.0917930704	0	0	0	0	0	0	0	0	0	0	3
17	53	0	0.0975301373	0	0	0	0	0	0	0	0	0	0	3
18	55	0	0.103267204	0	0	0	0	0	0	0	0	0	0	3
19	57	0	0.109004271	0	0	0	0	0	0	0	0	0	0	3
20	59	0	0.114741338	0	0	0	0	0	0	0	0	0	0	3
21	61	0	0.120478405	0	0	0	0	0	0	0	0	0	0	3
22	64	0	0.126215472	0	0	0	0	0	0	0	0	0	0	3
23	66	0	0.131952539	0	0	0	0	0	0	0	0	0	0	3
24	68	0	0.137689606	0	0	0	0	0	0	0	0	0	0	3
25	70	0	0.143426672	0	0	0	0	0	0	0	0	0	0	3
26	73	0	0.149163739	0	0	0	0	0	0	0	0	0	0	3
27	75	0	0.154900806	0	0	0	0	0	0	0	0	0	0	3
28	77	0	0.160637873	0	0	0	0	0	0	0	0	0	0	3
29	79	0	0.16637494	0	0	0	0	0	0	0	0	0	0	3
30	82	0	0.172112007	0	0	0	0	0	0	0	0	0	0	3
31	84	0	0.177849074	0	0	0	0	0	0	0	0	0	0	3
32	86	0	0.183586141	0	0	0	0	0	0	0	0	0	0	3
33	89	0	0.189323208	0	0	0	0	0	0	0	0	0	0	3
34	91	0	0.195060275	0	0	0	0	0	0	0	0	0	0	3
35	93	0	0.200797341	0	0	0	0	0	0	0	0	0	0	3
36	96	0	0.206534408	0	0	0	0	0	0	0	0	0	0	3
37	98	0	0.212271475	0	0	0	0	0	0	0	0	0	0	3
38	100	0	0.218008542	0	0	0	0	0	0	0	0	0	0	3
39	103	0	0.223745609	0	0	0	0	0	0	0	0	0	0	3
40	105	0	0.229482676	0	0	0	0	0	0	0	0	0	0	3
41	108	0	0.235219743	0	0	0	0	0	0	0	0	0	0	3
42	110	0	0.24095681	0	0	0	0	0	0	0	0	0	0	3
43	112	0	0.246693877	0	0	0	0	0	0	0	0	0	0	3
44	115	0	0.252430944	0	0	0	0	0	0	0	0	0	0	3
45	118	0	0.25816801	0	0	0	0	0	0	0	0	0	0	3
46	120	0	0.263905077	0	0	0	0	0	0	0	0	0	0	3
47	123	0	0.269642144	0	0	0	0	0	0	0	0	0	0	3
48	126	0	0.275379211	0	0	0	0	0	0	0	0	0	0	3
49	128	0	0.281116278	0	0	0	0	0	0	0	0	0	0	3
50	130	0	0.286853345	0	0	0	0	0	0	0	0	0	0	3
51	133	0	0.292590412	0	0	0	0	0	0	0	0	0	0	3
52	135	0	0.298327479	0	0	0	0	0	0	0	0	0	0	3
53	137	0	0.304064546	0	0	0	0	0	0	0	0	0	0	3
54	139	0	0.309801613	0	0	0	0	0	0	0	0	0	0	3
55	142	0	0.315538679	0	0	0	0	0	0	0	0	0	0	3
56	144	0	0.321275746	0	0	0	0	0	0	0	0	0	0	3
57	146	0	0.327012813	0	0	0	0	0	0	0	0	0	0	3
58	149	0	0.33274988	0	0	0	0	0	0	0	0	0	0	3
59	151	0	0.338486947	0	0	0	0	0	0	0	0	0	0	3
60	153	0	0.344224014	0	0	0	0	0	0	0	0	0	0	3
61	155	0	0.349961081	0	0	0	0	0	0	0	0	0	0	3
62	158	0	0.355698148	0	0	0	0	0	0	0	0	0	0	3
63	160	0	0.361435215	0	0	0	0	0	0	0	0	0	0	3
64	162	0	0.367172282	0	0	0	0	0	0	0	0	0	0	3
65	165	0	0.372909348	0	0	0	0	0	0	0	0	0	0	3
66	167	0	0.378646415	0	0	0	0	0	0	0	0	0	0	3
67	169	0	0.384383482	0	0	0	0	0	0	0	0	0	0	3
68	172	0	0.390120549	0	0	0	0	0	0	0	0	0	0	3
69	174	0	0.395857616	0	0	0	0	0	0	0	0	0	0	3
70	176	0	0.401594683	0	0	0	0	0	0	0	0	0	0	3
71	178	0	0.40733175	0	0	0	0	0	0	0	0	0	0	3
72	181	0	0.413068817	0	0	0	0	0	0	0	0	0	0	3
73	183	0	0.418805884	0	0	0	0	0	0	0	0	0	0	3
74	185	0	0.424542951	0	0	0	0	0	0	0	0	0	0	3
75	188	0	0.430280017	0	0	0	0	0	0	0	0	0	0	3
76	190	0	0.436017084	0	0	0	0	0	0	0	0	0	0	3
77	192	0	0.441754151	0	0	0	0	0	0	0	0	0	0	3
78	194	0	0.447491218	0	0	0	0	0	0	0	0	0	0	3
79	197	0	0.453228285	0	0	0	0	0	0	0	0	0	0	3
80	199	0	0.458965352	0	0	0	0	0	0	0	0	0	0	3
81	201	0	0.464702419	0	0	0	0	0	0	0	0	0	0	3
82	204	0	0.470439486	0	0	0	0	0	0	0	0	0	0	3
83	206	0	0.476176553	0	0	0	0	0	0	0	0	0	0	3
84	209	0	0.48191362	0	0	0	0	0	0	0	0	0	0	3
85	211	0	0.487650686	0	0	0	0	0	0	0	0	0	0	3
86	214	0	0.493387753	0	0	0	0	0	0	0	0	0	0	3
87	216	0	0.49912482	0	0	0	0	0	0	0	0	0	0	3
88	219	0	0.504861887	0	0	0	0	0	0	0	0	0	0	3
89	222	0	0.510598954	0	0	0	0	0	0	0	0	0	0	3
90	224	0	0.516336021	0	0	0	0	0	0	0	0	0	0	3
91	227	0	0.522073088	0	0	0	0	0	0	0	0	0	0	3
92	230	0	0.527810155	0	0	0	0	0	0	0	0	0	0	3
93	232	0	0.533547222	0	0	0	0	0	0	0	0	0	0	3
94	235	0	0.539284289	0	0	0	0	0	0	0	0	0	0	3
95	238	0	0.545021355	0	0	0	0	0	0	0	0	0	0	3
96	240	0	0.550758422	0	0	0	0	0	0	0	0	0	0	3
97	243	0	0.556495489	0	0	0	0	0	0	0	0	0	0	3
98	245	0	0.562232556	0	0	0	0	0	0	0	0	0	0	3
99	248	0	0.567969623	0	0	0	0	0	0	0	0	0	0	3
100	250	0	0.57370669	0	0	0	0	0	0	0	0	0	0	3
101	257	0	0.579443757	0	0	0	0	0	0	0	0	0	0	3
102	260	0	0.585180824	0	0	0	0	0	0	0	0	0	0	3
103	262	0	0.590917891	0	0	0	0	0	0	0	0	0	0	3
104	265	0	0.596654958	0	0	0	0	0	0	0	0	0	0	3
105	267	0	0.602392024	0	0	0	0	0	0	0	0	0	0	3
106	270	0	0.608129091	0	0	0	0	0	0	0	0	0	0	3
107	273	0	0.613866158	0	0	0	0	0	0	0	0	0	0	3
108	275	0	0.619603225	0	0	0	0	0	0	0	0	0	0	3
109	278	0	0.625340292	0	0	0	0	0	0	0	0	0	0	3
110	280	0	0.631077359	0	0	0	0	0	0	0	0	0	0	3
111	283	0	0.636814426	0	0	0	0	0	0	0	0	0	0	3
112	285	0	0.642551493	0	0	0	0	0	0	0	0	0	0	3
113	288	0	0.64828856	0	0	0	0	0	0	0	0	0	0	3
114	291	0	0.654025627	0	0	0	0	0	0	0	0	0	0	3
115	294	0	0.659762693	0	0	0	0	0	0	0	0	0	0	3
116	296	0	0.66549976	0	0	0	0	0	0	0	0	0	0	3
117	299	0	0.671236827	0	0	0	0	0	0	0	0	0	0	3
118	301	0	0.676973894	0	0	0	0	0	0	0	0	0	0	3
119	304	0	0.682710961	0	0	0	0	0	0	0	0	0	0	3
120	307	0	0.688448028	0	0	0	0	0	0	0	0	0	0	3
121	309	0	0.694185095	0	0	0	0	0	0	0	0	0	0	3
122	312	0	0.699922162	0	0	0	0	0	0	0	0	0	0	3
123	315	0	0.705659229	0	0	0	0	0	0	0	0	0	0	3
124	317	0	0.711396296	0	0	0	0	0	0	0	0	0	0	3
125	319	0	0.717133362	0	0	0	0	0	0	0	0	0	0	3
126	322	0	0.722870429	0	0	0	0	0	0	0	0	0	0	3
127	325	0	0.728607496	0	0	0	0	0	0	0	0	0	0	3
128	327	0	0.734344563	0	0	0	0	0	0	0	0	0	0	3
129	330	0	0.74008163	0	0	0	0	0	0	0	0	0	0	3
130	332	0	0.745818697	0	0	0	0	0	0	0	0	0	0	3
131	334	0	0.751555764	0	0	0	0	0	0	0	0	0	0	3
132	337	0	0.757292831	0	0	0	0	0	0	0	0	0	0	3
133	340	0	0.763029898	0	0	0	0	0	0	0	0	0	0	3
134	342	0	0.768766965	0	0	0	0	0	0	0	0	0	0	3
135	345	0	0.774504031	0	0	0	0	0	0	0	0	0	0	3
136	347	0	0.780241098	0	0	0	0	0	0	0	0	0	0	3
137	350	0	0.785978165	0	0	0	0	0	0	0	0	0	0	3
138	352	0	0.791715232	0	0	0	0	0	0	0	0	0	0	3
139	355	0	0.797452299	0	0	0	0	0	0	0	0	0	0	3
140	357	0	0.803189366	0	0	0	0	0	0	0	0	0	0	3
141	360	0	0.808926433	0	0	0	0	0	0	0	0	0	0	3
142	362	0	0.8146635	0	0	0	0	0	0	0	0	0	0	3
143	365	0	0.820400567	0	0	0	0	0	0	0	0	0	0	3
144	367	0	0.826137634	0	0	0	0	0	0	0	0	0	0	3
145	370	0	0.8318747	0	0	0	0	0	0	0	0	0	0	3
146	372	0	0.837611767	0	0	0	0	0	0	0	0	0	0	3
147	375	0	0.843348834	0	0	0	0	0	0	0	0	0	0	3
148	378	0	0.849085901	0	0	0	0	0	0	0	0	0	0	3
149	380	0	0.854822968	0	0	0	0	0	0	0	0	0	0	3
150	383	0	0.860560035	0	0	0	0	0	0	0	0	0	0	3
151	386	0	0.866297102	0	0	0	0	0	0	0	0	0	0	3
152	388	0	0.872034169	0	0	0	0	0	0	0	0	0	0	3
153	391	0	0.877771236	0	0	0	0	0	0	0	0	0	0	3
154	393	0	0.883508303	0	0	0	0	0	0	0	0	0	0	3
155	396	0	0.889245369	0	0	0	0	0	0	0	0	0	0	3
156	398	0	0.894982436	0	0	0	0	0	0	0	0	0	0	3
157	401	0	0.900719503	0	0	0	0	0	0	0	0	0	0	3
158	404	0	0.90645657	0	0	0	0	0	0	0	0	0	0	3
159	406	0	0.912193637	0	0	0	0	0	0	0	0	0	0	3
160	409	0	0.917930704	0	0	0	0	0	0	0	0	0	0	3
161	412	0	0.923667771	0	0	0	0	0	0	0	0	0	0	3
162	414	0	0.929404838	0	0	0	0	0	0	0	0	0	0	3
163	417	0	0.935141905	0	0	0	0	0	0	0	0	0	0	3
164	420	0	0.940878972	0	0	0	0	0	0	0	0	0	0	3
165	422	0	0.946616038	0	0	0	0	0	0	0	0	0	0	3
166	425	0	0.952353105	0	0	0	0	0	0	0	0	0	0	3
167	427	0	0.958090172	0	0	0	0	0	0	0	0	0	0	3
168	430	0	0.963827239	0	0	0	0	0	0	0	0	0	0	3
169	432	0	0.969564306	0	0	0	0	0	0	0	0	0	0	3
170	434	0	0.975301373	0	0	0	0	0	0	0	0	0	0	3
171	437	0	0.98103844	0	0	0	0	0	0	0	0	0	0	3
172	439	0	0.986775507	0	0	0	0	0	0	0	0	0	0	3
173	441	0	0.992512574	0	0	0	0	0	0	0	0	0	0	3
174	444	0	0.998249641	0	0	0	0	0	0	0	0	0	0	3
175	447	0	1.00398671	0	0	0	0	0	0.001	0	0	0	0	3
176	449	0	1.00972377	0	0	0	0	0	0.001	0	0	0	0	3
177	452	0	1.01546084	0	0	0	0	0	0.001	0	0	0	0	3
178	455	0	1.02119791	0	0	0	0	0	0.001	0	0	0	0	3
179	457	0	1.02693498	0	0	0	0	0	0.001	0	0	0	0	3
180	459	0	1.03267204	0	0	0	0	0	0.001	0	0	0	0	3
181	462	0	1.03840911	0	0	0	0	0	0.001	0	0	0	0	3
182	464	0	1.04414618	0	0	0	0	0	0.001	0	0	0	0	3
183	467	0	1.04988324	0	0	0	0	0	0.001	0	0	0	0	3
184	469	0	1.05562031	0	0	0	0	0	0.001	0	0	0	0	3
185	472	0	1.06135738	0	0	0	0	0	0.001	0	0	0	0	3
186	474	0	1.06709444	0	0	0	0	0	0.001	0	0	0	0	3
187	477	0	1.07283151	0	0	0	0	0	0.001	0	0	0	0	3
188	479	0	1.07856858	0	0	0	0	0	0.001	0	0	0	0	3
189	482	0	1.08430564	0	0	0	0	0	0.001	0	0	0	0	3
190	484	0	1.09004271	0	0	0	0	0	0.001	0	0	0	0	3
191	487	0	1.09577978	0	0	0	0	0	0.001	0	0	0	0	3
192	489	0	1.10151684	0	0	0	0	0	0.001	0	0	0	0	3
193	491	0	1.10725391	0	0	0	0	0	0.001	0	0	0	0	3
194	494	0	1.11299098	0	0	0	0	0	0.001	0	0	0	0	3
195	496	0	1.11872805	0	0	0	0	0	0.001	0	0	0	0	3
196	498	0	1.12446511	0	0	0	0	0	0.001	0	0	0	0	3
197	501	0	1.13020218	0	0	0	0	0	0.001	0	0	0	0	3
198	503	0	1.13593925	0	0	0	0	0	0.001	0	0	0	0	3
199	506	0	1.14167631	0	0	0	0	0	0.001	0	0	0	0	3
200	508	0	1.14741338	0	0	0	0	0	0.001	0	0	0	0	3
201	515	0	1.15315045	0	0	0	0	0	0.001	0	0	0	0	3
202	517	0	1.15888751	0	0	0	0	0	0.001	0	0	0	0	3
203	520	0	1.16462458	0	0	0	0	0	0.001	0	0	0	0	3
204	522	0	1.17036165	0	0	0	0	0	0.001	0	0	0	0	3
205	524	0	1.17609871	0	0	0	0	0	0.001	0	0	0	0	3
206	527	0	1.18183578	0	0	0	0	0	0.001	0	0	0	0	3
207	529	0	1.18757285	0	0	0	0	0	0.001	0	0	0	0	3
208	532	0	1.19330992	0	0	0	0	0	0.001	0	0	0	0	3
209	534	0	1.19904698	0	0	0	0	0	0.001	0	0	0	0	3
210	537	0	1.20478405	0	0	0	0	0	0.001	0	0	0	0	3
211	539	0	1.21052112	0	0	0	0	0	0.001	0	0	0	0	3
212	542	0	1.21625818	0	0	0	0	0	0.001	0	0	0	0	3
213	545	0	1.22199525	0	0	0	0	0	0.001	0	0	0	0	3
214	547	0	1.22773232	0	0	0	0	0	0.001	0	0	0	0	3
215	550	0	1.23346938	0	0	0	0	0	0.001	0	0	0	0	3
