Iteration	CPUTime	PhysTime	Travels	Value	AvValue	MinValue	MaxValue	Delta	Criteria	Progress	CriteriaType	CriteriaVarType	CriteriaPercentage
1	1	0	0.0206769686	0.0141154713	0.0141154713	0.0141154713	0.0141154713	0	0	0	0	0	0	3
2	1	0	0.0413539373	0.0100899216	0.0121026964	0.0100899216	0.0141154713	0.00201277486	0	0	0	0	0	3
3	1	0	0.0620309059	0.0106783324	0.0116279084	0.0100899216	0.0141154713	0.00248756286	0	0	0	0	0	3
4	1	0	0.0827078746	0.0111006923	0.0114961044	0.0100899216	0.0141154713	0.00261936688	0	0	0	0	0	3
5	2	0	0.103384843	0.0111349831	0.0114238801	0.0100899216	0.0141154713	0.00269159115	0	0	0	0	0	3
6	2	0	0.124061812	0.0109737069	0.0113488513	0.0100899216	0.0141154713	0.00276662002	0	0	0	0	0	3
7	2	0	0.144738781	0.0113856623	0.01135411	0.0100899216	0.0141154713	0.00276662002	0	0	0	0	0	3
8	2	0	0.165415749	0.0112155151	0.0113367856	0.0100899216	0.0141154713	0.00277868567	0	0	0	0	0	3
9	2	0	0.186092718	0.0113065157	0.0113334223	0.0100899216	0.0141154713	0.00278204899	0	0	0	0	0	3
10	2	0	0.206769686	0.0111670607	0.0113167861	0.0100899216	0.0141154713	0.00279868515	0	0	0	0	0	3
11	2	0	0.227446655	0.0117446212	0.0113556802	0.0100899216	0.0141154713	0.00279868515	0	0	0	0	0	3
12	3	0	0.248123624	0.0118262184	0.0113948918	0.0100899216	0.0141154713	0.00279868515	0	0	0	0	0	3
13	3	0	0.268800592	0.0121966917	0.0114565687	0.0100899216	0.0141154713	0.00279868515	0	0	0	0	0	3
14	3	0	0.289477561	0.012418848	0.0115253029	0.0100899216	0.0141154713	0.00279868515	0	0	0	0	0	3
15	3	0	0.31015453	0.0128461022	0.0116133562	0.0100899216	0.0141154713	0.00279868515	0	0	0	0	0	3
16	3	0	0.330831498	0.0136558863	0.0117410143	0.0100899216	0.0141154713	0.00279868515	0	0	0	0	0	3
17	3	0	0.351508467	0.0141793186	0.011884444	0.0100899216	0.0141793186	0.00279868515	0	0	0	0	0	3
18	3	0	0.372185436	0.0142785835	0.0120174517	0.0100899216	0.0142785835	0.00279868515	0	0	0	0	0	3
19	4	0	0.392862404	0.0145579813	0.0121511638	0.0100899216	0.0145579813	0.00279868515	0	0	0	0	0	3
20	4	0	0.413539373	0.0146532978	0.0122762705	0.0100899216	0.0146532978	0.00279868515	0	0	0	0	0	3
21	4	0	0.434216342	0.0149023639	0.0124013226	0.0100899216	0.0149023639	0.00279868515	0	0	0	0	0	3
22	4	0	0.45489331	0.0149811578	0.0125185878	0.0100899216	0.0149811578	0.00279868515	0	0	0	0	0	3
23	4	0	0.475570279	0.015080975	0.012629996	0.0100899216	0.015080975	0.00279868515	0	0	0	0	0	3
24	4	0	0.496247248	0.0152332533	0.012738465	0.0100899216	0.0152332533	0.00279868515	0	0	0	0	0	3
25	4	0	0.516924216	0.0152316854	0.0128381938	0.0100899216	0.0152332533	0.00279868515	0	0	0	0	0	3
26	5	0	0.537601185	0.0128553889	0.0127877905	0.0100899216	0.0152332533	0.0015214077	0	0	0	0	0	3
27	5	0	0.558278153	0.0128829382	0.0128995112	0.0106783324	0.0152332533	0.00158272506	0	0	0	0	0	3
28	5	0	0.578955122	0.012824681	0.0129853651	0.0109737069	0.0152332533	0.00166857901	0	0	0	0	0	3
29	5	0	0.599632091	0.0128347306	0.0130547267	0.0109737069	0.0152332533	0.00173794054	0	0	0	0	0	3
30	5	0	0.620309059	0.0127473568	0.0131192216	0.0109737069	0.0152332533	0.00180243548	0	0	0	0	0	3
31	5	0	0.640986028	0.0102035985	0.0130884173	0.0102035985	0.0152332533	0.00180243548	0	0	0	0	0	3
32	6	0	0.661662997	0.0101565764	0.0130392539	0.0101565764	0.0152332533	0.00180243548	0	0	0	0	0	3
33	6	0	0.682339965	0.0101587648	0.0129969838	0.0101565764	0.0152332533	0.00180243548	0	0	0	0	0	3
34	6	0	0.703016934	0.0101568487	0.0129509972	0.0101565764	0.0152332533	0.00180243548	0	0	0	0	0	3
35	6	0	0.723693903	0.0102294741	0.0129134937	0.0101565764	0.0152332533	0.00176354138	0	0	0	0	0	3
36	6	0	0.744370871	0.00985074891	0.0128377388	0.00985074891	0.0152332533	0.00172432987	0	0	0	0	0	3
37	6	0	0.76504784	0.0101052295	0.0127688992	0.00985074891	0.0152332533	0.00166265295	0	0	0	0	0	3
38	7	0	0.785724809	0.0102318738	0.0126903065	0.00985074891	0.0152332533	0.00159391871	0	0	0	0	0	3
39	7	0	0.806401777	0.010339891	0.0126071483	0.00985074891	0.0152332533	0.00150586542	0	0	0	0	0	3
40	7	0	0.827078746	0.0105558906	0.0125155398	0.00985074891	0.0152332533	0.00137820729	0	0	0	0	0	3
41	7	0	0.847755715	0.00668749334	0.0122368041	0.00668749334	0.0152332533	0.00123477763	0	0	0	0	0	3
42	7	0	0.868432683	0.0068354082	0.0119430477	0.00668749334	0.0152332533	0.00117617397	0	0	0	0	0	3
43	7	0	0.889109652	0.00657857571	0.0116350473	0.00657857571	0.0152332533	0.00148417428	0	0	0	0	0	3
44	8	0	0.90978662	0.00702567759	0.0113337552	0.00657857571	0.0152332533	0.00178546643	0	0	0	0	0	3
45	8	0	0.930463589	0.00671375602	0.0110161735	0.00657857571	0.0152332533	0.0021030481	0	0	0	0	0	3
46	8	0	0.951140558	0.00675211366	0.0106901635	0.00657857571	0.0152332533	0.00242905811	0	0	0	0	0	3
47	8	0	0.971817526	0.0067315934	0.0103601809	0.00657857571	0.0152332533	0.00275904069	0	0	0	0	0	3
48	8	0	0.992494495	0.00664666442	0.0100228085	0.00657857571	0.0152332533	0.00309641311	0	0	0	0	0	3
49	8	0	1.01317146	0.0067737803	0.0096844296	0.00657857571	0.0152316854	0.00343479203	0.000348956599	0	10.1	0	0	3
50	8	0	1.03384843	0.00685286117	0.00934927662	0.00657857571	0.0128829382	0.003769945	0.000348956599	0	9.2	0	0	3
51	9	0	1.0545254	0.0071236396	0.00912000665	0.00657857571	0.0128829382	0.00399921497	0.000348956599	0	8.7	0	0	3
52	9	0	1.07520237	0.00712517015	0.00888969593	0.00657857571	0.0128347306	0.00422952569	0.000348956599	0	8.2	0	0	3
53	9	0	1.09587934	0.00704111724	0.00865835338	0.00657857571	0.0128347306	0.00446086824	0.000348956599	0	7.8	0	0	3
54	9	0	1.11655631	0.0072414984	0.0084346241	0.00657857571	0.0127473568	0.00468459753	0.000348956599	0	7.4	0	0	3
55	9	0	1.13723328	0.0069104459	0.00820114766	0.00657857571	0.0105558906	0.00397731493	0.000348956599	0	8.7	0	0	3
56	10	0	1.15791024	0.00716603319	0.00807964505	0.00657857571	0.0105558906	0.00397731493	0.000348956599	0	8.7	0	0	3
57	10	0	1.17858721	0.00671247007	0.0079418808	0.00657857571	0.0105558906	0.00397731493	0.000348956599	0	8.7	0	0	3
58	10	0	1.19926418	0.0071217369	0.00782039968	0.00657857571	0.0105558906	0.00397731493	0.000348956599	0	8.7	0	0	3
59	10	0	1.21994115	0.00660869174	0.0076784734	0.00657857571	0.0105558906	0.00397731493	0.000348956599	0	8.7	0	0	3
60	10	0	1.24061812	0.00703898629	0.00755085389	0.00657857571	0.0105558906	0.00397731493	0.000348956599	0	8.7	0	0	3
61	10	0	1.26129509	0.006632778	0.00742213505	0.00657857571	0.0105558906	0.00397731493	0.000348956599	0	8.7	0	0	3
62	11	0	1.28197206	0.00708274968	0.00730123586	0.00657857571	0.0105558906	0.00397731493	0.000348956599	0	8.7	0	0	3
63	11	0	1.30264902	0.00666911341	0.00715872544	0.00657857571	0.0105558906	0.00397731493	0.000348956599	0	8.7	0	0	3
64	11	0	1.32332599	0.00691852021	0.00702187061	0.00657857571	0.0105558906	0.00397731493	0.000348956599	0	8.7	0	0	3
65	11	0	1.34400296	0.00653417448	0.00686100196	0.00653417448	0.0072414984	0.000707323917	0.00034906849	0	49.3	0	0	3
66	11	0	1.36467993	0.00691358855	0.00687004577	0.00653417448	0.0072414984	0.000707323917	0.000349167217	0	49.3	0	0	3
67	12	0	1.3853569	0.00669592495	0.00686446644	0.00653417448	0.0072414984	0.000707323917	0.000349254975	0	49.3	0	0	3
68	12	0	1.40603387	0.00691330737	0.00687785571	0.00653417448	0.0072414984	0.000707323917	0.000349333495	0	49.3	0	0	3
69	12	0	1.42671084	0.0068612672	0.00687127929	0.00653417448	0.0072414984	0.000707323917	0.000349404163	0	49.3	0	0	3
70	12	0	1.44738781	0.00699414216	0.00688249474	0.00653417448	0.0072414984	0.000707323917	0.000349468101	0	49.4	0	0	3
71	12	0	1.46806477	0.00679987211	0.00688440508	0.00653417448	0.0072414984	0.000707323917	0.000349526226	0	49.4	0	0	3
72	12	0	1.48874174	0.00700451726	0.00689532203	0.00653417448	0.0072414984	0.000707323917	0.000349579297	0	49.4	0	0	3
73	13	0	1.50941871	0.00673069907	0.00689868342	0.00653417448	0.0072414984	0.000707323917	0.000349625311	0	49.4	0	0	3
74	13	0	1.53009568	0.0069248357	0.00690472563	0.00653417448	0.0072414984	0.000707323917	0.000348956599	0	49.3	0	0	3
75	13	0	1.55077265	0.00693653782	0.0069080727	0.00653417448	0.0072414984	0.000707323917	0.000348956599	0	49.3	0	0	3
76	13	0	1.57144962	0.00694202045	0.00690080793	0.00653417448	0.0072414984	0.000707323917	0.000348956599	0	49.3	0	0	3
77	13	0	1.59212659	0.00689694353	0.00689167887	0.00653417448	0.0072414984	0.000707323917	0.000348956599	0	49.3	0	0	3
78	13	0	1.61280355	0.00692753811	0.0068871357	0.00653417448	0.0072414984	0.000707323917	0.000348956599	0	49.3	0	0	3
79	14	0	1.63348052	0.00687702767	0.00687255687	0.00653417448	0.00716603319	0.000631858714	0.000348956599	0	55.2	0	0	3
80	14	0	1.65415749	0.00687700106	0.00687121908	0.00653417448	0.00716603319	0.000631858714	0.000348956599	0	55.2	0	0	3
81	14	0	1.67483446	0.00692186952	0.00686145253	0.00653417448	0.0071217369	0.00058756242	0.000348956599	0	59.3	0	0	3
82	14	0	1.69551143	0.00698547881	0.00687237288	0.00653417448	0.0071217369	0.00058756242	0.000348956599	0	59.3	0	0	3
83	14	0	1.7161884	0.00692926543	0.00686467402	0.00653417448	0.00708274968	0.000548575202	0.000348956599	0	63.6	0	0	3
84	14	0	1.73686537	0.0070183922	0.00688106204	0.00653417448	0.00708274968	0.000548575202	0.000348956599	0	63.6	0	0	3
85	14	0	1.75754234	0.00686914944	0.00687426857	0.00653417448	0.00708274968	0.000548575202	0.000348956599	0	63.6	0	0	3
86	15	0	1.7782193	0.00687741479	0.00688405404	0.00653417448	0.00708274968	0.000440233896	0.000348956599	0	79.2	0	0	3
87	15	0	1.79889627	0.00679795239	0.00687266215	0.00653417448	0.0070183922	0.00029772348	0.000348956599	0	100	0	0	3
88	15	0	1.81957324	0.00677119334	0.00687674534	0.00653417448	0.0070183922	0.000160868646	0.000348956599	0	100	0	0	3
89	15	0	1.84025021	0.00674809233	0.00686992823	0.00653417448	0.0070183922	4.70707349e-05	0.000348956599	0	100	0	0	3
90	15	0	1.86092718	0.00665220784	0.00687464956	0.00665220784	0.0070183922	4.66201658e-05	0.000348956599	0	100	0	0	3
91	15	0	1.88160415	0.00665170193	0.0068641741	0.00665170193	0.0070183922	4.66201658e-05	0.000348956599	0	100	0	0	3
92	16	0	1.90228112	0.00666353516	0.00686287851	0.00665170193	0.0070183922	4.66201658e-05	0.000348956599	0	100	0	0	3
93	16	0	1.92295808	0.00662590712	0.0068513825	0.00662590712	0.0070183922	5.66902002e-05	0.000348956599	0	100	0	0	3
94	16	0	1.94363505	0.0066329842	0.00684225118	0.00662590712	0.0070183922	6.58215202e-05	0.000348956599	0	100	0	0	3
95	16	0	1.96431202	0.00663670725	0.00682795378	0.00662590712	0.0070183922	8.01189167e-05	0.000348956599	0	100	0	0	3
96	16	0	1.98498899	0.00675535549	0.00682617312	0.00662590712	0.0070183922	8.18995816e-05	0.000348956599	0	100	0	0	3
97	16	0	2.00566596	0.00669437762	0.00681376753	0.00662590712	0.0070183922	9.43051669e-05	0.000348956599	0	100	0	0	3
98	17	0	2.02634293	0.00679018741	0.00681614706	0.00662590712	0.0070183922	9.43051669e-05	0.000348956599	0	100	0	0	3
99	17	0	2.0470199	0.00677248277	0.00681005295	0.00662590712	0.0070183922	9.80197502e-05	0.000348956599	0	100	0	0	3
100	17	0	2.06769686	0.00680479044	0.00680478305	0.00662590712	0.0070183922	9.6024879e-05	0.000348956599	0	100	0	0	3
101	17	0	2.08837383	0.00669670755	0.00679497054	0.00662590712	0.0070183922	9.670833e-05	0.000348956599	0	100	0	0	3
102	17	0	2.1090508	0.00678781819	0.00679060552	0.00662590712	0.0070183922	9.65301778e-05	0.000348956599	0	100	0	0	3
103	18	0	2.12972777	0.00672721856	0.00678259274	0.00662590712	0.0070183922	0.000101461298	0.000348956599	0	100	0	0	3
104	18	0	2.15040474	0.00676699561	0.00677819146	0.00662590712	0.0070183922	0.00010586258	0.000348956599	0	100	0	0	3
105	18	0	2.17108171	0.00664414776	0.00676887733	0.00662590712	0.0070183922	0.000115176712	0.000348956599	0	100	0	0	3
106	18	0	2.19175868	0.00670466931	0.00676018932	0.00662590712	0.0070183922	0.000123864721	0.000348956599	0	100	0	0	3
107	18	0	2.21243565	0.00668290619	0.00674808641	0.00662590712	0.0070183922	0.000135967625	0.000348956599	0	100	0	0	3
108	18	0	2.23311261	0.00682199821	0.00674379572	0.00662590712	0.0070183922	0.000140258314	0.000348956599	0	100	0	0	3
109	18	0	2.25378958	0.00673618936	0.00673250761	0.00662590712	0.00687741479	0.000151546428	0.000348956599	0	100	0	0	3
110	19	0	2.27446655	0.00690398094	0.00673390087	0.00662590712	0.00690398094	0.000151546428	0.000348956599	0	100	0	0	3
111	19	0	2.29514352	0.00683020757	0.00673201258	0.00662590712	0.00690398094	0.000144732762	0.000348956599	0	100	0	0	3
112	19	0	2.31582049	0.00683775445	0.00673360466	0.00662590712	0.00690398094	0.000144732762	0.000348956599	0	100	0	0	3
113	19	0	2.33649746	0.00675643682	0.0067330144	0.00662590712	0.00690398094	0.000142636981	0.000348956599	0	100	0	0	3
114	19	0	2.35717443	0.00673836966	0.0067326255	0.00662590712	0.00690398094	0.000142636981	0.000348956599	0	100	0	0	3
115	19	0	2.37785139	0.00671593769	0.00673517469	0.00662590712	0.00690398094	0.000132161517	0.000348956599	0	100	0	0	3
116	20	0	2.39852836	0.0067541011	0.00673927066	0.00662590712	0.00690398094	0.000130865925	0.000348956599	0	100	0	0	3
117	20	0	2.41920533	0.00678871168	0.00674427772	0.00662590712	0.00690398094	0.000119369915	0.000348956599	0	100	0	0	3
118	20	0	2.4398823	0.00687772483	0.00675435043	0.0066329842	0.00690398094	0.000110238595	0.000348956599	0	100	0	0	3
119	20	0	2.46055927	0.00689687739	0.00676490616	0.00663670725	0.00690398094	9.59411985e-05	0.000348956599	0	100	0	0	3
120	20	0	2.48123624	0.00691297188	0.00677595674	0.00664414776	0.00691297188	9.41605337e-05	0.000348956599	0	100	0	0	3
121	20	0	2.50191321	0.00686428797	0.00678031404	0.00664414776	0.00691297188	8.41344821e-05	0.000348956599	0	100	0	0	3
122	21	0	2.52259018	0.0067612675	0.00678298963	0.00664414776	0.00691297188	8.41344821e-05	0.000348956599	0	100	0	0	3
123	21	0	2.54326714	0.00678518109	0.00678278938	0.00664414776	0.00691297188	7.80403651e-05	0.000348956599	0	100	0	0	3
124	21	0	2.56394411	0.00679110756	0.00678353437	0.00664414776	0.00691297188	7.277047e-05	0.000348956599	0	100	0	0	3
125	21	0	2.58462108	0.00667173134	0.00677821201	0.00664414776	0.00691297188	6.29579542e-05	0.000348956599	0	100	0	0	3
126	21	0	2.60529805	0.00673671105	0.00677981215	0.00664414776	0.00691297188	5.85929409e-05	0.000348956599	0	100	0	0	3
127	21	0	2.62597502	0.0067989692	0.00678025819	0.00664414776	0.00691297188	5.15217905e-05	0.000348956599	0	100	0	0	3
128	22	0	2.64665199	0.00679381254	0.00678292195	0.00664414776	0.00691297188	5.15217905e-05	0.000348956599	0	100	0	0	3
129	22	0	2.66732896	0.00689990611	0.00678823837	0.00664414776	0.00691297188	5.6225786e-05	0.000348956599	0	100	0	0	3
130	22	0	2.68800592	0.0067989025	0.00679442856	0.00667173134	0.00691297188	6.24159755e-05	0.000348956599	0	100	0	0	3
131	22	0	2.70868289	0.00690504882	0.00680244374	0.00667173134	0.00691297188	7.0431156e-05	0.000348956599	0	100	0	0	3
132	22	0	2.72935986	0.00687215052	0.00681001351	0.00667173134	0.00691297188	7.8000929e-05	0.000348956599	0	100	0	0	3
133	22	0	2.75003683	0.00674940424	0.00680710975	0.00667173134	0.00691297188	7.8000929e-05	0.000348956599	0	100	0	0	3
134	23	0	2.7707138	0.00669780288	0.00680557429	0.00667173134	0.00691297188	7.8000929e-05	0.000348956599	0	100	0	0	3
135	23	0	2.79139077	0.00675216002	0.00679950146	0.00667173134	0.00691297188	7.8000929e-05	0.000348956599	0	100	0	0	3
136	23	0	2.81206774	0.0068132652	0.00679882376	0.00667173134	0.00691297188	7.73880145e-05	0.000348956599	0	100	0	0	3
137	23	0	2.8327447	0.00679446959	0.00679709237	0.00667173134	0.00691297188	7.73880145e-05	0.000348956599	0	100	0	0	3
138	23	0	2.85342167	0.00678188245	0.00679811019	0.00667173134	0.00691297188	7.73880145e-05	0.000348956599	0	100	0	0	3
139	24	0	2.87409864	0.00697845215	0.00680771349	0.00667173134	0.00697845215	7.48388203e-05	0.000348956599	0	100	0	0	3
140	24	0	2.89477561	0.0069576494	0.00681738196	0.00667173134	0.00697845215	7.81113026e-05	0.000348956599	0	100	0	0	3
141	24	0	2.91545258	0.00695417929	0.00682538509	0.00667173134	0.00697845215	8.11073688e-05	0.000348956599	0	100	0	0	3
142	24	0	2.93612955	0.0069053343	0.00683004999	0.00667173134	0.00697845215	7.5699565e-05	0.000348956599	0	100	0	0	3
143	24	0	2.95680652	0.00688378061	0.00683029222	0.00667173134	0.00697845215	6.53860685e-05	0.000348956599	0	100	0	0	3
144	24	0	2.97748349	0.00685585081	0.00682865116	0.00667173134	0.00697845215	5.43354834e-05	0.000348956599	0	100	0	0	3
145	25	0	2.99816045	0.00688538729	0.00682754778	0.00667173134	0.00697845215	5.20802149e-05	0.000348956599	0	100	0	0	3
146	25	0	3.01883742	0.00689947889	0.00682895541	0.00667173134	0.00697845215	5.20802149e-05	0.000348956599	0	100	0	0	3
147	25	0	3.03951439	0.00690803011	0.00683482592	0.00667173134	0.00697845215	5.66139098e-05	0.000348956599	0	100	0	0	3
148	25	0	3.06019136	0.00682483349	0.00683641201	0.00667173134	0.00697845215	5.82000059e-05	0.000348956599	0	100	0	0	3
149	25	0	3.08086833	0.00691593994	0.00684140531	0.00667173134	0.00697845215	6.31933012e-05	0.000348956599	0	100	0	0	3
150	25	0	3.1015453	0.00669667977	0.00684240325	0.00669667977	0.00697845215	6.25910983e-05	0.000348956599	0	100	0	0	3
151	26	0	3.12222227	0.00678032669	0.00684414787	0.00669667977	0.00697845215	6.3889684e-05	0.000348956599	0	100	0	0	3
152	26	0	3.14289923	0.00692629874	0.00684924105	0.00669667977	0.00697845215	6.63191065e-05	0.000348956599	0	100	0	0	3
153	26	0	3.1635762	0.00689772055	0.00685339737	0.00669667977	0.00697845215	6.51590068e-05	0.000348956599	0	100	0	0	3
154	26	0	3.18425317	0.0070451084	0.00685920547	0.00669667977	0.0070451084	6.47769088e-05	0.000348956599	0	100	0	0	3
155	26	0	3.20493014	0.00690883354	0.00686360271	0.00669667977	0.0070451084	6.65103407e-05	0.000348956599	0	100	0	0	3
156	26	0	3.22560711	0.00706398779	0.00686996027	0.00669667977	0.00706398779	7.28678993e-05	0.000348956599	0	100	0	0	3
157	27	0	3.24628408	0.00675232858	0.00686516739	0.00669667977	0.00706398779	7.28678993e-05	0.000348956599	0	100	0	0	3
158	27	0	3.26696105	0.00704843067	0.00687712845	0.00669667977	0.00706398779	8.00360792e-05	0.000348956599	0	100	0	0	3
159	27	0	3.28763801	0.00687208588	0.00688409977	0.00669667977	0.00706398779	8.70073991e-05	0.000348956599	0	100	0	0	3
160	27	0	3.30831498	0.00704479659	0.00689580523	0.00669667977	0.00706398779	9.87128617e-05	0.000348956599	0	100	0	0	3
161	27	0	3.32899195	0.00710529682	0.00690748649	0.00669667977	0.00710529682	0.000110394127	0.000348956599	0	100	0	0	3
162	27	0	3.34966892	0.00712920467	0.0069208759	0.00669667977	0.00712920467	0.000122765705	0.000348956599	0	100	0	0	3
163	28	0	3.37034589	0.00708793142	0.00693311786	0.00669667977	0.00712920467	0.000125404364	0.000348956599	0	100	0	0	3
164	28	0	3.39102286	0.00718023835	0.0069411893	0.00669667977	0.00718023835	0.000123807344	0.000348956599	0	100	0	0	3
165	28	0	3.41169983	0.00734147964	0.00695654251	0.00669667977	0.00734147964	0.000131157427	0.000348956599	0	100	0	0	3
166	28	0	3.4323768	0.00723991635	0.006967972	0.00669667977	0.00734147964	0.00014042422	0.000348956599	0	100	0	0	3
167	28	0	3.45305376	0.00717529658	0.00697877049	0.00669667977	0.00734147964	0.000151222711	0.000348956599	0	100	0	0	3
168	28	0	3.47373073	0.00750892869	0.00700377641	0.00669667977	0.00750892869	0.000176228634	0.000348956599	0	100	0	0	3
169	29	0	3.4944077	0.00722065484	0.00701836857	0.00669667977	0.00750892869	0.000190820795	0.000348956599	0	100	0	0	3
170	29	0	3.51508467	0.0074317285	0.00704022222	0.00669667977	0.00750892869	0.000211266806	0.000348956599	0	100	0	0	3
171	29	0	3.53576164	0.00712692583	0.0070493201	0.00669667977	0.00750892869	0.000214494179	0.000348956599	0	100	0	0	3
172	29	0	3.55643861	0.00739910515	0.0070689631	0.00669667977	0.00750892869	0.000232551084	0.000348956599	0	100	0	0	3
173	29	0	3.57711558	0.00714422233	0.00708173865	0.00669667977	0.00750892869	0.000240333342	0.000348956599	0	100	0	0	3
174	29	0	3.59779254	0.00709956448	0.00708908363	0.00669667977	0.00750892869	0.000246680387	0.000348956599	0	100	0	0	3
175	29	0	3.61846951	0.00703306247	0.00710253894	0.00675232858	0.00750892869	0.000258391069	0.000348956599	0	100	0	0	3
176	30	0	3.63914648	0.00714217657	0.00711701294	0.00675232858	0.00750892869	0.000267771883	0.000348956599	0	100	0	0	3
177	30	0	3.65982345	0.00709577924	0.00712379216	0.00675232858	0.00750892869	0.000270394783	0.000348956599	0	100	0	0	3
178	30	0	3.68050042	0.00719966749	0.00713587004	0.00675232858	0.00750892869	0.000276664569	0.000348956599	0	100	0	0	3
179	30	0	3.70117739	0.00702213224	0.00713495099	0.00675232858	0.00750892869	0.000272267327	0.000348956599	0	100	0	0	3
180	30	0	3.72185436	0.00717897857	0.00714575679	0.00675232858	0.00750892869	0.0002805894	0.000348956599	0	100	0	0	3
181	30	0	3.74253133	0.00700612503	0.00714344228	0.00675232858	0.00750892869	0.0002805894	0.000348956599	0	100	0	0	3
182	31	0	3.76320829	0.00714851694	0.00715928981	0.00687208588	0.00750892869	0.000282161367	0.000348956599	0	100	0	0	3
183	31	0	3.78388526	0.00698637972	0.00715680778	0.00687208588	0.00750892869	0.000275190047	0.000348956599	0	100	0	0	3
184	31	0	3.80456223	0.00705595688	0.00716416262	0.00698637972	0.00750892869	0.000268357387	0.000348956599	0	100	0	0	3
185	31	0	3.8252392	0.00697390371	0.0071613269	0.00697390371	0.00750892869	0.000256676122	0.000348956599	0	100	0	0	3
186	31	0	3.84591617	0.00705549493	0.00715933483	0.00697390371	0.00750892869	0.000243286719	0.000348956599	0	100	0	0	3
187	31	0	3.86659314	0.00698639786	0.00715362255	0.00697390371	0.00750892869	0.00023104476	0.000348956599	0	100	0	0	3
188	32	0	3.88727011	0.00728474684	0.00716149517	0.00697390371	0.00750892869	0.000222973312	0.000348956599	0	100	0	0	3
189	32	0	3.90794707	0.0070811276	0.00715753074	0.00697390371	0.00750892869	0.000207620102	0.000348956599	0	100	0	0	3
190	32	0	3.92862404	0.00703960688	0.00714545583	0.00697390371	0.00750892869	0.00019619062	0.000348956599	0	100	0	0	3
191	32	0	3.94930101	0.00706543483	0.00713847657	0.00697390371	0.00750892869	0.000185392129	0.000348956599	0	100	0	0	3
192	32	0	3.96997798	0.0071157963	0.00713609656	0.00697390371	0.00750892869	0.000160386205	0.000348956599	0	100	0	0	3
193	32	0	3.99065495	0.00705863457	0.00711808479	0.00697390371	0.0074317285	0.000145794044	0.000348956599	0	100	0	0	3
194	32	0	4.01133192	0.00711246204	0.00711375708	0.00697390371	0.0074317285	0.000123940396	0.000348956599	0	100	0	0	3
