Iteration	CPUTime	PhysTime	Travels	Value	AvValue	MinValue	MaxValue	Delta	Criteria	Progress	CriteriaType	CriteriaVarType	CriteriaPercentage
1	1	0	0.0206769686	1.28658986	1.28658986	1.28658986	1.28658986	0	0	0	0	0	0	3
2	1	0	0.0413539373	1.18997421	1.23828203	1.18997421	1.28658986	0.0483078289	0	0	0	0	0	3
3	1	0	0.0620309059	0.947254132	1.14127273	0.947254132	1.28658986	0.14531713	0	0	0	0	0	3
4	1	0	0.0827078746	0.929912463	1.08843267	0.929912463	1.28658986	0.198157198	0	0	0	0	0	3
5	2	0	0.103384843	0.908766394	1.05249941	0.908766394	1.28658986	0.234090452	0	0	0	0	0	3
6	2	0	0.124061812	0.922025532	1.03075377	0.908766394	1.28658986	0.255836099	0	0	0	0	0	3
7	2	0	0.144738781	0.918904987	1.01477537	0.908766394	1.28658986	0.271814496	0	0	0	0	0	3
8	2	0	0.165415749	0.916955715	1.00254791	0.908766394	1.28658986	0.284041952	0	0	0	0	0	3
9	2	0	0.186092718	0.914291792	0.992741676	0.908766394	1.28658986	0.293848188	0	0	0	0	0	3
10	2	0	0.206769686	0.911803395	0.984647848	0.908766394	1.28658986	0.301942016	0	0	0	0	0	3
11	2	0	0.227446655	0.894386703	0.976442289	0.894386703	1.28658986	0.310147575	0	0	0	0	0	3
12	3	0	0.248123624	0.890565507	0.969285891	0.890565507	1.28658986	0.317303973	0	0	0	0	0	3
13	3	0	0.268800592	0.887342816	0.962982577	0.887342816	1.28658986	0.323607287	0	0	0	0	0	3
14	3	0	0.289477561	0.88399493	0.957340602	0.88399493	1.28658986	0.329249261	0	0	0	0	0	3
15	3	0	0.31015453	0.880789977	0.952237227	0.880789977	1.28658986	0.334352636	0	0	0	0	0	3
16	3	0	0.330831498	0.856782274	0.946271293	0.856782274	1.28658986	0.340318571	0	0	0	0	0	3
17	3	0	0.351508467	0.853871238	0.940835995	0.853871238	1.28658986	0.345753868	0	0	0	0	0	3
18	3	0	0.372185436	0.851432199	0.935869118	0.851432199	1.28658986	0.350720746	0	0	0	0	0	3
19	4	0	0.392862404	0.849124619	0.931303618	0.849124619	1.28658986	0.355286246	0	0	0	0	0	3
20	4	0	0.413539373	0.847178499	0.927097362	0.847178499	1.28658986	0.359492502	0	0	0	0	0	3
21	4	0	0.434216342	0.825864675	0.922276758	0.825864675	1.28658986	0.364313106	0	0	0	0	0	3
22	4	0	0.45489331	0.823892435	0.917804743	0.823892435	1.28658986	0.368785121	0	0	0	0	0	3
23	4	0	0.475570279	0.822172372	0.913646814	0.822172372	1.28658986	0.37294305	0	0	0	0	0	3
24	4	0	0.496247248	0.820707735	0.909774352	0.820707735	1.28658986	0.376815511	0	0	0	0	0	3
25	4	0	0.516924216	0.819521233	0.906164228	0.819521233	1.28658986	0.380425636	0	0	0	0	0	3
26	5	0	0.537601185	0.770168621	0.885507378	0.770168621	1.18997421	0.352774657	0	0	0	0	0	3
27	5	0	0.558278153	0.769169072	0.868675173	0.769169072	0.947254132	0.17808506	0	0	0	0	0	3
28	5	0	0.578955122	0.768389173	0.861520574	0.768389173	0.929912463	0.161523291	0	0	0	0	0	3
29	5	0	0.599632091	0.767762429	0.855034573	0.767762429	0.922025532	0.154263102	0	0	0	0	0	3
30	5	0	0.620309059	0.76725318	0.849374044	0.76725318	0.922025532	0.154772352	0	0	0	0	0	3
31	5	0	0.640986028	0.720840991	0.841326663	0.720840991	0.918904987	0.173448706	0	0	0	0	0	3
32	6	0	0.661662997	0.720564548	0.833393045	0.720564548	0.916955715	0.169154867	0	0	0	0	0	3
33	6	0	0.682339965	0.720316108	0.825527461	0.720316108	0.914291792	0.167214215	0	0	0	0	0	3
34	6	0	0.703016934	0.720088841	0.817759343	0.720088841	0.911803395	0.166888505	0	0	0	0	0	3
35	6	0	0.723693903	0.719930025	0.810084408	0.719930025	0.894386703	0.166357881	0	0	0	0	0	3
36	6	0	0.744370871	0.689656281	0.801895191	0.689656281	0.890565507	0.1673907	0	0	0	0	0	3
37	6	0	0.76504784	0.689966461	0.793871229	0.689656281	0.887342816	0.169111348	0	0	0	0	0	3
38	7	0	0.785724809	0.690210024	0.785985918	0.689656281	0.88399493	0.171354685	0	0	0	0	0	3
39	7	0	0.806401777	0.690351273	0.778240171	0.689656281	0.880789977	0.173997056	0	0	0	0	0	3
40	7	0	0.827078746	0.690443575	0.770626315	0.689656281	0.856782274	0.167125993	0	0	0	0	0	3
41	7	0	0.847755715	0.654337562	0.762528527	0.654337562	0.853871238	0.178307469	0	0	0	0	0	3
42	7	0	0.868432683	0.654681651	0.754560943	0.654337562	0.851432199	0.181308175	0	0	0	0	0	3
43	7	0	0.889109652	0.654861972	0.746698134	0.654337562	0.849124619	0.184605484	0	0	0	0	0	3
44	8	0	0.90978662	0.654975295	0.738932161	0.654337562	0.847178499	0.188165201	0	0	0	0	0	3
45	8	0	0.930463589	0.65505577	0.731247252	0.654337562	0.825864675	0.171527113	0	0	0	0	0	3
46	8	0	0.951140558	0.642830017	0.723925866	0.642830017	0.823892435	0.181062418	0	0	0	0	0	3
47	8	0	0.971817526	0.642869594	0.716684952	0.642830017	0.822172372	0.179342355	0	0	0	0	0	3
48	8	0	0.992494495	0.642922632	0.709514962	0.642830017	0.820707735	0.177877718	0	0	0	0	0	3
49	8	0	1.01317146	0.642910805	0.702403085	0.642830017	0.819521233	0.176691216	0.0122743803	0	6.9	0	0	3
50	8	0	1.03384843	0.63954589	0.695204072	0.63954589	0.770168621	0.130622731	0.0124067963	0	9.4	0	0	3
51	9	0	1.0545254	0.638697642	0.689945232	0.638697642	0.769169072	0.13047143	0.012423897	0	9.5	0	0	3
52	9	0	1.07520237	0.637308056	0.684670792	0.637308056	0.768389173	0.131081116	0.0122743803	0	9.3	0	0	3
53	9	0	1.09587934	0.640130272	0.679540436	0.637308056	0.767762429	0.130454373	0.0122743803	0	9.4	0	0	3
54	9	0	1.11655631	0.639178323	0.674397071	0.637308056	0.76725318	0.129945123	0.0122743803	0	9.4	0	0	3
55	9	0	1.13723328	0.640461211	0.669325393	0.637308056	0.720840991	0.0835329344	0.0122743803	0	14.6	0	0	3
56	10	0	1.15791024	0.640086013	0.666095194	0.637308056	0.720564548	0.0832564918	0.0122743803	0	14.7	0	0	3
57	10	0	1.17858721	0.64011382	0.662877164	0.637308056	0.720316108	0.0830080521	0.0122743803	0	14.7	0	0	3
58	10	0	1.19926418	0.639061036	0.659626962	0.637308056	0.720088841	0.0827807847	0.0122743803	0	14.8	0	0	3
59	10	0	1.21994115	0.640554105	0.656445572	0.637308056	0.719930025	0.0826219691	0.0122743803	0	14.8	0	0	3
60	10	0	1.24061812	0.639455724	0.6532266	0.637308056	0.690443575	0.0531355187	0.0122743803	0	23.1	0	0	3
61	10	0	1.26129509	0.639571841	0.651223223	0.637308056	0.690443575	0.0531355187	0.0122743803	0	23.1	0	0	3
62	11	0	1.28197206	0.639980401	0.64922378	0.637308056	0.690443575	0.0531355187	0.0122743803	0	23.1	0	0	3
63	11	0	1.30264902	0.639618184	0.647200107	0.637308056	0.690443575	0.0531355187	0.0122743803	0	23.1	0	0	3
64	11	0	1.32332599	0.640451063	0.645204098	0.637308056	0.690443575	0.0531355187	0.0122743803	0	23.1	0	0	3
65	11	0	1.34400296	0.63975569	0.643176583	0.637308056	0.65505577	0.0177477133	0.0122743803	0	69.1	0	0	3
66	11	0	1.36467993	0.639706819	0.642591353	0.637308056	0.65505577	0.0177477133	0.0122743803	0	69.1	0	0	3
67	12	0	1.3853569	0.639681227	0.641991336	0.637308056	0.65505577	0.0177477133	0.0122743803	0	69.1	0	0	3
68	12	0	1.40603387	0.639665851	0.641383491	0.637308056	0.65505577	0.0177477133	0.0122743803	0	69.1	0	0	3
69	12	0	1.42671084	0.639827462	0.640777578	0.637308056	0.65505577	0.0177477133	0.0122743803	0	69.1	0	0	3
70	12	0	1.44738781	0.640528577	0.64019649	0.637308056	0.642922632	0.00561457597	0.0122743803	0	100	0	0	3
71	12	0	1.46806477	0.640144362	0.640089064	0.637308056	0.642922632	0.00561457597	0.0122743803	0	100	0	0	3
72	12	0	1.48874174	0.641996778	0.640054151	0.637308056	0.642922632	0.00561457597	0.0122743803	0	100	0	0	3
73	13	0	1.50941871	0.641548613	0.639999191	0.637308056	0.642910805	0.00560274841	0.0122743803	0	100	0	0	3
74	13	0	1.53009568	0.641772682	0.639953666	0.637308056	0.641996778	0.00468872161	0.0122743803	0	100	0	0	3
75	13	0	1.55077265	0.640909717	0.640008219	0.637308056	0.641996778	0.00468872161	0.0122743803	0	100	0	0	3
76	13	0	1.57144962	0.641818369	0.640133048	0.637308056	0.641996778	0.00468872161	0.0122743803	0	100	0	0	3
77	13	0	1.59212659	0.641871606	0.64031559	0.639061036	0.641996778	0.00293574222	0.0122743803	0	100	0	0	3
78	13	0	1.61280355	0.641994742	0.640390169	0.639061036	0.641996778	0.00293574222	0.0122743803	0	100	0	0	3
79	14	0	1.63348052	0.642197314	0.640510928	0.639061036	0.642197314	0.00313627858	0.0122743803	0	100	0	0	3
80	14	0	1.65415749	0.642092263	0.64057617	0.639061036	0.642197314	0.00313627858	0.0122743803	0	100	0	0	3
81	14	0	1.67483446	0.640767771	0.640603441	0.639061036	0.642197314	0.00313627858	0.0122743803	0	100	0	0	3
82	14	0	1.69551143	0.640615644	0.640623514	0.639061036	0.642197314	0.00313627858	0.0122743803	0	100	0	0	3
83	14	0	1.7161884	0.638711134	0.640609518	0.638711134	0.642197314	0.00348618032	0.0122743803	0	100	0	0	3
84	14	0	1.73686537	0.638309116	0.640519718	0.638309116	0.642197314	0.00388819855	0.0122743803	0	100	0	0	3
85	14	0	1.75754234	0.638554782	0.64048368	0.638309116	0.642197314	0.00388819855	0.0122743803	0	100	0	0	3
86	15	0	1.7782193	0.638887171	0.640456294	0.638309116	0.642197314	0.00388819855	0.0122743803	0	100	0	0	3
87	15	0	1.79889627	0.639667635	0.640443783	0.638309116	0.642197314	0.00388819855	0.0122743803	0	100	0	0	3
88	15	0	1.81957324	0.639393324	0.640434789	0.638309116	0.642197314	0.00388819855	0.0122743803	0	100	0	0	3
89	15	0	1.84025021	0.639173694	0.640383694	0.638309116	0.642197314	0.00322291701	0.0122743803	0	100	0	0	3
90	15	0	1.86092718	0.63964928	0.640379437	0.638309116	0.642197314	0.00263768731	0.0122743803	0	100	0	0	3
91	15	0	1.88160415	0.639354728	0.640365354	0.638309116	0.642197314	0.00203767032	0.0122743803	0	100	0	0	3
92	16	0	1.90228112	0.639534199	0.640359473	0.638309116	0.642197314	0.00142982551	0.0122743803	0	100	0	0	3
93	16	0	1.92295808	0.639118286	0.64033757	0.638309116	0.642197314	0.000823912181	0.0122743803	0	100	0	0	3
94	16	0	1.94363505	0.639389678	0.640320059	0.638309116	0.642197314	0.000669847962	0.0122743803	0	100	0	0	3
95	16	0	1.96431202	0.638664568	0.640245498	0.638309116	0.642197314	0.000669847962	0.0122743803	0	100	0	0	3
96	16	0	1.98498899	0.639507797	0.640220036	0.638309116	0.642197314	0.000669847962	0.0122743803	0	100	0	0	3
97	16	0	2.00566596	0.639432834	0.640117478	0.638309116	0.642197314	0.000669847962	0.0122743803	0	100	0	0	3
98	17	0	2.02634293	0.63972482	0.640044526	0.638309116	0.642197314	0.000669847962	0.0122743803	0	100	0	0	3
99	17	0	2.0470199	0.639828689	0.639966766	0.638309116	0.642197314	0.000656747258	0.0122743803	0	100	0	0	3
100	17	0	2.06769686	0.640138342	0.639935911	0.638309116	0.642197314	0.000687602237	0.0122743803	0	100	0	0	3
101	17	0	2.08837383	0.639751174	0.639853224	0.638309116	0.642197314	0.000770290026	0.0122743803	0	100	0	0	3
102	17	0	2.1090508	0.640213044	0.639786881	0.638309116	0.642197314	0.000836632514	0.0122743803	0	100	0	0	3
103	18	0	2.12972777	0.640145139	0.639712897	0.638309116	0.642197314	0.00091061662	0.0122743803	0	100	0	0	3
104	18	0	2.15040474	0.639745509	0.639614825	0.638309116	0.642092263	0.00100868882	0.0122743803	0	100	0	0	3
105	18	0	2.17108171	0.639666146	0.63951778	0.638309116	0.640767771	0.0011057335	0.0122743803	0	100	0	0	3
106	18	0	2.19175868	0.63978168	0.639478337	0.638309116	0.640615644	0.00114517713	0.0122743803	0	100	0	0	3
107	18	0	2.21243565	0.639585088	0.639437114	0.638309116	0.640213044	0.00117240331	0.0122743803	0	100	0	0	3
108	18	0	2.23311261	0.639496713	0.639468537	0.638309116	0.640213044	0.00108260372	0.0122743803	0	100	0	0	3
109	18	0	2.25378958	0.639526164	0.639517219	0.638554782	0.640213044	0.00104656604	0.0122743803	0	100	0	0	3
110	19	0	2.27446655	0.639043341	0.639536762	0.638664568	0.640213044	0.00101917925	0.0122743803	0	100	0	0	3
111	19	0	2.29514352	0.639705378	0.63956949	0.638664568	0.640213044	0.0010066686	0.0122743803	0	100	0	0	3
112	19	0	2.31582049	0.639945011	0.639580585	0.638664568	0.640213044	0.000997674201	0.0122743803	0	100	0	0	3
113	19	0	2.33649746	0.639742765	0.639594563	0.638664568	0.640213044	0.000946579477	0.0122743803	0	100	0	0	3
114	19	0	2.35717443	0.640113821	0.639632168	0.638664568	0.640213044	0.000942323056	0.0122743803	0	100	0	0	3
115	19	0	2.37785139	0.639620678	0.639631024	0.638664568	0.640213044	0.000928239388	0.0122743803	0	100	0	0	3
116	20	0	2.39852836	0.638607238	0.639601124	0.638607238	0.640213044	0.000922358278	0.0122743803	0	100	0	0	3
117	20	0	2.41920533	0.638497807	0.639559668	0.638497807	0.640213044	0.000900455667	0.0122743803	0	100	0	0	3
118	20	0	2.4398823	0.639135548	0.639560359	0.638497807	0.640213044	0.000882944315	0.0122743803	0	100	0	0	3
119	20	0	2.46055927	0.63924784	0.639554685	0.638497807	0.640213044	0.000808383937	0.0122743803	0	100	0	0	3
120	20	0	2.48123624	0.638674426	0.63955508	0.638497807	0.640213044	0.00078292131	0.0122743803	0	100	0	0	3
121	20	0	2.50191321	0.639597324	0.639558661	0.638497807	0.640213044	0.000680363568	0.0122743803	0	100	0	0	3
122	21	0	2.52259018	0.639805585	0.639573571	0.638497807	0.640213044	0.000607411839	0.0122743803	0	100	0	0	3
123	21	0	2.54326714	0.638728105	0.639533702	0.638497807	0.640213044	0.00052965212	0.0122743803	0	100	0	0	3
124	21	0	2.56394411	0.639093105	0.639504279	0.638497807	0.640213044	0.00049879714	0.0122743803	0	100	0	0	3
125	21	0	2.58462108	0.638635314	0.639444158	0.638497807	0.640213044	0.000416109352	0.0122743803	0	100	0	0	3
126	21	0	2.60529805	0.639272034	0.639424992	0.638497807	0.640213044	0.000361889071	0.0122743803	0	100	0	0	3
127	21	0	2.62597502	0.638989216	0.639376039	0.638497807	0.640145139	0.000336858097	0.0122743803	0	100	0	0	3
128	22	0	2.64665199	0.637988612	0.639289778	0.637988612	0.640113821	0.000342389846	0.0122743803	0	100	0	0	3
129	22	0	2.66732896	0.636908589	0.639176301	0.636908589	0.640113821	0.000455866647	0.0122743803	0	100	0	0	3
130	22	0	2.68800592	0.638672307	0.639136548	0.636908589	0.640113821	0.000495620198	0.0122743803	0	100	0	0	3
131	22	0	2.70868289	0.638434553	0.639082662	0.636908589	0.640113821	0.000549505293	0.0122743803	0	100	0	0	3
132	22	0	2.72935986	0.639751915	0.639089336	0.636908589	0.640113821	0.000549505293	0.0122743803	0	100	0	0	3
133	22	0	2.75003683	0.639361289	0.639083919	0.636908589	0.640113821	0.000549505293	0.0122743803	0	100	0	0	3
134	23	0	2.7707138	0.639672862	0.639089787	0.636908589	0.640113821	0.000549505293	0.0122743803	0	100	0	0	3
135	23	0	2.79139077	0.639438173	0.63910558	0.636908589	0.640113821	0.000549505293	0.0122743803	0	100	0	0	3
136	23	0	2.81206774	0.639087272	0.639080856	0.636908589	0.640113821	0.000551312187	0.0122743803	0	100	0	0	3
137	23	0	2.8327447	0.63754679	0.638984927	0.636908589	0.640113821	0.000647241014	0.0122743803	0	100	0	0	3
138	23	0	2.85342167	0.637673837	0.63890217	0.636908589	0.640113821	0.000729998156	0.0122743803	0	100	0	0	3
139	24	0	2.87409864	0.639420812	0.638874449	0.636908589	0.639805585	0.000756574442	0.0122743803	0	100	0	0	3
140	24	0	2.89477561	0.63964265	0.638875328	0.636908589	0.639805585	0.000726674848	0.0122743803	0	100	0	0	3
141	24	0	2.91545258	0.639299411	0.638903015	0.636908589	0.639805585	0.000699121613	0.0122743803	0	100	0	0	3
142	24	0	2.93612955	0.639946434	0.63896096	0.636908589	0.639946434	0.000699121613	0.0122743803	0	100	0	0	3
143	24	0	2.95680652	0.639508052	0.63897586	0.636908589	0.639946434	0.000699121613	0.0122743803	0	100	0	0	3
144	24	0	2.97748349	0.637158208	0.638892275	0.636908589	0.639946434	0.000699121613	0.0122743803	0	100	0	0	3
145	25	0	2.99816045	0.637844799	0.63885909	0.636908589	0.639946434	0.00071448091	0.0122743803	0	100	0	0	3
146	25	0	3.01883742	0.636877271	0.638750288	0.636877271	0.639946434	0.000823283042	0.0122743803	0	100	0	0	3
147	25	0	3.03951439	0.636615965	0.638622703	0.636615965	0.639946434	0.000910999235	0.0122743803	0	100	0	0	3
148	25	0	3.06019136	0.638638651	0.638619125	0.636615965	0.639946434	0.000885154017	0.0122743803	0	100	0	0	3
149	25	0	3.08086833	0.639938367	0.638652935	0.636615965	0.639946434	0.000825032902	0.0122743803	0	100	0	0	3
150	25	0	3.1015453	0.641509679	0.63876791	0.636615965	0.641509679	0.000805867284	0.0122743803	0	100	0	0	3
151	26	0	3.12222227	0.638904434	0.638753206	0.636615965	0.641509679	0.000756914152	0.0122743803	0	100	0	0	3
152	26	0	3.14289923	0.639487608	0.638773142	0.636615965	0.641509679	0.000670653056	0.0122743803	0	100	0	0	3
153	26	0	3.1635762	0.639678059	0.638840719	0.636615965	0.641509679	0.000557176256	0.0122743803	0	100	0	0	3
154	26	0	3.18425317	0.637855224	0.638878585	0.636615965	0.641509679	0.000517422705	0.0122743803	0	100	0	0	3
155	26	0	3.20493014	0.639736104	0.638921137	0.636615965	0.641509679	0.000486454949	0.0122743803	0	100	0	0	3
156	26	0	3.22560711	0.639769757	0.638974545	0.636615965	0.641509679	0.000486454949	0.0122743803	0	100	0	0	3
157	27	0	3.24628408	0.640006605	0.638984733	0.636615965	0.641509679	0.000486454949	0.0122743803	0	100	0	0	3
158	27	0	3.26696105	0.639934347	0.639007655	0.636615965	0.641509679	0.000486454949	0.0122743803	0	100	0	0	3
159	27	0	3.28763801	0.639860458	0.639015159	0.636615965	0.641509679	0.000486454949	0.0122743803	0	100	0	0	3
160	27	0	3.30831498	0.639568015	0.639020352	0.636615965	0.641509679	0.000461730716	0.0122743803	0	100	0	0	3
161	27	0	3.32899195	0.640148511	0.639062802	0.636615965	0.641509679	0.000443677046	0.0122743803	0	100	0	0	3
162	27	0	3.34966892	0.639301872	0.639133005	0.636615965	0.641509679	0.000513880294	0.0122743803	0	100	0	0	3
163	28	0	3.37034589	0.640171405	0.639232908	0.636615965	0.641509679	0.000613783035	0.0122743803	0	100	0	0	3
164	28	0	3.39102286	0.64106657	0.639298738	0.636615965	0.641509679	0.000679613356	0.0122743803	0	100	0	0	3
165	28	0	3.41169983	0.641027477	0.639354131	0.636615965	0.641509679	0.000735006417	0.0122743803	0	100	0	0	3
166	28	0	3.4323768	0.640063011	0.639384675	0.636615965	0.641509679	0.000765550395	0.0122743803	0	100	0	0	3
167	28	0	3.45305376	0.642334137	0.639480183	0.636615965	0.642334137	0.000861058507	0.0122743803	0	100	0	0	3
168	28	0	3.47373073	0.640742824	0.639529574	0.636615965	0.642334137	0.000910449386	0.0122743803	0	100	0	0	3
169	29	0	3.4944077	0.642004193	0.639723414	0.636615965	0.642334137	0.00110428877	0.0122743803	0	100	0	0	3
170	29	0	3.51508467	0.640925431	0.639846639	0.636615965	0.642334137	0.00122751402	0.0122743803	0	100	0	0	3
171	29	0	3.53576164	0.641896105	0.640047392	0.636615965	0.642334137	0.00142826739	0.0122743803	0	100	0	0	3
172	29	0	3.55643861	0.640129912	0.64018795	0.637855224	0.642334137	0.00156882527	0.0122743803	0	100	0	0	3
173	29	0	3.57711558	0.639957223	0.640240693	0.637855224	0.642334137	0.00158775768	0.0122743803	0	100	0	0	3
174	29	0	3.59779254	0.639074919	0.640206155	0.637855224	0.642334137	0.00148748708	0.0122743803	0	100	0	0	3
175	29	0	3.61846951	0.638752466	0.640095867	0.637855224	0.642334137	0.00148748708	0.0122743803	0	100	0	0	3
176	30	0	3.63914648	0.638984378	0.640099064	0.637855224	0.642334137	0.00146755138	0.0122743803	0	100	0	0	3
177	30	0	3.65982345	0.638927978	0.640076679	0.637855224	0.642334137	0.0013999735	0.0122743803	0	100	0	0	3
178	30	0	3.68050042	0.639009104	0.640049921	0.637855224	0.642334137	0.00136210813	0.0122743803	0	100	0	0	3
179	30	0	3.70117739	0.640930718	0.640172941	0.638752466	0.642334137	0.00131955626	0.0122743803	0	100	0	0	3
180	30	0	3.72185436	0.641259768	0.640233887	0.638752466	0.642334137	0.00126614811	0.0122743803	0	100	0	0	3
181	30	0	3.74253133	0.641956967	0.640321376	0.638752466	0.642334137	0.00133664321	0.0122743803	0	100	0	0	3
182	31	0	3.76320829	0.642135901	0.640406548	0.638752466	0.642334137	0.00139889274	0.0122743803	0	100	0	0	3
183	31	0	3.78388526	0.640669016	0.640435934	0.638752466	0.642334137	0.0014207757	0.0122743803	0	100	0	0	3
184	31	0	3.80456223	0.640887673	0.640477023	0.638752466	0.642334137	0.00145667062	0.0122743803	0	100	0	0	3
185	31	0	3.8252392	0.640224543	0.640503284	0.638752466	0.642334137	0.00144048221	0.0122743803	0	100	0	0	3
186	31	0	3.84591617	0.63982592	0.64049038	0.638752466	0.642334137	0.00137027896	0.0122743803	0	100	0	0	3
187	31	0	3.86659314	0.640578213	0.640541434	0.638752466	0.642334137	0.00130852624	0.0122743803	0	100	0	0	3
188	32	0	3.88727011	0.639152616	0.640500683	0.638752466	0.642334137	0.00124269592	0.0122743803	0	100	0	0	3
189	32	0	3.90794707	0.640291015	0.64046966	0.638752466	0.642334137	0.00118730286	0.0122743803	0	100	0	0	3
190	32	0	3.92862404	0.640296158	0.640440408	0.638752466	0.642334137	0.00115675888	0.0122743803	0	100	0	0	3
191	32	0	3.94930101	0.639941622	0.640435552	0.638752466	0.642334137	0.00106125077	0.0122743803	0	100	0	0	3
192	32	0	3.96997798	0.640444536	0.640359968	0.638752466	0.642135901	0.00101185989	0.0122743803	0	100	0	0	3
193	32	0	3.99065495	0.639259706	0.640300643	0.638752466	0.642135901	0.000818020512	0.0122743803	0	100	0	0	3
194	32	0	4.01133192	0.641214951	0.640269074	0.638752466	0.642135901	0.000694795255	0.0122743803	0	100	0	0	3
