Iteration	CPUTime	PhysTime	Travels	Value	AvValue	MinValue	MaxValue	Delta	Criteria	Progress	CriteriaType	CriteriaVarType	CriteriaPercentage
1	1	0	0.0206769686	22.1784962	22.1784962	22.1784962	22.1784962	0	0	0	0	0	0	3
2	1	0	0.0413539373	22.177022	22.1777591	22.177022	22.1784962	0.000737105967	0	0	0	0	0	3
3	1	0	0.0620309059	22.1759831	22.1771671	22.1759831	22.1784962	0.00132911234	0	0	0	0	0	3
4	1	0	0.0827078746	22.1758711	22.1768431	22.1758711	22.1784962	0.00165310211	0	0	0	0	0	3
5	2	0	0.103384843	22.1750141	22.1764773	22.1750141	22.1784962	0.00201889706	0	0	0	0	0	3
6	2	0	0.124061812	22.1743491	22.1761226	22.1743491	22.1784962	0.00237360182	0	0	0	0	0	3
7	2	0	0.144738781	22.1727807	22.1756452	22.1727807	22.1784962	0.00285102406	0	0	0	0	0	3
8	2	0	0.165415749	22.171732	22.175156	22.171732	22.1784962	0.00334017832	0	0	0	0	0	3
9	2	0	0.186092718	22.1701667	22.1746017	22.1701667	22.1784962	0.00389454789	0	0	0	0	0	3
10	2	0	0.206769686	22.1689722	22.1740387	22.1689722	22.1784962	0.00445749826	0	0	0	0	0	3
11	2	0	0.227446655	22.1666278	22.173365	22.1666278	22.1784962	0.00513122201	0	0	0	0	0	3
12	3	0	0.248123624	22.1645338	22.1726291	22.1645338	22.1784962	0.00586715694	0	0	0	0	0	3
13	3	0	0.268800592	22.1621682	22.1718244	22.1621682	22.1784962	0.00667183535	0	0	0	0	0	3
14	3	0	0.289477561	22.1599849	22.1709787	22.1599849	22.1784962	0.00751751365	0	0	0	0	0	3
15	3	0	0.31015453	22.1576286	22.1700887	22.1576286	22.1784962	0.00840752209	0	0	0	0	0	3
16	3	0	0.330831498	22.1543361	22.1691042	22.1543361	22.1784962	0.00939205617	0	0	0	0	0	3
17	3	0	0.351508467	22.1509487	22.1680362	22.1509487	22.1784962	0.0104600249	0	0	0	0	0	3
18	3	0	0.372185436	22.1476981	22.1669063	22.1476981	22.1784962	0.0115899216	0	0	0	0	0	3
19	4	0	0.392862404	22.1444417	22.165724	22.1444417	22.1784962	0.0127722663	0	0	0	0	0	3
20	4	0	0.413539373	22.1412365	22.1644996	22.1412365	22.1784962	0.0139966372	0	0	0	0	0	3
21	4	0	0.434216342	22.1366652	22.1631741	22.1366652	22.1784962	0.0153220862	0	0	0	0	0	3
22	4	0	0.45489331	22.1323405	22.1617726	22.1323405	22.1784962	0.0167236159	0	0	0	0	0	3
23	4	0	0.475570279	22.1282929	22.160317	22.1282929	22.1784962	0.0181792535	0	0	0	0	0	3
24	4	0	0.496247248	22.1245656	22.1588273	22.1245656	22.1784962	0.0196688926	0	0	0	0	0	3
25	4	0	0.516924216	22.1211393	22.1573198	22.1211393	22.1784962	0.0211764129	0	0	0	0	0	3
26	5	0	0.537601185	22.1169782	22.1548591	22.1169782	22.177022	0.0229000286	0	0	0	0	0	3
27	5	0	0.558278153	22.1135663	22.1523209	22.1135663	22.1759831	0.0248462502	0	0	0	0	0	3
28	5	0	0.578955122	22.1108633	22.1497161	22.1108633	22.1758711	0.0271270541	0	0	0	0	0	3
29	5	0	0.599632091	22.1087	22.1470292	22.1087	22.1750141	0.0294481034	0	0	0	0	0	3
30	5	0	0.620309059	22.1070491	22.1443106	22.1070491	22.1743491	0.0318119985	0	0	0	0	0	3
31	5	0	0.640986028	22.1053823	22.1415519	22.1053823	22.1727807	0.0340932463	0	0	0	0	0	3
32	6	0	0.661662997	22.1044585	22.1388191	22.1044585	22.171732	0.0363369776	0	0	0	0	0	3
33	6	0	0.682339965	22.1038908	22.1361054	22.1038908	22.1701667	0.0384962534	0	0	0	0	0	3
34	6	0	0.703016934	22.103609	22.1334431	22.103609	22.1689722	0.0405956097	0	0	0	0	0	3
35	6	0	0.723693903	22.1035059	22.1308245	22.1035059	22.1666278	0.0425405369	0	0	0	0	0	3
36	6	0	0.744370871	22.1036077	22.1283037	22.1035059	22.1645338	0.0443254053	0	0	0	0	0	3
37	6	0	0.76504784	22.1037138	22.1258709	22.1035059	22.1621682	0.0459535252	0	0	0	0	0	3
38	7	0	0.785724809	22.1038673	22.1235388	22.1035059	22.1599849	0.0474398844	0	0	0	0	0	3
39	7	0	0.806401777	22.1040823	22.1213027	22.1035059	22.1576286	0.048785978	0	0	0	0	0	3
40	7	0	0.827078746	22.104283	22.1191689	22.1035059	22.1543361	0.0499352667	0	0	0	0	0	3
41	7	0	0.847755715	22.1053907	22.1172111	22.1035059	22.1509487	0.0474428016	0	0	0	0	0	3
42	7	0	0.868432683	22.1062032	22.1154213	22.1035059	22.1476981	0.0441921613	0	0	0	0	0	3
43	7	0	0.889109652	22.1069682	22.1137921	22.1035059	22.1444417	0.0409358543	0	0	0	0	0	3
44	8	0	0.90978662	22.1074873	22.1123139	22.1035059	22.1412365	0.0377306419	0	0	0	0	0	3
45	8	0	0.930463589	22.1078925	22.1109801	22.1035059	22.1366652	0.0331592613	0	0	0	0	0	3
46	8	0	0.951140558	22.1083362	22.109847	22.1035059	22.1323405	0.0288345856	0	0	0	0	0	3
47	8	0	0.971817526	22.108603	22.1088975	22.1035059	22.1282929	0.0247870455	0	0	0	0	0	3
48	8	0	0.992494495	22.1088256	22.1081188	22.1035059	22.1245656	0.0210597334	0	0	0	0	0	3
49	8	0	1.01317146	22.108887	22.1074916	22.1035059	22.1211393	0.0176334264	0.00292228075	0	16.5	0	0	3
50	8	0	1.03384843	22.1088374	22.1069996	22.1035059	22.1169782	0.0134722843	0.00292228075	0	21.6	0	0	3
51	9	0	1.0545254	22.108738	22.1066699	22.1035059	22.1135663	0.0100604153	0.00292228075	0	29	0	0	3
52	9	0	1.07520237	22.1086481	22.1064732	22.1035059	22.1108633	0.00735735909	0.00292228075	0	39.7	0	0	3
53	9	0	1.09587934	22.1086754	22.1063857	22.1035059	22.108887	0.00538109726	0.00292228075	0	54.3	0	0	3
54	9	0	1.11655631	22.1087379	22.1063872	22.1035059	22.108887	0.00538109726	0.00292228075	0	54.3	0	0	3
55	9	0	1.13723328	22.1088975	22.1064612	22.1035059	22.1088975	0.00539165867	0.00292228075	0	54.2	0	0	3
56	10	0	1.15791024	22.1090785	22.106609	22.1035059	22.1090785	0.00557263605	0.00292228075	0	52.4	0	0	3
57	10	0	1.17858721	22.1092184	22.1067994	22.1035059	22.1092184	0.00571245992	0.00292228075	0	51.1	0	0	3
58	10	0	1.19926418	22.109356	22.107018	22.1035059	22.109356	0.00585007112	0.00292228075	0	49.9	0	0	3
59	10	0	1.21994115	22.1093586	22.107248	22.1035059	22.1093586	0.00585273143	0.00292228075	0	49.9	0	0	3
60	10	0	1.24061812	22.1094108	22.1074842	22.1036077	22.1094108	0.00580309374	0.00292228075	0	50.3	0	0	3
61	10	0	1.26129509	22.1093378	22.1077134	22.1037138	22.1094108	0.00569694909	0.00292228075	0	51.2	0	0	3
62	11	0	1.28197206	22.1093274	22.1079379	22.1038673	22.1094108	0.00554346567	0.00292228075	0	52.7	0	0	3
63	11	0	1.30264902	22.1092651	22.1081538	22.1040823	22.1094108	0.00532843404	0.00292228075	0	54.8	0	0	3
64	11	0	1.32332599	22.1092541	22.1083607	22.104283	22.1094108	0.00512776166	0.00292228075	0	56.9	0	0	3
65	11	0	1.34400296	22.1092075	22.1085577	22.1053907	22.1094108	0.00402002456	0.00292228075	0	72.6	0	0	3
66	11	0	1.36467993	22.1091712	22.1087089	22.1062032	22.1094108	0.00320755409	0.00292228075	0	91.1	0	0	3
67	12	0	1.3853569	22.1091666	22.1088274	22.1069682	22.1094108	0.00244261602	0.00292228075	0	100	0	0	3
68	12	0	1.40603387	22.1091343	22.1089141	22.1074873	22.1094108	0.00192349378	0.00292228075	0	100	0	0	3
69	12	0	1.42671084	22.1091573	22.1089809	22.1078925	22.1094108	0.00151826385	0.00292228075	0	100	0	0	3
70	12	0	1.44738781	22.109174	22.1090321	22.1083362	22.1094108	0.00107461792	0.00292228075	0	100	0	0	3
71	12	0	1.46806477	22.1091803	22.1090659	22.108603	22.1094108	0.000807739879	0.00292228075	0	100	0	0	3
72	12	0	1.48874174	22.1092025	22.1090899	22.1086481	22.1094108	0.000762659541	0.00292228075	0	100	0	0	3
73	13	0	1.50941871	22.1092026	22.109105	22.1086481	22.1094108	0.000762659541	0.00292228075	0	100	0	0	3
74	13	0	1.53009568	22.1091896	22.1091171	22.1086481	22.1094108	0.000762659541	0.00292228075	0	100	0	0	3
75	13	0	1.55077265	22.1091946	22.1091314	22.1086481	22.1094108	0.000762659541	0.00292228075	0	100	0	0	3
76	13	0	1.57144962	22.1091889	22.1091494	22.1086481	22.1094108	0.000762659541	0.00292228075	0	100	0	0	3
77	13	0	1.59212659	22.1091932	22.1091712	22.1086754	22.1094108	0.00073539781	0.00292228075	0	100	0	0	3
78	13	0	1.61280355	22.1092265	22.1091932	22.1087379	22.1094108	0.00067291408	0.00292228075	0	100	0	0	3
79	14	0	1.63348052	22.1092554	22.1092139	22.1088975	22.1094108	0.000513218694	0.00292228075	0	100	0	0	3
80	14	0	1.65415749	22.1092258	22.1092271	22.1090785	22.1094108	0.000332241308	0.00292228075	0	100	0	0	3
81	14	0	1.67483446	22.1092479	22.1092338	22.1091343	22.1094108	0.000276475385	0.00292228075	0	100	0	0	3
82	14	0	1.69551143	22.1092074	22.1092334	22.1091343	22.1094108	0.000276475385	0.00292228075	0	100	0	0	3
83	14	0	1.7161884	22.1091878	22.1092267	22.1091343	22.1094108	0.000276475385	0.00292228075	0	100	0	0	3
84	14	0	1.73686537	22.1092106	22.1092208	22.1091343	22.1094108	0.000276475385	0.00292228075	0	100	0	0	3
85	14	0	1.75754234	22.1092085	22.1092127	22.1091343	22.1093378	0.000203508165	0.00292228075	0	100	0	0	3
86	15	0	1.7782193	22.109163	22.1092057	22.1091343	22.1093274	0.000193090509	0.00292228075	0	100	0	0	3
87	15	0	1.79889627	22.109065	22.1091952	22.109065	22.1092651	0.000200132361	0.00292228075	0	100	0	0	3
88	15	0	1.81957324	22.1090028	22.1091847	22.1090028	22.1092554	0.000252538564	0.00292228075	0	100	0	0	3
89	15	0	1.84025021	22.108928	22.1091716	22.108928	22.1092554	0.000327352611	0.00292228075	0	100	0	0	3
90	15	0	1.86092718	22.1088552	22.1091576	22.1088552	22.1092554	0.000400110323	0.00292228075	0	100	0	0	3
91	15	0	1.88160415	22.1087912	22.1091424	22.1087912	22.1092554	0.00040639901	0.00292228075	0	100	0	0	3
92	16	0	1.90228112	22.1087687	22.1091264	22.1087687	22.1092554	0.000319753385	0.00292228075	0	100	0	0	3
93	16	0	1.92295808	22.1087665	22.1091117	22.1087665	22.1092554	0.000252952943	0.00292228075	0	100	0	0	3
94	16	0	1.94363505	22.1087047	22.1090936	22.1087047	22.1092554	0.000201694364	0.00292228075	0	100	0	0	3
95	16	0	1.96431202	22.1086352	22.1090721	22.1086352	22.1092554	0.000167928242	0.00292228075	0	100	0	0	3
96	16	0	1.98498899	22.108631	22.1090501	22.108631	22.1092554	0.000183740736	0.00292228075	0	100	0	0	3
97	16	0	2.00566596	22.1085889	22.1090256	22.1085889	22.1092554	0.000208284658	0.00292228075	0	100	0	0	3
98	17	0	2.02634293	22.1085842	22.1090008	22.1085842	22.1092554	0.000233020275	0.00292228075	0	100	0	0	3
99	17	0	2.0470199	22.1085004	22.1089733	22.1085004	22.1092554	0.000260588445	0.00292228075	0	100	0	0	3
100	17	0	2.06769686	22.1085269	22.1089465	22.1085004	22.1092554	0.000287297207	0.00292228075	0	100	0	0	3
101	17	0	2.08837383	22.1084996	22.108919	22.1084996	22.1092554	0.000314869505	0.00292228075	0	100	0	0	3
102	17	0	2.1090508	22.1085069	22.1088915	22.1084996	22.1092554	0.000342321767	0.00292228075	0	100	0	0	3
103	18	0	2.12972777	22.108592	22.1088661	22.1084996	22.1092554	0.000367698736	0.00292228075	0	100	0	0	3
104	18	0	2.15040474	22.1087286	22.1088451	22.1084996	22.1092479	0.000388769768	0.00292228075	0	100	0	0	3
105	18	0	2.17108171	22.1087917	22.1088277	22.1084996	22.1092479	0.000406132036	0.00292228075	0	100	0	0	3
106	18	0	2.19175868	22.1088991	22.1088138	22.1084996	22.1092106	0.000419647055	0.00292228075	0	100	0	0	3
107	18	0	2.21243565	22.1088849	22.1088009	22.1084996	22.1092106	0.000425822571	0.00292228075	0	100	0	0	3
108	18	0	2.23311261	22.1088448	22.1087871	22.1084996	22.1092106	0.000433622136	0.00292228075	0	100	0	0	3
109	18	0	2.25378958	22.1088422	22.1087724	22.1084996	22.1092085	0.000440270864	0.00292228075	0	100	0	0	3
110	19	0	2.27446655	22.1088001	22.1087561	22.1084996	22.109163	0.000449615119	0.00292228075	0	100	0	0	3
111	19	0	2.29514352	22.1088282	22.1087427	22.1084996	22.109065	0.000452510264	0.00292228075	0	100	0	0	3
112	19	0	2.31582049	22.1088111	22.1087325	22.1084996	22.1090028	0.00045217271	0.00292228075	0	100	0	0	3
113	19	0	2.33649746	22.1088038	22.1087246	22.1084996	22.108928	0.000428439072	0.00292228075	0	100	0	0	3
114	19	0	2.35717443	22.1088027	22.1087195	22.1084996	22.1088991	0.000399514061	0.00292228075	0	100	0	0	3
115	19	0	2.37785139	22.1088366	22.1087188	22.1084996	22.1088991	0.000399514061	0.00292228075	0	100	0	0	3
116	20	0	2.39852836	22.1088476	22.108721	22.1084996	22.1088991	0.000399514061	0.00292228075	0	100	0	0	3
117	20	0	2.41920533	22.1088324	22.1087236	22.1084996	22.1088991	0.000392930205	0.00292228075	0	100	0	0	3
118	20	0	2.4398823	22.1087865	22.1087244	22.1084996	22.1088991	0.000374826327	0.00292228075	0	100	0	0	3
119	20	0	2.46055927	22.1087233	22.1087251	22.1084996	22.1088991	0.000353277331	0.00292228075	0	100	0	0	3
120	20	0	2.48123624	22.1086751	22.1087267	22.1084996	22.1088991	0.000331304882	0.00292228075	0	100	0	0	3
121	20	0	2.50191321	22.1086914	22.1087292	22.1084996	22.1088991	0.000306760961	0.00292228075	0	100	0	0	3
122	21	0	2.52259018	22.1087491	22.1087356	22.1084996	22.1088991	0.000282025343	0.00292228075	0	100	0	0	3
123	21	0	2.54326714	22.1088474	22.1087461	22.1084996	22.1088991	0.000254457173	0.00292228075	0	100	0	0	3
124	21	0	2.56394411	22.108913	22.1087626	22.1084996	22.108913	0.000227748411	0.00292228075	0	100	0	0	3
125	21	0	2.58462108	22.1089386	22.1087791	22.1084996	22.1089386	0.000200176114	0.00292228075	0	100	0	0	3
126	21	0	2.60529805	22.1089032	22.1087952	22.1085069	22.1089386	0.000172723851	0.00292228075	0	100	0	0	3
127	21	0	2.62597502	22.1088311	22.1088082	22.108592	22.1089386	0.000147346882	0.00292228075	0	100	0	0	3
128	22	0	2.64665199	22.1087003	22.1088125	22.1086751	22.1089386	0.00012627585	0.00292228075	0	100	0	0	3
129	22	0	2.66732896	22.1085775	22.1088065	22.1085775	22.1089386	0.000108913582	0.00292228075	0	100	0	0	3
130	22	0	2.68800592	22.1085005	22.1087948	22.1085005	22.1089386	9.49621181e-05	0.00292228075	0	100	0	0	3
131	22	0	2.70868289	22.1084757	22.1087779	22.1084757	22.1089386	9.37159698e-05	0.00292228075	0	100	0	0	3
132	22	0	2.72935986	22.1084933	22.1087622	22.1084757	22.1089386	9.37159698e-05	0.00292228075	0	100	0	0	3
133	22	0	2.75003683	22.1085855	22.1087518	22.1084757	22.1089386	9.37159698e-05	0.00292228075	0	100	0	0	3
134	23	0	2.7707138	22.108607	22.1087424	22.1084757	22.1089386	9.37159698e-05	0.00292228075	0	100	0	0	3
135	23	0	2.79139077	22.1086168	22.1087351	22.1084757	22.1089386	9.37159698e-05	0.00292228075	0	100	0	0	3
136	23	0	2.81206774	22.1086191	22.1087267	22.1084757	22.1089386	9.37159698e-05	0.00292228075	0	100	0	0	3
137	23	0	2.8327447	22.1086115	22.1087188	22.1084757	22.1089386	9.37537611e-05	0.00292228075	0	100	0	0	3
138	23	0	2.85342167	22.1085798	22.1087098	22.1084757	22.1089386	0.000102715099	0.00292228075	0	100	0	0	3
139	24	0	2.87409864	22.1085306	22.1086989	22.1084757	22.1089386	0.000113599201	0.00292228075	0	100	0	0	3
140	24	0	2.89477561	22.1085445	22.1086872	22.1084757	22.1089386	0.000125280281	0.00292228075	0	100	0	0	3
141	24	0	2.91545258	22.1086051	22.1086775	22.1084757	22.1089386	0.000134978915	0.00292228075	0	100	0	0	3
142	24	0	2.93612955	22.1086397	22.1086698	22.1084757	22.1089386	0.000142689304	0.00292228075	0	100	0	0	3
143	24	0	2.95680652	22.1086889	22.1086659	22.1084757	22.1089386	0.000146594757	0.00292228075	0	100	0	0	3
144	24	0	2.97748349	22.1087284	22.1086661	22.1084757	22.1089386	0.000146594757	0.00292228075	0	100	0	0	3
145	25	0	2.99816045	22.1087614	22.1086696	22.1084757	22.1089386	0.000146594757	0.00292228075	0	100	0	0	3
146	25	0	3.01883742	22.1087237	22.1086709	22.1084757	22.1089386	0.000146594757	0.00292228075	0	100	0	0	3
147	25	0	3.03951439	22.1087078	22.1086692	22.1084757	22.1089386	0.000146594757	0.00292228075	0	100	0	0	3
148	25	0	3.06019136	22.1086798	22.1086625	22.1084757	22.1089386	0.000150000702	0.00292228075	0	100	0	0	3
149	25	0	3.08086833	22.1087306	22.1086552	22.1084757	22.1089386	0.000157295359	0.00292228075	0	100	0	0	3
150	25	0	3.1015453	22.1086973	22.1086456	22.1084757	22.1089032	0.000166947171	0.00292228075	0	100	0	0	3
151	26	0	3.12222227	22.1086906	22.1086371	22.1084757	22.1088311	0.000175452304	0.00292228075	0	100	0	0	3
152	26	0	3.14289923	22.1086579	22.1086301	22.1084757	22.1087614	0.000182383527	0.00292228075	0	100	0	0	3
153	26	0	3.1635762	22.1085638	22.1086247	22.1084757	22.1087614	0.000181802121	0.00292228075	0	100	0	0	3
154	26	0	3.18425317	22.1084298	22.1086188	22.1084298	22.1087614	0.000176061598	0.00292228075	0	100	0	0	3
155	26	0	3.20493014	22.1083896	22.1086143	22.1083896	22.1087614	0.000163563604	0.00292228075	0	100	0	0	3
156	26	0	3.22560711	22.1084121	22.1086118	22.1083896	22.1087614	0.000150442189	0.00292228075	0	100	0	0	3
157	27	0	3.24628408	22.1084294	22.1086092	22.1083896	22.1087614	0.000142623198	0.00292228075	0	100	0	0	3
158	27	0	3.26696105	22.1085073	22.1086061	22.1083896	22.1087614	0.000136340366	0.00292228075	0	100	0	0	3
159	27	0	3.28763801	22.1085209	22.1086027	22.1083896	22.1087614	0.000132447938	0.00292228075	0	100	0	0	3
160	27	0	3.30831498	22.1085962	22.1086018	22.1083896	22.1087614	0.000124908054	0.00292228075	0	100	0	0	3
161	27	0	3.32899195	22.1086727	22.108604	22.1083896	22.1087614	0.000116923015	0.00292228075	0	100	0	0	3
162	27	0	3.34966892	22.1086445	22.1086053	22.1083896	22.1087614	0.000107961677	0.00292228075	0	100	0	0	3
163	28	0	3.37034589	22.1086292	22.1086073	22.1083896	22.1087614	9.7077575e-05	0.00292228075	0	100	0	0	3
164	28	0	3.39102286	22.1087407	22.1086157	22.1083896	22.1087614	8.53964959e-05	0.00292228075	0	100	0	0	3
165	28	0	3.41169983	22.1088786	22.108629	22.1083896	22.1088786	7.56978614e-05	0.00292228075	0	100	0	0	3
166	28	0	3.4323768	22.108943	22.1086426	22.1083896	22.108943	6.90287409e-05	0.00292228075	0	100	0	0	3
167	28	0	3.45305376	22.1089856	22.1086564	22.1083896	22.1089856	6.90287409e-05	0.00292228075	0	100	0	0	3
168	28	0	3.47373073	22.1090282	22.10867	22.1083896	22.1090282	6.90287409e-05	0.00292228075	0	100	0	0	3
169	29	0	3.4944077	22.108991	22.1086805	22.1083896	22.1090282	7.86391947e-05	0.00292228075	0	100	0	0	3
170	29	0	3.51508467	22.1090246	22.108691	22.1083896	22.1090282	8.91685178e-05	0.00292228075	0	100	0	0	3
171	29	0	3.53576164	22.1090677	22.1087048	22.1083896	22.1090677	0.000102931574	0.00292228075	0	100	0	0	3
172	29	0	3.55643861	22.1091168	22.1087211	22.1083896	22.1091168	0.000119289001	0.00292228075	0	100	0	0	3
173	29	0	3.57711558	22.1091567	22.1087402	22.1083896	22.1091567	0.000138364513	0.00292228075	0	100	0	0	3
174	29	0	3.59779254	22.1091691	22.1087577	22.1083896	22.1091691	0.000155904296	0.00292228075	0	100	0	0	3
175	29	0	3.61846951	22.1092603	22.1087803	22.1083896	22.1092603	0.000178424462	0.00292228075	0	100	0	0	3
176	30	0	3.63914648	22.1092883	22.1088042	22.1083896	22.1092883	0.000202334249	0.00292228075	0	100	0	0	3
177	30	0	3.65982345	22.1093207	22.1088307	22.1083896	22.1093207	0.000228846487	0.00292228075	0	100	0	0	3
178	30	0	3.68050042	22.1093287	22.1088613	22.1083896	22.1093287	0.000259443032	0.00292228075	0	100	0	0	3
179	30	0	3.70117739	22.1092654	22.1088947	22.1083896	22.1093287	0.00029286746	0.00292228075	0	100	0	0	3
180	30	0	3.72185436	22.109186	22.1089266	22.1084121	22.1093287	0.000324721661	0.00292228075	0	100	0	0	3
181	30	0	3.74253133	22.1091141	22.1089546	22.1084294	22.1093287	0.000352801621	0.00292228075	0	100	0	0	3
182	31	0	3.76320829	22.1091181	22.1089822	22.1085073	22.1093287	0.000380349818	0.00292228075	0	100	0	0	3
183	31	0	3.78388526	22.10909	22.1090055	22.1085209	22.1093287	0.000403656971	0.00292228075	0	100	0	0	3
184	31	0	3.80456223	22.1091211	22.1090295	22.1085962	22.1093287	0.00042766156	0.00292228075	0	100	0	0	3
185	31	0	3.8252392	22.1090666	22.1090483	22.1086292	22.1093287	0.000444333123	0.00292228075	0	100	0	0	3
186	31	0	3.84591617	22.1090394	22.109063	22.1086292	22.1093287	0.000457679071	0.00292228075	0	100	0	0	3
187	31	0	3.86659314	22.10897	22.109076	22.1086292	22.1093287	0.000468722819	0.00292228075	0	100	0	0	3
188	32	0	3.88727011	22.1089257	22.1090879	22.1087407	22.1093287	0.000472175281	0.00292228075	0	100	0	0	3
189	32	0	3.90794707	22.1089155	22.1090948	22.1088786	22.1093287	0.000450100216	0.00292228075	0	100	0	0	3
190	32	0	3.92862404	22.1089085	22.109096	22.1089085	22.1093287	0.000420186588	0.00292228075	0	100	0	0	3
191	32	0	3.94930101	22.1089773	22.1090974	22.1089085	22.1093287	0.000420186588	0.00292228075	0	100	0	0	3
192	32	0	3.96997798	22.1090371	22.1090995	22.1089085	22.1093287	0.000420186588	0.00292228075	0	100	0	0	3
193	32	0	3.99065495	22.1090796	22.1091015	22.1089085	22.1093287	0.000420186588	0.00292228075	0	100	0	0	3
194	32	0	4.01133192	22.1090615	22.1091044	22.1089085	22.1093287	0.000413351608	0.00292228075	0	100	0	0	3
