Iteration	CPUTime	PhysTime	Travels	Value	AvValue	MinValue	MaxValue	Delta	Criteria	Progress	CriteriaType	CriteriaVarType	CriteriaPercentage
1	1	0	0.0206769686	1.20373091	1.20373091	1.20373091	1.20373091	0	0	0	0	0	0	3
2	1	0	0.0413539373	1.20371234	1.20372162	1.20371234	1.20373091	9.28655027e-06	0	0	0	0	0	3
3	1	0	0.0620309059	1.20370807	1.20371711	1.20370807	1.20373091	1.38058415e-05	0	0	0	0	0	3
4	1	0	0.0827078746	1.20370906	1.20371509	1.20370807	1.20373091	1.58163155e-05	0	0	0	0	0	3
5	2	0	0.103384843	1.20370758	1.20371359	1.20370758	1.20373091	1.73185439e-05	0	0	0	0	0	3
6	2	0	0.124061812	1.20370833	1.20371271	1.20370758	1.20373091	1.81963363e-05	0	0	0	0	0	3
7	2	0	0.144738781	1.20370805	1.20371205	1.20370758	1.20373091	1.88627724e-05	0	0	0	0	0	3
8	2	0	0.165415749	1.20370781	1.20371152	1.20370758	1.20373091	1.93924911e-05	0	0	0	0	0	3
9	2	0	0.186092718	1.20370796	1.20371112	1.20370758	1.20373091	1.97876443e-05	0	0	0	0	0	3
10	2	0	0.206769686	1.20370747	1.20371076	1.20370747	1.20373091	2.01525332e-05	0	0	0	0	0	3
11	2	0	0.227446655	1.20370777	1.20371049	1.20370747	1.20373091	2.04242598e-05	0	0	0	0	0	3
12	3	0	0.248123624	1.20370722	1.20371021	1.20370722	1.20373091	2.06966863e-05	0	0	0	0	0	3
13	3	0	0.268800592	1.20370749	1.20371	1.20370722	1.20373091	2.09063033e-05	0	0	0	0	0	3
14	3	0	0.289477561	1.20370691	1.20370978	1.20370691	1.20373091	2.11272068e-05	0	0	0	0	0	3
15	3	0	0.31015453	1.20370698	1.2037096	1.20370691	1.20373091	2.13142414e-05	0	0	0	0	0	3
16	3	0	0.330831498	1.20370654	1.20370941	1.20370654	1.20373091	2.15054423e-05	0	0	0	0	0	3
17	3	0	0.351508467	1.20370636	1.20370923	1.20370636	1.20373091	2.16843114e-05	0	0	0	0	0	3
18	3	0	0.372185436	1.20370602	1.20370905	1.20370602	1.20373091	2.18622773e-05	0	0	0	0	0	3
19	4	0	0.392862404	1.20370582	1.20370888	1.20370582	1.20373091	2.20323147e-05	0	0	0	0	0	3
20	4	0	0.413539373	1.20370558	1.20370871	1.20370558	1.20373091	2.21972744e-05	0	0	0	0	0	3
21	4	0	0.434216342	1.2037052	1.20370855	1.2037052	1.20373091	2.23648392e-05	0	0	0	0	0	3
22	4	0	0.45489331	1.20370483	1.20370838	1.20370483	1.20373091	2.25337848e-05	0	0	0	0	0	3
23	4	0	0.475570279	1.20370444	1.20370821	1.20370444	1.20373091	2.27049271e-05	0	0	0	0	0	3
24	4	0	0.496247248	1.20370414	1.20370804	1.20370414	1.20373091	2.28743682e-05	0	0	0	0	0	3
25	4	0	0.516924216	1.20370388	1.20370787	1.20370388	1.20373091	2.30407601e-05	0	0	0	0	0	3
26	5	0	0.537601185	1.20370349	1.20370677	1.20370349	1.20371234	8.84314688e-06	0	0	0	0	0	3
27	5	0	0.558278153	1.20370319	1.20370641	1.20370319	1.20370906	5.87709806e-06	0	0	0	0	0	3
28	5	0	0.578955122	1.20370291	1.2037062	1.20370291	1.20370906	6.1548644e-06	0	0	0	0	0	3
29	5	0	0.599632091	1.20370276	1.20370595	1.20370276	1.20370833	5.5635809e-06	0	0	0	0	0	3
30	5	0	0.620309059	1.20370261	1.20370575	1.20370261	1.20370833	5.71811615e-06	0	0	0	0	0	3
31	5	0	0.640986028	1.20370248	1.20370552	1.20370248	1.20370805	5.5710386e-06	0	0	0	0	0	3
32	6	0	0.661662997	1.20370236	1.20370529	1.20370236	1.20370796	5.5979119e-06	0	0	0	0	0	3
33	6	0	0.682339965	1.20370232	1.20370507	1.20370232	1.20370796	5.64275569e-06	0	0	0	0	0	3
34	6	0	0.703016934	1.20370224	1.20370484	1.20370224	1.20370777	5.52916647e-06	0	0	0	0	0	3
35	6	0	0.723693903	1.20370224	1.20370463	1.20370224	1.20370777	5.52916647e-06	0	0	0	0	0	3
36	6	0	0.744370871	1.20370226	1.20370441	1.20370224	1.20370749	5.24898505e-06	0	0	0	0	0	3
37	6	0	0.76504784	1.20370229	1.20370421	1.20370224	1.20370749	5.24898505e-06	0	0	0	0	0	3
38	7	0	0.785724809	1.2037023	1.20370401	1.20370224	1.20370698	4.73796631e-06	0	0	0	0	0	3
39	7	0	0.806401777	1.20370234	1.20370382	1.20370224	1.20370698	4.73796631e-06	0	0	0	0	0	3
40	7	0	0.827078746	1.20370234	1.20370364	1.20370224	1.20370654	4.29723717e-06	0	0	0	0	0	3
41	7	0	0.847755715	1.20370239	1.20370347	1.20370224	1.20370636	4.12447515e-06	0	0	0	0	0	3
42	7	0	0.868432683	1.20370246	1.20370332	1.20370224	1.20370602	3.78299479e-06	0	0	0	0	0	3
43	7	0	0.889109652	1.2037025	1.20370317	1.20370224	1.20370582	3.57770464e-06	0	0	0	0	0	3
44	8	0	0.90978662	1.20370258	1.20370305	1.20370224	1.20370558	3.33918517e-06	0	0	0	0	0	3
45	8	0	0.930463589	1.20370259	1.20370293	1.20370224	1.2037052	2.95455552e-06	0	0	0	0	0	3
46	8	0	0.951140558	1.20370262	1.20370282	1.20370224	1.20370483	2.58905186e-06	0	0	0	0	0	3
47	8	0	0.971817526	1.20370263	1.20370273	1.20370224	1.20370444	2.20063355e-06	0	0	0	0	0	3
48	8	0	0.992494495	1.20370266	1.20370266	1.20370224	1.20370414	1.89917969e-06	0	0	0	0	0	3
49	8	0	1.01317146	1.20370269	1.20370261	1.20370224	1.20370388	1.63652803e-06	2.75101543e-07	0	16.8	0	0	3
50	8	0	1.03384843	1.20370268	1.20370256	1.20370224	1.20370349	1.25444517e-06	2.75101543e-07	0	21.9	0	0	3
51	9	0	1.0545254	1.20370268	1.20370253	1.20370224	1.20370319	9.45856868e-07	2.75101543e-07	0	29	0	0	3
52	9	0	1.07520237	1.20370267	1.2037025	1.20370224	1.20370291	6.68090528e-07	2.75101543e-07	0	41.1	0	0	3
53	9	0	1.09587934	1.20370266	1.20370249	1.20370224	1.20370276	5.21813486e-07	2.75101543e-07	0	52.7	0	0	3
54	9	0	1.11655631	1.20370266	1.20370249	1.20370224	1.20370269	4.50141592e-07	2.75101543e-07	0	61.1	0	0	3
55	9	0	1.13723328	1.20370266	1.20370249	1.20370224	1.20370269	4.50141592e-07	2.75101543e-07	0	61.1	0	0	3
56	10	0	1.15791024	1.20370267	1.2037025	1.20370224	1.20370269	4.50141592e-07	2.75101543e-07	0	61.1	0	0	3
57	10	0	1.17858721	1.20370266	1.20370251	1.20370224	1.20370269	4.50141592e-07	2.75101543e-07	0	61.1	0	0	3
58	10	0	1.19926418	1.20370269	1.20370253	1.20370224	1.20370269	4.50141592e-07	2.75101543e-07	0	61.1	0	0	3
59	10	0	1.21994115	1.20370268	1.20370254	1.20370224	1.20370269	4.48035283e-07	2.75101543e-07	0	61.4	0	0	3
60	10	0	1.24061812	1.2037027	1.20370256	1.20370226	1.2037027	4.41285028e-07	2.75101543e-07	0	62.3	0	0	3
61	10	0	1.26129509	1.20370269	1.20370258	1.20370229	1.2037027	4.08701299e-07	2.75101543e-07	0	67.3	0	0	3
62	11	0	1.28197206	1.20370271	1.2037026	1.2037023	1.20370271	4.03853002e-07	2.75101543e-07	0	68.1	0	0	3
63	11	0	1.30264902	1.20370268	1.20370261	1.20370234	1.20370271	3.71365399e-07	2.75101543e-07	0	74	0	0	3
64	11	0	1.32332599	1.20370267	1.20370262	1.20370234	1.20370271	3.65003427e-07	2.75101543e-07	0	75.3	0	0	3
65	11	0	1.34400296	1.20370267	1.20370264	1.20370239	1.20370271	3.12409606e-07	2.75101543e-07	0	88	0	0	3
66	11	0	1.36467993	1.20370269	1.20370265	1.20370246	1.20370271	2.49724357e-07	2.75101543e-07	0	100	0	0	3
67	12	0	1.3853569	1.20370268	1.20370266	1.2037025	1.20370271	2.0456622e-07	2.75101543e-07	0	100	0	0	3
68	12	0	1.40603387	1.20370267	1.20370267	1.20370258	1.20370271	1.25450728e-07	2.75101543e-07	0	100	0	0	3
69	12	0	1.42671084	1.20370267	1.20370267	1.20370259	1.20370271	1.16801897e-07	2.75101543e-07	0	100	0	0	3
70	12	0	1.44738781	1.20370267	1.20370267	1.20370262	1.20370271	9.13095499e-08	2.75101543e-07	0	100	0	0	3
71	12	0	1.46806477	1.20370266	1.20370267	1.20370263	1.20370271	7.26391816e-08	2.75101543e-07	0	100	0	0	3
72	12	0	1.48874174	1.20370268	1.20370268	1.20370266	1.20370271	5.09305014e-08	2.75101543e-07	0	100	0	0	3
73	13	0	1.50941871	1.20370268	1.20370268	1.20370266	1.20370271	5.09305014e-08	2.75101543e-07	0	100	0	0	3
74	13	0	1.53009568	1.20370268	1.20370268	1.20370266	1.20370271	5.09305014e-08	2.75101543e-07	0	100	0	0	3
75	13	0	1.55077265	1.20370269	1.20370268	1.20370266	1.20370271	5.09305014e-08	2.75101543e-07	0	100	0	0	3
76	13	0	1.57144962	1.20370268	1.20370268	1.20370266	1.20370271	5.09305014e-08	2.75101543e-07	0	100	0	0	3
77	13	0	1.59212659	1.20370268	1.20370268	1.20370266	1.20370271	5.09305014e-08	2.75101543e-07	0	100	0	0	3
78	13	0	1.61280355	1.20370268	1.20370268	1.20370266	1.20370271	5.09305014e-08	2.75101543e-07	0	100	0	0	3
79	14	0	1.63348052	1.20370269	1.20370268	1.20370266	1.20370271	5.09305014e-08	2.75101543e-07	0	100	0	0	3
80	14	0	1.65415749	1.20370268	1.20370268	1.20370266	1.20370271	5.09305014e-08	2.75101543e-07	0	100	0	0	3
81	14	0	1.67483446	1.20370269	1.20370268	1.20370266	1.20370271	5.09305014e-08	2.75101543e-07	0	100	0	0	3
82	14	0	1.69551143	1.20370271	1.20370268	1.20370266	1.20370271	4.54145219e-08	2.75101543e-07	0	100	0	0	3
83	14	0	1.7161884	1.2037027	1.20370268	1.20370266	1.20370271	4.54145219e-08	2.75101543e-07	0	100	0	0	3
84	14	0	1.73686537	1.20370269	1.20370268	1.20370266	1.20370271	4.54145219e-08	2.75101543e-07	0	100	0	0	3
85	14	0	1.75754234	1.20370269	1.20370268	1.20370266	1.20370271	4.54145219e-08	2.75101543e-07	0	100	0	0	3
86	15	0	1.7782193	1.20370269	1.20370268	1.20370266	1.20370271	4.54145219e-08	2.75101543e-07	0	100	0	0	3
87	15	0	1.79889627	1.20370267	1.20370268	1.20370266	1.20370271	4.54145219e-08	2.75101543e-07	0	100	0	0	3
88	15	0	1.81957324	1.20370269	1.20370268	1.20370266	1.20370271	4.54145219e-08	2.75101543e-07	0	100	0	0	3
89	15	0	1.84025021	1.20370267	1.20370268	1.20370266	1.20370271	4.54145219e-08	2.75101543e-07	0	100	0	0	3
90	15	0	1.86092718	1.20370266	1.20370268	1.20370266	1.20370271	3.47183964e-08	2.75101543e-07	0	100	0	0	3
91	15	0	1.88160415	1.20370265	1.20370268	1.20370265	1.20370271	2.58051149e-08	2.75101543e-07	0	100	0	0	3
92	16	0	1.90228112	1.20370264	1.20370268	1.20370264	1.20370271	1.89428928e-08	2.75101543e-07	0	100	0	0	3
93	16	0	1.92295808	1.20370264	1.20370268	1.20370264	1.20370271	1.52437667e-08	2.75101543e-07	0	100	0	0	3
94	16	0	1.94363505	1.20370263	1.20370268	1.20370263	1.20370271	1.18729697e-08	2.75101543e-07	0	100	0	0	3
95	16	0	1.96431202	1.20370265	1.20370267	1.20370263	1.20370271	9.94949967e-09	2.75101543e-07	0	100	0	0	3
96	16	0	1.98498899	1.20370265	1.20370267	1.20370263	1.20370271	1.04939295e-08	2.75101543e-07	0	100	0	0	3
97	16	0	2.00566596	1.20370264	1.20370267	1.20370263	1.20370271	1.19940338e-08	2.75101543e-07	0	100	0	0	3
98	17	0	2.02634293	1.20370266	1.20370267	1.20370263	1.20370271	1.28091755e-08	2.75101543e-07	0	100	0	0	3
99	17	0	2.0470199	1.20370264	1.20370267	1.20370263	1.20370271	1.43809116e-08	2.75101543e-07	0	100	0	0	3
100	17	0	2.06769686	1.20370264	1.20370267	1.20370263	1.20370271	1.62347924e-08	2.75101543e-07	0	100	0	0	3
101	17	0	2.08837383	1.20370265	1.20370267	1.20370263	1.20370271	1.7509717e-08	2.75101543e-07	0	100	0	0	3
102	17	0	2.1090508	1.20370265	1.20370267	1.20370263	1.20370271	1.84710038e-08	2.75101543e-07	0	100	0	0	3
103	18	0	2.12972777	1.20370265	1.20370266	1.20370263	1.20370271	1.98278318e-08	2.75101543e-07	0	100	0	0	3
104	18	0	2.15040474	1.20370264	1.20370266	1.20370263	1.20370271	2.17911444e-08	2.75101543e-07	0	100	0	0	3
105	18	0	2.17108171	1.20370263	1.20370266	1.20370263	1.20370271	2.34782922e-08	2.75101543e-07	0	100	0	0	3
106	18	0	2.19175868	1.20370265	1.20370266	1.20370263	1.20370271	2.50700916e-08	2.75101543e-07	0	100	0	0	3
107	18	0	2.21243565	1.20370265	1.20370266	1.20370263	1.2037027	2.72704626e-08	2.75101543e-07	0	100	0	0	3
108	18	0	2.23311261	1.20370265	1.20370266	1.20370263	1.20370269	2.91230213e-08	2.75101543e-07	0	100	0	0	3
109	18	0	2.25378958	1.20370266	1.20370265	1.20370263	1.20370269	2.98745635e-08	2.75101543e-07	0	100	0	0	3
110	19	0	2.27446655	1.20370265	1.20370265	1.20370263	1.20370269	3.13242003e-08	2.75101543e-07	0	100	0	0	3
111	19	0	2.29514352	1.20370265	1.20370265	1.20370263	1.20370269	3.14981901e-08	2.75101543e-07	0	100	0	0	3
112	19	0	2.31582049	1.20370265	1.20370265	1.20370263	1.20370269	3.24911924e-08	2.75101543e-07	0	100	0	0	3
113	19	0	2.33649746	1.20370265	1.20370265	1.20370263	1.20370267	3.40859436e-08	2.75101543e-07	0	100	0	0	3
114	19	0	2.35717443	1.20370265	1.20370265	1.20370263	1.20370266	2.58091846e-08	2.75101543e-07	0	100	0	0	3
115	19	0	2.37785139	1.20370265	1.20370265	1.20370263	1.20370266	2.58091846e-08	2.75101543e-07	0	100	0	0	3
116	20	0	2.39852836	1.20370265	1.20370265	1.20370263	1.20370266	2.58091846e-08	2.75101543e-07	0	100	0	0	3
117	20	0	2.41920533	1.20370266	1.20370265	1.20370263	1.20370266	2.71138836e-08	2.75101543e-07	0	100	0	0	3
118	20	0	2.4398823	1.20370267	1.20370265	1.20370263	1.20370267	2.84337276e-08	2.75101543e-07	0	100	0	0	3
119	20	0	2.46055927	1.20370267	1.20370265	1.20370263	1.20370267	2.73641818e-08	2.75101543e-07	0	100	0	0	3
120	20	0	2.48123624	1.20370265	1.20370265	1.20370263	1.20370267	2.6819752e-08	2.75101543e-07	0	100	0	0	3
121	20	0	2.50191321	1.20370264	1.20370265	1.20370263	1.20370267	2.53196477e-08	2.75101543e-07	0	100	0	0	3
122	21	0	2.52259018	1.20370263	1.20370265	1.20370263	1.20370267	2.4504506e-08	2.75101543e-07	0	100	0	0	3
123	21	0	2.54326714	1.20370263	1.20370265	1.20370263	1.20370267	2.29327699e-08	2.75101543e-07	0	100	0	0	3
124	21	0	2.56394411	1.20370265	1.20370265	1.20370263	1.20370267	2.10788891e-08	2.75101543e-07	0	100	0	0	3
125	21	0	2.58462108	1.20370266	1.20370265	1.20370263	1.20370267	1.98039645e-08	2.75101543e-07	0	100	0	0	3
126	21	0	2.60529805	1.20370266	1.20370265	1.20370263	1.20370267	1.88426776e-08	2.75101543e-07	0	100	0	0	3
127	21	0	2.62597502	1.20370266	1.20370265	1.20370263	1.20370267	1.74858497e-08	2.75101543e-07	0	100	0	0	3
128	22	0	2.64665199	1.20370266	1.20370265	1.20370263	1.20370267	1.5522537e-08	2.75101543e-07	0	100	0	0	3
129	22	0	2.66732896	1.20370266	1.20370265	1.20370263	1.20370267	1.38353893e-08	2.75101543e-07	0	100	0	0	3
130	22	0	2.68800592	1.20370265	1.20370265	1.20370263	1.20370267	1.22435899e-08	2.75101543e-07	0	100	0	0	3
131	22	0	2.70868289	1.20370265	1.20370265	1.20370263	1.20370267	1.00432189e-08	2.75101543e-07	0	100	0	0	3
132	22	0	2.72935986	1.20370263	1.20370265	1.20370263	1.20370267	8.19066015e-09	2.75101543e-07	0	100	0	0	3
133	22	0	2.75003683	1.20370264	1.20370265	1.20370263	1.20370267	6.7894883e-09	2.75101543e-07	0	100	0	0	3
134	23	0	2.7707138	1.20370264	1.20370265	1.20370263	1.20370267	5.25064925e-09	2.75101543e-07	0	100	0	0	3
135	23	0	2.79139077	1.20370266	1.20370265	1.20370263	1.20370267	5.25064925e-09	2.75101543e-07	0	100	0	0	3
136	23	0	2.81206774	1.20370266	1.20370265	1.20370263	1.20370267	5.25064925e-09	2.75101543e-07	0	100	0	0	3
137	23	0	2.8327447	1.20370267	1.20370265	1.20370263	1.20370267	5.25064925e-09	2.75101543e-07	0	100	0	0	3
138	23	0	2.85342167	1.20370266	1.20370265	1.20370263	1.20370267	5.25064925e-09	2.75101543e-07	0	100	0	0	3
139	24	0	2.87409864	1.20370265	1.20370265	1.20370263	1.20370267	5.25064925e-09	2.75101543e-07	0	100	0	0	3
140	24	0	2.89477561	1.20370263	1.20370265	1.20370263	1.20370267	5.09750575e-09	2.75101543e-07	0	100	0	0	3
141	24	0	2.91545258	1.20370263	1.20370265	1.20370263	1.20370267	4.24015356e-09	2.75101543e-07	0	100	0	0	3
142	24	0	2.93612955	1.20370264	1.20370265	1.20370263	1.20370267	3.46147599e-09	2.75101543e-07	0	100	0	0	3
143	24	0	2.95680652	1.20370265	1.20370265	1.20370263	1.20370267	3.48432128e-09	2.75101543e-07	0	100	0	0	3
144	24	0	2.97748349	1.20370266	1.20370265	1.20370263	1.20370267	4.0046324e-09	2.75101543e-07	0	100	0	0	3
145	25	0	2.99816045	1.20370269	1.20370265	1.20370263	1.20370269	4.0046324e-09	2.75101543e-07	0	100	0	0	3
146	25	0	3.01883742	1.20370267	1.20370265	1.20370263	1.20370269	4.0046324e-09	2.75101543e-07	0	100	0	0	3
147	25	0	3.03951439	1.20370267	1.20370265	1.20370263	1.20370269	4.71499351e-09	2.75101543e-07	0	100	0	0	3
148	25	0	3.06019136	1.20370266	1.20370265	1.20370263	1.20370269	5.60550273e-09	2.75101543e-07	0	100	0	0	3
149	25	0	3.08086833	1.20370266	1.20370265	1.20370263	1.20370269	6.10742035e-09	2.75101543e-07	0	100	0	0	3
150	25	0	3.1015453	1.20370264	1.20370265	1.20370263	1.20370269	6.10742035e-09	2.75101543e-07	0	100	0	0	3
151	26	0	3.12222227	1.20370265	1.20370265	1.20370263	1.20370269	6.10742035e-09	2.75101543e-07	0	100	0	0	3
152	26	0	3.14289923	1.20370268	1.20370265	1.20370263	1.20370269	6.10742035e-09	2.75101543e-07	0	100	0	0	3
153	26	0	3.1635762	1.20370269	1.20370265	1.20370263	1.20370269	6.71468459e-09	2.75101543e-07	0	100	0	0	3
154	26	0	3.18425317	1.20370268	1.20370266	1.20370263	1.20370269	7.36522909e-09	2.75101543e-07	0	100	0	0	3
155	26	0	3.20493014	1.20370264	1.20370265	1.20370263	1.20370269	7.36522909e-09	2.75101543e-07	0	100	0	0	3
156	26	0	3.22560711	1.20370264	1.20370265	1.20370263	1.20370269	7.36522909e-09	2.75101543e-07	0	100	0	0	3
157	27	0	3.24628408	1.20370263	1.20370265	1.20370263	1.20370269	7.36522909e-09	2.75101543e-07	0	100	0	0	3
158	27	0	3.26696105	1.20370264	1.20370265	1.20370263	1.20370269	7.36522909e-09	2.75101543e-07	0	100	0	0	3
159	27	0	3.28763801	1.20370265	1.20370266	1.20370263	1.20370269	7.36522909e-09	2.75101543e-07	0	100	0	0	3
160	27	0	3.30831498	1.20370264	1.20370265	1.20370263	1.20370269	7.36522909e-09	2.75101543e-07	0	100	0	0	3
161	27	0	3.32899195	1.20370266	1.20370265	1.20370263	1.20370269	7.36522909e-09	2.75101543e-07	0	100	0	0	3
162	27	0	3.34966892	1.20370267	1.20370265	1.20370263	1.20370269	7.36522909e-09	2.75101543e-07	0	100	0	0	3
163	28	0	3.37034589	1.20370267	1.20370265	1.20370263	1.20370269	7.36522909e-09	2.75101543e-07	0	100	0	0	3
164	28	0	3.39102286	1.20370267	1.20370266	1.20370263	1.20370269	7.36522909e-09	2.75101543e-07	0	100	0	0	3
165	28	0	3.41169983	1.20370267	1.20370266	1.20370263	1.20370269	8.76999739e-09	2.75101543e-07	0	100	0	0	3
166	28	0	3.4323768	1.20370267	1.20370266	1.20370263	1.20370269	1.04441522e-08	2.75101543e-07	0	100	0	0	3
167	28	0	3.45305376	1.20370268	1.20370266	1.20370263	1.20370269	1.19263577e-08	2.75101543e-07	0	100	0	0	3
168	28	0	3.47373073	1.2037027	1.20370266	1.20370263	1.2037027	1.42037737e-08	2.75101543e-07	0	100	0	0	3
169	29	0	3.4944077	1.2037027	1.20370266	1.20370263	1.2037027	1.42222032e-08	2.75101543e-07	0	100	0	0	3
170	29	0	3.51508467	1.2037027	1.20370266	1.20370263	1.2037027	1.34205203e-08	2.75101543e-07	0	100	0	0	3
171	29	0	3.53576164	1.20370269	1.20370267	1.20370263	1.2037027	1.22560417e-08	2.75101543e-07	0	100	0	0	3
172	29	0	3.55643861	1.20370269	1.20370267	1.20370263	1.2037027	1.30607545e-08	2.75101543e-07	0	100	0	0	3
173	29	0	3.57711558	1.2037027	1.20370267	1.20370263	1.2037027	1.48866783e-08	2.75101543e-07	0	100	0	0	3
174	29	0	3.59779254	1.2037027	1.20370267	1.20370263	1.2037027	1.63439813e-08	2.75101543e-07	0	100	0	0	3
175	29	0	3.61846951	1.20370269	1.20370267	1.20370263	1.2037027	1.83781157e-08	2.75101543e-07	0	100	0	0	3
176	30	0	3.63914648	1.20370269	1.20370267	1.20370263	1.2037027	1.95618928e-08	2.75101543e-07	0	100	0	0	3
177	30	0	3.65982345	1.20370271	1.20370267	1.20370263	1.20370271	2.01275847e-08	2.75101543e-07	0	100	0	0	3
178	30	0	3.68050042	1.20370271	1.20370268	1.20370263	1.20370271	2.09956528e-08	2.75101543e-07	0	100	0	0	3
179	30	0	3.70117739	1.20370269	1.20370268	1.20370263	1.20370271	2.17549521e-08	2.75101543e-07	0	100	0	0	3
180	30	0	3.72185436	1.20370269	1.20370268	1.20370263	1.20370271	2.387836e-08	2.75101543e-07	0	100	0	0	3
181	30	0	3.74253133	1.20370269	1.20370268	1.20370263	1.20370271	2.57979749e-08	2.75101543e-07	0	100	0	0	3
182	31	0	3.76320829	1.20370268	1.20370268	1.20370264	1.20370271	2.77329175e-08	2.75101543e-07	0	100	0	0	3
183	31	0	3.78388526	1.20370267	1.20370268	1.20370264	1.20370271	2.92413325e-08	2.75101543e-07	0	100	0	0	3
184	31	0	3.80456223	1.20370267	1.20370268	1.20370264	1.20370271	3.03054084e-08	2.75101543e-07	0	100	0	0	3
185	31	0	3.8252392	1.20370267	1.20370269	1.20370266	1.20370271	3.16054865e-08	2.75101543e-07	0	100	0	0	3
186	31	0	3.84591617	1.20370267	1.20370269	1.20370267	1.20370271	3.17844702e-08	2.75101543e-07	0	100	0	0	3
187	31	0	3.86659314	1.20370268	1.20370269	1.20370267	1.20370271	3.14593191e-08	2.75101543e-07	0	100	0	0	3
188	32	0	3.88727011	1.20370269	1.20370269	1.20370267	1.20370271	3.14901274e-08	2.75101543e-07	0	100	0	0	3
189	32	0	3.90794707	1.20370269	1.20370269	1.20370267	1.20370271	3.07433419e-08	2.75101543e-07	0	100	0	0	3
190	32	0	3.92862404	1.20370267	1.20370269	1.20370267	1.20370271	2.91083764e-08	2.75101543e-07	0	100	0	0	3
191	32	0	3.94930101	1.20370267	1.20370269	1.20370267	1.20370271	2.77691854e-08	2.75101543e-07	0	100	0	0	3
192	32	0	3.96997798	1.20370267	1.20370269	1.20370267	1.20370271	2.54917694e-08	2.75101543e-07	0	100	0	0	3
193	32	0	3.99065495	1.20370269	1.20370269	1.20370267	1.20370271	2.38415954e-08	2.75101543e-07	0	100	0	0	3
194	32	0	4.01133192	1.20370269	1.20370269	1.20370267	1.20370271	2.34133128e-08	2.75101543e-07	0	100	0	0	3
