Iteration	CPUTime	PhysTime	Travels	Value	AvValue	MinValue	MaxValue	Delta	Criteria	Progress	CriteriaType	CriteriaVarType	CriteriaPercentage
1	1	0	0.0206769686	-22.5061226	-22.5061226	-22.5061226	-22.5061226	0	0	0	0	0	0	3
2	1	0	0.0413539373	-20.8003908	-21.6532567	-22.5061226	-20.8003908	0.852865909	0	0	0	0	0	3
3	1	0	0.0620309059	-9.71517646	-17.6738966	-22.5061226	-9.71517646	4.83222599	0	0	0	0	0	3
4	1	0	0.0827078746	5.80955277	-11.8030343	-22.5061226	5.80955277	10.7030883	0	0	0	0	0	3
5	2	0	0.103384843	13.320984	-6.77823063	-22.5061226	13.320984	15.727892	0	0	0	0	0	3
6	2	0	0.124061812	3.32690044	-5.09404212	-22.5061226	13.320984	17.4120805	0	0	0	0	0	3
7	2	0	0.144738781	4.19449879	-3.7671077	-22.5061226	13.320984	18.7390149	0	0	0	0	0	3
8	2	0	0.165415749	-0.124883881	-3.31182973	-22.5061226	13.320984	19.1942929	0	0	0	0	0	3
9	2	0	0.186092718	2.61428031	-2.65337306	-22.5061226	13.320984	19.8527496	0	0	0	0	0	3
10	2	0	0.206769686	-3.13042187	-2.70107794	-22.5061226	13.320984	19.8527496	0	0	0	0	0	3
11	2	0	0.227446655	1.47874983	-2.3210936	-22.5061226	13.320984	20.185029	0	0	0	0	0	3
12	3	0	0.248123624	-2.55062177	-2.34022094	-22.5061226	13.320984	20.185029	0	0	0	0	0	3
13	3	0	0.268800592	-0.242351747	-2.17884639	-22.5061226	13.320984	20.3272762	0	0	0	0	0	3
14	3	0	0.289477561	-2.41792926	-2.19592374	-22.5061226	13.320984	20.3272762	0	0	0	0	0	3
15	3	0	0.31015453	-0.999276931	-2.11614728	-22.5061226	13.320984	20.3899753	0	0	0	0	0	3
16	3	0	0.330831498	-2.7092854	-2.15321842	-22.5061226	13.320984	20.3899753	0	0	0	0	0	3
17	3	0	0.351508467	-1.5685104	-2.11882383	-22.5061226	13.320984	20.3899753	0	0	0	0	0	3
18	3	0	0.372185436	-2.77943573	-2.15552449	-22.5061226	13.320984	20.3899753	0	0	0	0	0	3
19	4	0	0.392862404	-1.94865042	-2.14463638	-22.5061226	13.320984	20.3899753	0	0	0	0	0	3
20	4	0	0.413539373	-2.64520159	-2.16966464	-22.5061226	13.320984	20.3899753	0	0	0	0	0	3
21	4	0	0.434216342	-1.51539698	-2.13850904	-22.5061226	13.320984	20.3899753	0	0	0	0	0	3
22	4	0	0.45489331	-2.17958692	-2.14037621	-22.5061226	13.320984	20.3899753	0	0	0	0	0	3
23	4	0	0.475570279	-1.10529031	-2.09537248	-22.5061226	13.320984	20.4107501	0	0	0	0	0	3
24	4	0	0.496247248	-1.84451856	-2.08492023	-22.5061226	13.320984	20.4212024	0	0	0	0	0	3
25	4	0	0.516924216	-0.433030862	-2.01884466	-22.5061226	13.320984	20.487278	0	0	0	0	0	3
26	5	0	0.537601185	-1.10970608	-1.162988	-20.8003908	13.320984	20.4902687	0	0	0	0	0	3
27	5	0	0.558278153	-0.280167002	-0.342179044	-9.71517646	13.320984	17.3317176	0	0	0	0	0	3
28	5	0	0.578955122	-0.712701923	0.0179199373	-3.13042187	13.320984	11.8209542	0	0	0	0	0	3
29	5	0	0.599632091	0.239982166	-0.204862887	-3.13042187	13.320984	6.79615057	0	0	0	0	0	3
30	5	0	0.620309059	-0.497252148	-0.757592331	-3.13042187	4.19449879	5.11196206	0	0	0	0	0	3
31	5	0	0.640986028	0.334863835	-0.877273795	-3.13042187	4.19449879	3.78502764	0	0	0	0	0	3
32	6	0	0.661662997	-0.130019914	-1.05025454	-3.13042187	2.61428031	3.32974966	0	0	0	0	0	3
33	6	0	0.682339965	0.129995049	-1.04005939	-3.13042187	2.61428031	2.71899788	0	0	0	0	0	3
34	6	0	0.703016934	-0.155653206	-1.15085673	-3.13042187	1.47874983	2.71899788	0	0	0	0	0	3
35	6	0	0.723693903	0.318291277	-1.0129082	-2.77943573	1.47874983	2.35814088	0	0	0	0	0	3
36	6	0	0.744370871	0.222664648	-1.06315161	-2.77943573	0.334863835	2.35814088	0	0	0	0	0	3
37	6	0	0.76504784	0.212747031	-0.952616856	-2.77943573	0.334863835	2.21384368	0	0	0	0	0	3
38	7	0	0.785724809	0.313007378	-0.930402491	-2.77943573	0.334863835	2.21384368	0	0	0	0	0	3
39	7	0	0.806401777	0.193973747	-0.82592637	-2.77943573	0.334863835	2.18758458	0	0	0	0	0	3
40	7	0	0.827078746	-0.00979164202	-0.786346959	-2.77943573	0.334863835	2.18758458	0	0	0	0	0	3
41	7	0	0.847755715	-0.00313570101	-0.678100971	-2.77943573	0.334863835	2.18758458	0	0	0	0	0	3
42	7	0	0.868432683	0.18605112	-0.60791851	-2.77943573	0.334863835	2.18758458	0	0	0	0	0	3
43	7	0	0.889109652	0.179511562	-0.489560618	-2.64520159	0.334863835	2.18758458	0	0	0	0	0	3
44	8	0	0.90978662	0.506506857	-0.391354327	-2.64520159	0.506506857	2.18758458	0	0	0	0	0	3
45	8	0	0.930463589	0.315278434	-0.272935126	-2.17958692	0.506506857	2.15829615	0	0	0	0	0	3
46	8	0	0.951140558	0.31230066	-0.19982722	-2.17958692	0.506506857	2.15829615	0	0	0	0	0	3
47	8	0	0.971817526	0.309166526	-0.100277083	-1.84451856	0.506506857	2.11329242	0	0	0	0	0	3
48	8	0	0.992494495	0.432781639	-0.0387542044	-1.84451856	0.506506857	2.10284017	0	0	0	0	0	3
49	8	0	1.01317146	0.563029437	0.0575477153	-1.10970608	0.563029437	1.67273552	0.928817988	0	55.5	0	0	3
50	8	0	1.03384843	0.180388965	0.0820845084	-1.10970608	0.563029437	1.2450725	0.928817988	0	74.5	0	0	3
51	9	0	1.0545254	0.495173347	0.146279686	-0.712701923	0.563029437	1.27573136	0.928817988	0	72.8	0	0	3
52	9	0	1.07520237	0.451677299	0.175553458	-0.712701923	0.563029437	1.27573136	0.928817988	0	72.8	0	0	3
53	9	0	1.09587934	0.596471338	0.227920388	-0.497252148	0.596471338	1.09372349	0.928817988	0	84.9	0	0	3
54	9	0	1.11655631	0.68604332	0.245762834	-0.497252148	0.68604332	1.18329547	0.928817988	0	78.4	0	0	3
55	9	0	1.13723328	0.0529987554	0.26777287	-0.155653206	0.68604332	0.841696526	0.928817988	0	100	0	0	3
56	10	0	1.15791024	0.218652862	0.263124432	-0.155653206	0.68604332	0.841696526	0.928817988	0	100	0	0	3
57	10	0	1.17858721	-0.31315022	0.255799219	-0.31315022	0.68604332	0.999193541	0.928817988	0	92.9	0	0	3
58	10	0	1.19926418	0.338259536	0.264129799	-0.31315022	0.68604332	0.999193541	0.928817988	0	92.9	0	0	3
59	10	0	1.21994115	-0.0408664546	0.268721269	-0.31315022	0.68604332	0.999193541	0.928817988	0	92.9	0	0	3
60	10	0	1.24061812	-0.0596620056	0.253603137	-0.31315022	0.68604332	0.999193541	0.928817988	0	92.9	0	0	3
61	10	0	1.26129509	-0.353444892	0.230558756	-0.353444892	0.68604332	1.03948821	0.928817988	0	89.3	0	0	3
62	11	0	1.28197206	-0.271452553	0.211190773	-0.353444892	0.68604332	1.03948821	0.928817988	0	89.3	0	0	3
63	11	0	1.30264902	-0.427988383	0.181550942	-0.427988383	0.68604332	1.09464764	0.928817988	0	84.8	0	0	3
64	11	0	1.32332599	-0.315545666	0.161170166	-0.427988383	0.68604332	1.05506823	0.928817988	0	88	0	0	3
65	11	0	1.34400296	-0.515093814	0.140958079	-0.515093814	0.68604332	0.946822239	0.928817988	0	98	0	0	3
66	11	0	1.36467993	-0.496950405	0.121205491	-0.515093814	0.68604332	0.876639779	0.928817988	0	100	0	0	3
67	12	0	1.3853569	-0.527220994	0.092674606	-0.527220994	0.68604332	0.758281887	0.928817988	0	100	0	0	3
68	12	0	1.40603387	-0.400646263	0.069468293	-0.527220994	0.68604332	0.660075596	0.928817988	0	100	0	0	3
69	12	0	1.42671084	-0.362119574	0.0347232358	-0.527220994	0.68604332	0.541656395	0.928817988	0	100	0	0	3
70	12	0	1.44738781	-0.244098983	0.0123481391	-0.527220994	0.68604332	0.468548489	0.928817988	0	100	0	0	3
71	12	0	1.46806477	-0.0937656467	-0.00389451319	-0.527220994	0.68604332	0.368998351	0.928817988	0	100	0	0	3
72	12	0	1.48874174	0.054063315	-0.0140986416	-0.527220994	0.68604332	0.307475473	0.928817988	0	100	0	0	3
73	13	0	1.50941871	-0.0203571897	-0.0322241948	-0.527220994	0.68604332	0.300945464	0.928817988	0	100	0	0	3
74	13	0	1.53009568	0.0017915388	-0.0546737107	-0.527220994	0.68604332	0.323394979	0.928817988	0	100	0	0	3
75	13	0	1.55077265	-0.00895748352	-0.0622475686	-0.527220994	0.68604332	0.330968837	0.928817988	0	100	0	0	3
76	13	0	1.57144962	0.0848474154	-0.0786606059	-0.527220994	0.68604332	0.347381875	0.928817988	0	100	0	0	3
77	13	0	1.59212659	0.049913063	-0.0947311753	-0.527220994	0.68604332	0.363452444	0.928817988	0	100	0	0	3
78	13	0	1.61280355	0.151453764	-0.112531878	-0.527220994	0.68604332	0.381253147	0.928817988	0	100	0	0	3
79	14	0	1.63348052	0.344313449	-0.126201073	-0.527220994	0.344313449	0.394922342	0.928817988	0	100	0	0	3
80	14	0	1.65415749	0.420910422	-0.111484607	-0.527220994	0.420910422	0.394922342	0.928817988	0	100	0	0	3
81	14	0	1.67483446	0.566310314	-0.0975783084	-0.527220994	0.566310314	0.394922342	0.928817988	0	100	0	0	3
82	14	0	1.69551143	0.372816348	-0.0701396457	-0.527220994	0.566310314	0.394922342	0.928817988	0	100	0	0	3
83	14	0	1.7161884	0.313573593	-0.0711270834	-0.527220994	0.566310314	0.394922342	0.928817988	0	100	0	0	3
84	14	0	1.73686537	0.424275028	-0.0525214241	-0.527220994	0.566310314	0.379804211	0.928817988	0	100	0	0	3
85	14	0	1.75754234	0.400906557	-0.0340986816	-0.527220994	0.566310314	0.356759829	0.928817988	0	100	0	0	3
86	15	0	1.7782193	0.221319056	-0.0111081237	-0.527220994	0.566310314	0.337391846	0.928817988	0	100	0	0	3
87	15	0	1.79889627	0.226728684	0.00881912577	-0.527220994	0.566310314	0.307752015	0.928817988	0	100	0	0	3
88	15	0	1.81957324	0.195357808	0.0337529734	-0.527220994	0.566310314	0.287371239	0.928817988	0	100	0	0	3
89	15	0	1.84025021	0.245241219	0.0561844488	-0.527220994	0.566310314	0.267159152	0.928817988	0	100	0	0	3
90	15	0	1.86092718	0.117461477	0.0814866604	-0.527220994	0.566310314	0.247406564	0.928817988	0	100	0	0	3
91	15	0	1.88160415	0.26498675	0.111964147	-0.527220994	0.566310314	0.23816522	0.928817988	0	100	0	0	3
92	16	0	1.90228112	0.210320605	0.141465811	-0.400646263	0.566310314	0.267666884	0.928817988	0	100	0	0	3
93	16	0	1.92295808	0.407406916	0.173787938	-0.362119574	0.566310314	0.299989011	0.928817988	0	100	0	0	3
94	16	0	1.94363505	0.32647385	0.201331675	-0.244098983	0.566310314	0.327532748	0.928817988	0	100	0	0	3
95	16	0	1.96431202	0.348407523	0.225031935	-0.0937656467	0.566310314	0.351233008	0.928817988	0	100	0	0	3
96	16	0	1.98498899	0.208309289	0.237114932	-0.0203571897	0.566310314	0.363316006	0.928817988	0	100	0	0	3
97	16	0	2.00566596	0.274511272	0.245932851	-0.0203571897	0.566310314	0.372133924	0.928817988	0	100	0	0	3
98	17	0	2.02634293	0.092654536	0.25045332	-0.00895748352	0.566310314	0.376654393	0.928817988	0	100	0	0	3
99	17	0	2.0470199	0.0327341269	0.251691023	-0.00895748352	0.566310314	0.377892096	0.928817988	0	100	0	0	3
100	17	0	2.06769686	-0.124736042	0.247059881	-0.124736042	0.566310314	0.377892096	0.928817988	0	100	0	0	3
101	17	0	2.08837383	-0.109444023	0.239288223	-0.124736042	0.566310314	0.377892096	0.928817988	0	100	0	0	3
102	17	0	2.1090508	-0.108947508	0.232933801	-0.124736042	0.566310314	0.377892096	0.928817988	0	100	0	0	3
103	18	0	2.12972777	0.0148321968	0.227468938	-0.124736042	0.566310314	0.377892096	0.928817988	0	100	0	0	3
104	18	0	2.15040474	0.0162348216	0.214345793	-0.124736042	0.566310314	0.36317563	0.928817988	0	100	0	0	3
105	18	0	2.17108171	0.185753014	0.204939496	-0.124736042	0.566310314	0.349269332	0.928817988	0	100	0	0	3
106	18	0	2.19175868	0.214953699	0.190885232	-0.124736042	0.424275028	0.322818107	0.928817988	0	100	0	0	3
107	18	0	2.21243565	0.255410215	0.186188986	-0.124736042	0.424275028	0.322818107	0.928817988	0	100	0	0	3
108	18	0	2.23311261	0.20245801	0.181744363	-0.124736042	0.424275028	0.304212447	0.928817988	0	100	0	0	3
109	18	0	2.25378958	0.314042054	0.177335044	-0.124736042	0.407406916	0.285789705	0.928817988	0	100	0	0	3
110	19	0	2.27446655	-0.00438215117	0.161123496	-0.124736042	0.407406916	0.262799147	0.928817988	0	100	0	0	3
111	19	0	2.29514352	-0.0146536404	0.151684588	-0.124736042	0.407406916	0.242871897	0.928817988	0	100	0	0	3
112	19	0	2.31582049	0.00477058649	0.142806264	-0.124736042	0.407406916	0.21793805	0.928817988	0	100	0	0	3
113	19	0	2.33649746	0.0263152799	0.136044563	-0.124736042	0.407406916	0.195506574	0.928817988	0	100	0	0	3
114	19	0	2.35717443	0.159293478	0.132606653	-0.124736042	0.407406916	0.170204363	0.928817988	0	100	0	0	3
115	19	0	2.37785139	0.381378711	0.143163343	-0.124736042	0.407406916	0.139726877	0.928817988	0	100	0	0	3
116	20	0	2.39852836	0.213704769	0.141112063	-0.124736042	0.407406916	0.11908437	0.928817988	0	100	0	0	3
117	20	0	2.41920533	0.277852569	0.143813342	-0.124736042	0.407406916	0.11908437	0.928817988	0	100	0	0	3
118	20	0	2.4398823	0.19448883	0.135296619	-0.124736042	0.381378711	0.11908437	0.928817988	0	100	0	0	3
119	20	0	2.46055927	0.385858254	0.137671995	-0.124736042	0.385858254	0.11908437	0.928817988	0	100	0	0	3
120	20	0	2.48123624	0.183834319	0.131089067	-0.124736042	0.385858254	0.120601957	0.928817988	0	100	0	0	3
121	20	0	2.50191321	0.348963502	0.136715235	-0.124736042	0.385858254	0.120601957	0.928817988	0	100	0	0	3
122	21	0	2.52259018	0.474176985	0.144701864	-0.124736042	0.474176985	0.120601957	0.928817988	0	100	0	0	3
123	21	0	2.54326714	0.563200109	0.163523687	-0.124736042	0.563200109	0.120601957	0.928817988	0	100	0	0	3
124	21	0	2.56394411	0.728561555	0.191356784	-0.124736042	0.728561555	0.115970814	0.928817988	0	100	0	0	3
125	21	0	2.58462108	0.766898656	0.227022172	-0.109444023	0.766898656	0.108199157	0.928817988	0	100	0	0	3
126	21	0	2.60529805	0.770127063	0.262205015	-0.108947508	0.770127063	0.131115948	0.928817988	0	100	0	0	3
127	21	0	2.62597502	0.672763891	0.293473471	-0.0146536404	0.770127063	0.162384404	0.928817988	0	100	0	0	3
128	22	0	2.64665199	0.428461844	0.310018657	-0.0146536404	0.770127063	0.17892959	0.928817988	0	100	0	0	3
129	22	0	2.66732896	0.50963382	0.329754617	-0.0146536404	0.770127063	0.19866555	0.928817988	0	100	0	0	3
130	22	0	2.68800592	0.623572106	0.34726738	-0.0146536404	0.770127063	0.216178314	0.928817988	0	100	0	0	3
131	22	0	2.70868289	0.690640907	0.366294869	-0.0146536404	0.770127063	0.235205802	0.928817988	0	100	0	0	3
132	22	0	2.72935986	0.479412367	0.375254955	-0.0146536404	0.770127063	0.244165888	0.928817988	0	100	0	0	3
133	22	0	2.75003683	0.685908521	0.394592975	-0.0146536404	0.770127063	0.263503909	0.928817988	0	100	0	0	3
134	23	0	2.7707138	0.481468639	0.401290039	-0.0146536404	0.770127063	0.270200972	0.928817988	0	100	0	0	3
135	23	0	2.79139077	0.533325589	0.422798348	-0.0146536404	0.770127063	0.291709282	0.928817988	0	100	0	0	3
136	23	0	2.81206774	0.555002463	0.445584592	0.00477058649	0.770127063	0.314495526	0.928817988	0	100	0	0	3
137	23	0	2.8327447	0.750183223	0.475401098	0.0263152799	0.770127063	0.344312031	0.928817988	0	100	0	0	3
138	23	0	2.85342167	0.794372117	0.506123371	0.159293478	0.794372117	0.375034305	0.928817988	0	100	0	0	3
139	24	0	2.87409864	0.909929071	0.536148795	0.183834319	0.909929071	0.405059729	0.928817988	0	100	0	0	3
140	24	0	2.89477561	0.708976614	0.549252711	0.183834319	0.909929071	0.418163645	0.928817988	0	100	0	0	3
141	24	0	2.91545258	0.818406921	0.573440797	0.183834319	0.909929071	0.442351731	0.928817988	0	100	0	0	3
142	24	0	2.93612955	0.698214231	0.590255264	0.183834319	0.909929071	0.459166197	0.928817988	0	100	0	0	3
143	24	0	2.95680652	0.887541779	0.617977382	0.183834319	0.909929071	0.486888315	0.928817988	0	100	0	0	3
144	24	0	2.97748349	0.793891009	0.634298692	0.183834319	0.909929071	0.503209625	0.928817988	0	100	0	0	3
145	25	0	2.99816045	1.0622233	0.669434251	0.348963502	1.0622233	0.532719016	0.928817988	0	100	0	0	3
146	25	0	3.01883742	0.838844832	0.689029504	0.428461844	1.0622233	0.544327641	0.928817988	0	100	0	0	3
147	25	0	3.03951439	0.96590236	0.708698519	0.428461844	1.0622233	0.545174833	0.928817988	0	100	0	0	3
148	25	0	3.06019136	0.637932349	0.711687809	0.428461844	1.0622233	0.520331025	0.928817988	0	100	0	0	3
149	25	0	3.08086833	0.707488614	0.710844891	0.428461844	1.0622233	0.484665637	0.928817988	0	100	0	0	3
150	25	0	3.1015453	0.518582513	0.700912246	0.428461844	1.0622233	0.449482794	0.928817988	0	100	0	0	3
151	26	0	3.12222227	0.694549981	0.697889162	0.428461844	1.0622233	0.418214338	0.928817988	0	100	0	0	3
152	26	0	3.14289923	0.498770945	0.690929445	0.428461844	1.0622233	0.401669152	0.928817988	0	100	0	0	3
153	26	0	3.1635762	0.469478166	0.692570097	0.469478166	1.0622233	0.381933192	0.928817988	0	100	0	0	3
154	26	0	3.18425317	0.429166648	0.689351411	0.429166648	1.0622233	0.364420429	0.928817988	0	100	0	0	3
155	26	0	3.20493014	0.476995832	0.68348836	0.429166648	1.0622233	0.34539294	0.928817988	0	100	0	0	3
156	26	0	3.22560711	0.359940259	0.670260334	0.359940259	1.0622233	0.336432854	0.928817988	0	100	0	0	3
157	27	0	3.24628408	0.329675117	0.664270844	0.329675117	1.0622233	0.317094834	0.928817988	0	100	0	0	3
158	27	0	3.26696105	0.497750115	0.656744507	0.329675117	1.0622233	0.31039777	0.928817988	0	100	0	0	3
159	27	0	3.28763801	0.395034339	0.653287135	0.329675117	1.0622233	0.288889461	0.928817988	0	100	0	0	3
160	27	0	3.30831498	0.492173981	0.651641071	0.329675117	1.0622233	0.266103217	0.928817988	0	100	0	0	3
161	27	0	3.32899195	0.431705649	0.646709199	0.329675117	1.0622233	0.236286711	0.928817988	0	100	0	0	3
162	27	0	3.34966892	0.456498544	0.634961811	0.329675117	1.0622233	0.205564438	0.928817988	0	100	0	0	3
163	28	0	3.37034589	0.420093555	0.619990669	0.329675117	1.0622233	0.175539014	0.928817988	0	100	0	0	3
164	28	0	3.39102286	0.489093498	0.603157246	0.329675117	1.0622233	0.162435098	0.928817988	0	100	0	0	3
165	28	0	3.41169983	0.864649537	0.609384163	0.329675117	1.0622233	0.138247012	0.928817988	0	100	0	0	3
166	28	0	3.4323768	1.18589687	0.624083761	0.329675117	1.18589687	0.121432545	0.928817988	0	100	0	0	3
167	28	0	3.45305376	0.991020201	0.635796	0.329675117	1.18589687	0.108530563	0.928817988	0	100	0	0	3
168	28	0	3.47373073	1.02499725	0.641294219	0.329675117	1.18589687	0.108530563	0.928817988	0	100	0	0	3
169	29	0	3.4944077	0.583233534	0.63286792	0.329675117	1.18589687	0.108530563	0.928817988	0	100	0	0	3
170	29	0	3.51508467	0.317539895	0.603080583	0.317539895	1.18589687	0.108607226	0.928817988	0	100	0	0	3
171	29	0	3.53576164	0.186426192	0.576983838	0.186426192	1.18589687	0.134703971	0.928817988	0	100	0	0	3
172	29	0	3.55643861	0.230696973	0.547575622	0.186426192	1.18589687	0.164112187	0.928817988	0	100	0	0	3
173	29	0	3.57711558	0.262222041	0.53254721	0.186426192	1.18589687	0.178297682	0.928817988	0	100	0	0	3
174	29	0	3.59779254	0.325810367	0.51728008	0.186426192	1.18589687	0.183632166	0.928817988	0	100	0	0	3
175	29	0	3.61846951	0.545669075	0.518363543	0.186426192	1.18589687	0.180609082	0.928817988	0	100	0	0	3
176	30	0	3.63914648	0.779259026	0.521751904	0.186426192	1.18589687	0.175290017	0.928817988	0	100	0	0	3
177	30	0	3.65982345	0.781036545	0.533042528	0.186426192	1.18589687	0.175290017	0.928817988	0	100	0	0	3
178	30	0	3.68050042	0.769310674	0.545035829	0.186426192	1.18589687	0.172071331	0.928817988	0	100	0	0	3
179	30	0	3.70117739	0.581325848	0.551122197	0.186426192	1.18589687	0.16620828	0.928817988	0	100	0	0	3
180	30	0	3.72185436	0.243714917	0.54179096	0.186426192	1.18589687	0.152980254	0.928817988	0	100	0	0	3
181	30	0	3.74253133	0.18932163	0.534966215	0.186426192	1.18589687	0.146990764	0.928817988	0	100	0	0	3
182	31	0	3.76320829	0.171620699	0.528644038	0.171620699	1.18589687	0.139464427	0.928817988	0	100	0	0	3
183	31	0	3.78388526	0.238673023	0.518280954	0.171620699	1.18589687	0.136007055	0.928817988	0	100	0	0	3
184	31	0	3.80456223	-0.146549732	0.496617592	-0.146549732	1.18589687	0.155023479	0.928817988	0	100	0	0	3
185	31	0	3.8252392	-0.214877221	0.468335544	-0.214877221	1.18589687	0.178373655	0.928817988	0	100	0	0	3
186	31	0	3.84591617	-0.206001443	0.44282726	-0.214877221	1.18589687	0.198466959	0.928817988	0	100	0	0	3
187	31	0	3.86659314	0.242693066	0.434275041	-0.214877221	1.18589687	0.207019178	0.928817988	0	100	0	0	3
188	32	0	3.88727011	0.264182766	0.428038609	-0.214877221	1.18589687	0.213255609	0.928817988	0	100	0	0	3
189	32	0	3.90794707	0.235538938	0.417896427	-0.214877221	1.18589687	0.223397792	0.928817988	0	100	0	0	3
190	32	0	3.92862404	0.27166418	0.394177013	-0.214877221	1.18589687	0.247117206	0.928817988	0	100	0	0	3
191	32	0	3.94930101	0.47375216	0.365691224	-0.214877221	1.02499725	0.275602994	0.928817988	0	100	0	0	3
192	32	0	3.96997798	0.534908259	0.347446747	-0.214877221	1.02499725	0.293847472	0.928817988	0	100	0	0	3
193	32	0	3.99065495	0.70771579	0.334755488	-0.214877221	0.781036545	0.298112431	0.928817988	0	100	0	0	3
194	32	0	4.01133192	0.680162005	0.338632627	-0.214877221	0.781036545	0.268325095	0.928817988	0	100	0	0	3
