Iteration	CPUTime	PhysTime	Travels	Value	AvValue	MinValue	MaxValue	Delta	Criteria	Progress	CriteriaType	CriteriaVarType	CriteriaPercentage
1	1	0	0.0206769686	-473.844573	-473.844573	-473.844573	-473.844573	0	0	0	0	0	0	3
2	1	0	0.0413539373	-145.167898	-309.506236	-473.844573	-145.167898	164.338338	0	0	0	0	0	3
3	1	0	0.0620309059	7.31419082	-203.899427	-473.844573	7.31419082	269.945147	0	0	0	0	0	3
4	1	0	0.0827078746	-86.7248235	-174.605776	-473.844573	7.31419082	299.238797	0	0	0	0	0	3
5	2	0	0.103384843	0.272032678	-139.630214	-473.844573	7.31419082	334.214359	0	0	0	0	0	3
6	2	0	0.124061812	-43.251029	-123.567017	-473.844573	7.31419082	350.277557	0	0	0	0	0	3
7	2	0	0.144738781	-13.6421851	-107.863469	-473.844573	7.31419082	365.981104	0	0	0	0	0	3
8	2	0	0.165415749	-25.2170445	-97.5326663	-473.844573	7.31419082	376.311907	0	0	0	0	0	3
9	2	0	0.186092718	-18.5178047	-88.7532372	-473.844573	7.31419082	385.091336	0	0	0	0	0	3
10	2	0	0.206769686	-18.5920185	-81.7371153	-473.844573	7.31419082	392.107458	0	0	0	0	0	3
11	2	0	0.227446655	-25.7216765	-76.6448027	-473.844573	7.31419082	397.199771	0	0	0	0	0	3
12	3	0	0.248123624	-19.4243878	-71.8764348	-473.844573	7.31419082	401.968139	0	0	0	0	0	3
13	3	0	0.268800592	-29.4959905	-68.6164006	-473.844573	7.31419082	405.228173	0	0	0	0	0	3
14	3	0	0.289477561	-20.8694569	-65.2059046	-473.844573	7.31419082	408.638669	0	0	0	0	0	3
15	3	0	0.31015453	-29.0616918	-62.7962905	-473.844573	7.31419082	411.048283	0	0	0	0	0	3
16	3	0	0.330831498	-20.9595171	-60.1814921	-473.844573	7.31419082	413.663081	0	0	0	0	0	3
17	3	0	0.351508467	-25.5125251	-58.1421411	-473.844573	7.31419082	415.702432	0	0	0	0	0	3
18	3	0	0.372185436	-21.390088	-56.1003604	-473.844573	7.31419082	417.744213	0	0	0	0	0	3
19	4	0	0.392862404	-22.6032941	-54.3373569	-473.844573	7.31419082	419.507217	0	0	0	0	0	3
20	4	0	0.413539373	-22.7139369	-52.7561859	-473.844573	7.31419082	421.088388	0	0	0	0	0	3
21	4	0	0.434216342	-23.1542368	-51.3465693	-473.844573	7.31419082	422.498004	0	0	0	0	0	3
22	4	0	0.45489331	-24.0221195	-50.1045488	-473.844573	7.31419082	423.740025	0	0	0	0	0	3
23	4	0	0.475570279	-23.8892767	-48.9647544	-473.844573	7.31419082	424.879819	0	0	0	0	0	3
24	4	0	0.496247248	-25.2705357	-47.9774953	-473.844573	7.31419082	425.867078	0	0	0	0	0	3
25	4	0	0.516924216	-24.6886687	-47.0459422	-473.844573	7.31419082	426.798631	0	0	0	0	0	3
26	5	0	0.537601185	-26.2359054	-29.1415955	-145.167898	7.31419082	152.482089	0	0	0	0	0	3
27	5	0	0.558278153	-26.4432013	-24.3926076	-86.7248235	7.31419082	94.0390143	0	0	0	0	0	3
28	5	0	0.578955122	-25.501921	-25.7052521	-86.7248235	0.272032678	86.9968562	0	0	0	0	0	3
29	5	0	0.599632091	-27.4271613	-23.3333456	-43.251029	0.272032678	43.5230617	0	0	0	0	0	3
30	5	0	0.620309059	-28.2176854	-24.4729343	-43.251029	-13.6421851	29.6088439	0	0	0	0	0	3
31	5	0	0.640986028	-28.6220078	-23.8877735	-29.4959905	-13.6421851	15.8538054	0	0	0	0	0	3
32	6	0	0.661662997	-29.1554091	-24.5083024	-29.4959905	-18.5178047	10.9781857	0	0	0	0	0	3
33	6	0	0.682339965	-28.885942	-24.6550583	-29.4959905	-18.5178047	10.9781857	0	0	0	0	0	3
34	6	0	0.703016934	-29.1706789	-25.0811733	-29.4959905	-18.5920185	10.903972	0	0	0	0	0	3
35	6	0	0.723693903	-29.723121	-25.5264174	-29.723121	-19.4243878	10.2987332	0	0	0	0	0	3
36	6	0	0.744370871	-29.5346998	-25.6789383	-29.723121	-19.4243878	10.2987332	0	0	0	0	0	3
37	6	0	0.76504784	-30.8501588	-26.1359692	-30.8501588	-20.8694569	9.98070188	0	0	0	0	0	3
38	7	0	0.785724809	-30.5154611	-26.176748	-30.8501588	-20.8694569	9.98070188	0	0	0	0	0	3
39	7	0	0.806401777	-30.4228439	-26.5588835	-30.8501588	-20.9595171	9.89064169	0	0	0	0	0	3
40	7	0	0.827078746	-30.4577902	-26.6147274	-30.8501588	-20.9595171	9.89064169	0	0	0	0	0	3
41	7	0	0.847755715	-29.9176278	-26.9730518	-30.8501588	-21.390088	9.46007086	0	0	0	0	0	3
42	7	0	0.868432683	-30.1811041	-27.159795	-30.8501588	-21.390088	9.46007086	0	0	0	0	0	3
43	7	0	0.889109652	-29.5690296	-27.4869527	-30.8501588	-22.6032941	8.24686472	0	0	0	0	0	3
44	8	0	0.90978662	-31.1607483	-27.8292508	-31.1607483	-22.7139369	8.44681133	0	0	0	0	0	3
45	8	0	0.930463589	-30.624989	-28.1456929	-31.1607483	-23.1542368	8.00651148	0	0	0	0	0	3
46	8	0	0.951140558	-29.9685969	-28.4182673	-31.1607483	-23.8892767	7.27147156	0	0	0	0	0	3
47	8	0	0.971817526	-30.0140786	-28.6579457	-31.1607483	-23.8892767	7.27147156	0	0	0	0	0	3
48	8	0	0.992494495	-30.12392	-28.9073314	-31.1607483	-24.6886687	6.47207961	0	0	0	0	0	3
49	8	0	1.01317146	-30.8219849	-29.1293894	-31.1607483	-24.6886687	6.47207961	3.79165306	0	58.5	0	0	3
50	8	0	1.03384843	-30.8699428	-29.3766404	-31.1607483	-25.501921	5.6588273	3.79165306	0	67	0	0	3
51	9	0	1.0545254	-31.0963293	-29.5710573	-31.1607483	-25.501921	5.6588273	3.79165306	0	67	0	0	3
52	9	0	1.07520237	-31.3027705	-29.7654401	-31.3027705	-25.501921	5.80084948	3.79165306	0	65.3	0	0	3
53	9	0	1.09587934	-30.4368847	-29.9628386	-31.3027705	-27.4271613	3.8756092	3.79165306	0	97.8	0	0	3
54	9	0	1.11655631	-30.4696431	-30.0845379	-31.3027705	-28.2176854	3.0850851	3.79165306	0	100	0	0	3
55	9	0	1.13723328	-29.4582672	-30.1341612	-31.3027705	-28.6220078	2.68076271	3.79165306	0	100	0	0	3
56	10	0	1.15791024	-29.6571465	-30.1755667	-31.3027705	-28.885942	2.41682846	3.79165306	0	100	0	0	3
57	10	0	1.17858721	-28.7281697	-30.1584771	-31.3027705	-28.7281697	2.57460077	3.79165306	0	100	0	0	3
58	10	0	1.19926418	-29.7010159	-30.1910801	-31.3027705	-28.7281697	2.57460077	3.79165306	0	100	0	0	3
59	10	0	1.21994115	-28.1308001	-30.1494849	-31.3027705	-28.1308001	3.1719704	3.79165306	0	100	0	0	3
60	10	0	1.24061812	-29.394665	-30.1363467	-31.3027705	-28.1308001	3.1719704	3.79165306	0	100	0	0	3
61	10	0	1.26129509	-28.2329046	-30.0842749	-31.3027705	-28.1308001	3.1719704	3.79165306	0	100	0	0	3
62	11	0	1.28197206	-29.7085421	-30.0386102	-31.3027705	-28.1308001	3.1719704	3.79165306	0	100	0	0	3
63	11	0	1.30264902	-28.5772849	-29.9610832	-31.3027705	-28.1308001	3.1719704	3.79165306	0	100	0	0	3
64	11	0	1.32332599	-29.1672169	-29.9108581	-31.3027705	-28.1308001	3.1719704	3.79165306	0	100	0	0	3
65	11	0	1.34400296	-28.4259889	-29.829586	-31.3027705	-28.1308001	3.1719704	3.79165306	0	100	0	0	3
66	11	0	1.36467993	-29.5957751	-29.8167119	-31.3027705	-28.1308001	3.03128509	3.79165306	0	100	0	0	3
67	12	0	1.3853569	-29.8199197	-29.8022646	-31.3027705	-28.1308001	2.70412742	3.79165306	0	100	0	0	3
68	12	0	1.40603387	-29.932877	-29.8168185	-31.3027705	-28.1308001	2.36182925	3.79165306	0	100	0	0	3
69	12	0	1.42671084	-29.8345886	-29.7637721	-31.3027705	-28.1308001	2.04538717	3.79165306	0	100	0	0	3
70	12	0	1.44738781	-29.5633606	-29.7213069	-31.3027705	-28.1308001	1.77281277	3.79165306	0	100	0	0	3
71	12	0	1.46806477	-28.828475	-29.6757021	-31.3027705	-28.1308001	1.53313441	3.79165306	0	100	0	0	3
72	12	0	1.48874174	-29.22679	-29.6442105	-31.3027705	-28.1308001	1.28374867	3.79165306	0	100	0	0	3
73	13	0	1.50941871	-28.8942246	-29.5950227	-31.3027705	-28.1308001	1.06169071	3.79165306	0	100	0	0	3
74	13	0	1.53009568	-29.0306842	-29.5233707	-31.3027705	-28.1308001	0.814439741	3.79165306	0	100	0	0	3
75	13	0	1.55077265	-29.1119726	-29.4530519	-31.3027705	-28.1308001	0.738028227	3.79165306	0	100	0	0	3
76	13	0	1.57144962	-28.7831437	-29.3605244	-31.3027705	-28.1308001	0.83055565	3.79165306	0	100	0	0	3
77	13	0	1.59212659	-29.0260716	-29.2694565	-30.4696431	-28.1308001	0.921623606	3.79165306	0	100	0	0	3
78	13	0	1.61280355	-28.656159	-29.1982275	-30.4696431	-28.1308001	0.992852634	3.79165306	0	100	0	0	3
79	14	0	1.63348052	-28.8873776	-29.1349368	-29.932877	-28.1308001	1.05614325	3.79165306	0	100	0	0	3
80	14	0	1.65415749	-28.5067501	-29.0968762	-29.932877	-28.1308001	1.09420394	3.79165306	0	100	0	0	3
81	14	0	1.67483446	-28.6793906	-29.0577659	-29.932877	-28.1308001	1.13331417	3.79165306	0	100	0	0	3
82	14	0	1.69551143	-29.0040247	-29.0688001	-29.932877	-28.1308001	1.13331417	3.79165306	0	100	0	0	3
83	14	0	1.7161884	-29.5186578	-29.0615058	-29.932877	-28.1308001	1.09171902	3.79165306	0	100	0	0	3
84	14	0	1.73686537	-29.6540231	-29.1224347	-29.932877	-28.2329046	1.07858078	3.79165306	0	100	0	0	3
85	14	0	1.75754234	-29.2120383	-29.1151297	-29.932877	-28.2329046	1.02650897	3.79165306	0	100	0	0	3
86	15	0	1.7782193	-29.2594447	-29.1561913	-29.932877	-28.4259889	0.980844307	3.79165306	0	100	0	0	3
87	15	0	1.79889627	-28.8795399	-29.1230312	-29.932877	-28.4259889	0.903317256	3.79165306	0	100	0	0	3
88	15	0	1.81957324	-28.9182315	-29.136669	-29.932877	-28.4259889	0.853092179	3.79165306	0	100	0	0	3
89	15	0	1.84025021	-29.3157282	-29.1426095	-29.932877	-28.4259889	0.771820127	3.79165306	0	100	0	0	3
90	15	0	1.86092718	-29.0321456	-29.1668558	-29.932877	-28.5067501	0.759052541	3.79165306	0	100	0	0	3
91	15	0	1.88160415	-28.6864243	-29.1304817	-29.932877	-28.5067501	0.759052541	3.79165306	0	100	0	0	3
92	16	0	1.90228112	-28.3869732	-29.0731639	-29.932877	-28.3869732	0.759052541	3.79165306	0	100	0	0	3
93	16	0	1.92295808	-28.4952562	-29.015659	-29.8345886	-28.3869732	0.748113047	3.79165306	0	100	0	0	3
94	16	0	1.94363505	-28.3644924	-28.9568552	-29.6540231	-28.3644924	0.764451759	3.79165306	0	100	0	0	3
95	16	0	1.96431202	-28.6985398	-28.9222623	-29.6540231	-28.3644924	0.753439716	3.79165306	0	100	0	0	3
96	16	0	1.98498899	-28.7082863	-28.9174548	-29.6540231	-28.3644924	0.726755725	3.79165306	0	100	0	0	3
97	16	0	2.00566596	-28.6532974	-28.8945151	-29.6540231	-28.3644924	0.700507613	3.79165306	0	100	0	0	3
98	17	0	2.02634293	-28.7233149	-28.8876787	-29.6540231	-28.3644924	0.635691971	3.79165306	0	100	0	0	3
99	17	0	2.0470199	-28.8166175	-28.879116	-29.6540231	-28.3644924	0.57393583	3.79165306	0	100	0	0	3
100	17	0	2.06769686	-28.5288223	-28.85579	-29.6540231	-28.3644924	0.504734421	3.79165306	0	100	0	0	3
101	17	0	2.08837383	-28.2462557	-28.8343145	-29.6540231	-28.2462557	0.435141984	3.79165306	0	100	0	0	3
102	17	0	2.1090508	-28.2790781	-28.8044348	-29.6540231	-28.2462557	0.393792693	3.79165306	0	100	0	0	3
103	18	0	2.12972777	-28.5253373	-28.7992019	-29.6540231	-28.2462557	0.367653853	3.79165306	0	100	0	0	3
104	18	0	2.15040474	-28.3299664	-28.7769054	-29.6540231	-28.2462557	0.389950303	3.79165306	0	100	0	0	3
105	18	0	2.17108171	-28.4266268	-28.7737005	-29.6540231	-28.2462557	0.393155232	3.79165306	0	100	0	0	3
106	18	0	2.19175868	-28.7652212	-28.7771337	-29.6540231	-28.2462557	0.393155232	3.79165306	0	100	0	0	3
107	18	0	2.21243565	-28.9943336	-28.7767461	-29.6540231	-28.2462557	0.393155232	3.79165306	0	100	0	0	3
108	18	0	2.23311261	-29.1956683	-28.7638265	-29.6540231	-28.2462557	0.403029235	3.79165306	0	100	0	0	3
109	18	0	2.25378958	-28.9596803	-28.7360528	-29.3157282	-28.2462557	0.430802948	3.79165306	0	100	0	0	3
110	19	0	2.27446655	-28.9745776	-28.7265544	-29.3157282	-28.2462557	0.440301374	3.79165306	0	100	0	0	3
111	19	0	2.29514352	-28.5441526	-28.6979427	-29.3157282	-28.2462557	0.468913058	3.79165306	0	100	0	0	3
112	19	0	2.31582049	-28.2966571	-28.6746274	-29.3157282	-28.2462557	0.492228369	3.79165306	0	100	0	0	3
113	19	0	2.33649746	-28.484985	-28.6572975	-29.3157282	-28.2462557	0.509558229	3.79165306	0	100	0	0	3
114	19	0	2.35717443	-28.6164062	-28.6293246	-29.1956683	-28.2462557	0.537531112	3.79165306	0	100	0	0	3
115	19	0	2.37785139	-28.664101	-28.6146029	-29.1956683	-28.2462557	0.515878861	3.79165306	0	100	0	0	3
116	20	0	2.39852836	-28.7970785	-28.619029	-29.1956683	-28.2462557	0.458561001	3.79165306	0	100	0	0	3
117	20	0	2.41920533	-29.1227502	-28.6484601	-29.1956683	-28.2462557	0.40105617	3.79165306	0	100	0	0	3
118	20	0	2.4398823	-29.1204124	-28.6734664	-29.1956683	-28.2462557	0.342252323	3.79165306	0	100	0	0	3
119	20	0	2.46055927	-29.3925645	-28.7145892	-29.3925645	-28.2462557	0.307659491	3.79165306	0	100	0	0	3
120	20	0	2.48123624	-28.8888878	-28.7222032	-29.3925645	-28.2462557	0.302851941	3.79165306	0	100	0	0	3
121	20	0	2.50191321	-28.8737232	-28.7288206	-29.3925645	-28.2462557	0.279912234	3.79165306	0	100	0	0	3
122	21	0	2.52259018	-28.6387643	-28.7282393	-29.3925645	-28.2462557	0.273075846	3.79165306	0	100	0	0	3
123	21	0	2.54326714	-28.6484989	-28.7252467	-29.3925645	-28.2462557	0.26451318	3.79165306	0	100	0	0	3
124	21	0	2.56394411	-28.9046474	-28.7287679	-29.3925645	-28.2462557	0.241187166	3.79165306	0	100	0	0	3
125	21	0	2.58462108	-28.8981399	-28.7435406	-29.3925645	-28.2462557	0.219711648	3.79165306	0	100	0	0	3
126	21	0	2.60529805	-29.0037708	-28.7738412	-29.3925645	-28.2790781	0.189831911	3.79165306	0	100	0	0	3
127	21	0	2.62597502	-29.6448321	-28.8284713	-29.6448321	-28.2966571	0.213868478	3.79165306	0	100	0	0	3
128	22	0	2.64665199	-29.6030468	-28.8715797	-29.6448321	-28.2966571	0.256976862	3.79165306	0	100	0	0	3
129	22	0	2.66732896	-29.7794366	-28.9295585	-29.7794366	-28.2966571	0.314955672	3.79165306	0	100	0	0	3
130	22	0	2.68800592	-29.1975485	-28.9603954	-29.7794366	-28.2966571	0.345792539	3.79165306	0	100	0	0	3
131	22	0	2.70868289	-29.1407602	-28.975417	-29.7794366	-28.2966571	0.3608141	3.79165306	0	100	0	0	3
132	22	0	2.72935986	-28.8887694	-28.9711944	-29.7794366	-28.2966571	0.3608141	3.79165306	0	100	0	0	3
133	22	0	2.75003683	-28.6851704	-28.9507745	-29.7794366	-28.2966571	0.3608141	3.79165306	0	100	0	0	3
134	23	0	2.7707138	-28.7152449	-28.9409971	-29.7794366	-28.2966571	0.3608141	3.79165306	0	100	0	0	3
135	23	0	2.79139077	-29.0686565	-28.9447602	-29.7794366	-28.2966571	0.3608141	3.79165306	0	100	0	0	3
136	23	0	2.81206774	-29.4370189	-28.9804749	-29.7794366	-28.2966571	0.365872009	3.79165306	0	100	0	0	3
137	23	0	2.8327447	-29.8527491	-29.0427185	-29.8527491	-28.484985	0.428115689	3.79165306	0	100	0	0	3
138	23	0	2.85342167	-29.6004332	-29.0873365	-29.8527491	-28.6164062	0.472733617	3.79165306	0	100	0	0	3
139	24	0	2.87409864	-29.8065495	-29.1349422	-29.8527491	-28.6387643	0.520339348	3.79165306	0	100	0	0	3
140	24	0	2.89477561	-29.3190143	-29.1611387	-29.8527491	-28.6387643	0.54210971	3.79165306	0	100	0	0	3
141	24	0	2.91545258	-29.3955888	-29.1850792	-29.8527491	-28.6387643	0.536619044	3.79165306	0	100	0	0	3
142	24	0	2.93612955	-29.4668701	-29.1988439	-29.8527491	-28.6387643	0.525377594	3.79165306	0	100	0	0	3
143	24	0	2.95680652	-29.5981487	-29.2179534	-29.8527491	-28.6387643	0.503364161	3.79165306	0	100	0	0	3
144	24	0	2.97748349	-29.8351429	-29.2356565	-29.8527491	-28.6387643	0.513453374	3.79165306	0	100	0	0	3
145	25	0	2.99816045	-30.2921082	-29.2917853	-30.2921082	-28.6387643	0.566538671	3.79165306	0	100	0	0	3
146	25	0	3.01883742	-30.0721056	-29.3397206	-30.2921082	-28.6387643	0.614473969	3.79165306	0	100	0	0	3
147	25	0	3.03951439	-30.0421552	-29.3958563	-30.2921082	-28.6484989	0.670609604	3.79165306	0	100	0	0	3
148	25	0	3.06019136	-29.4060279	-29.4261574	-30.2921082	-28.6851704	0.697389566	3.79165306	0	100	0	0	3
149	25	0	3.08086833	-29.4647736	-29.4485625	-30.2921082	-28.6851704	0.705021911	3.79165306	0	100	0	0	3
150	25	0	3.1015453	-28.8442605	-29.4464073	-30.2921082	-28.6851704	0.674721309	3.79165306	0	100	0	0	3
151	26	0	3.12222227	-29.3457479	-29.4600864	-30.2921082	-28.6851704	0.631615059	3.79165306	0	100	0	0	3
152	26	0	3.14289923	-30.1541371	-29.4804586	-30.2921082	-28.6851704	0.608878877	3.79165306	0	100	0	0	3
153	26	0	3.1635762	-30.8078098	-29.5286491	-30.8078098	-28.6851704	0.599090587	3.79165306	0	100	0	0	3
154	26	0	3.18425317	-31.0027556	-29.5775819	-31.0027556	-28.6851704	0.636584816	3.79165306	0	100	0	0	3
155	26	0	3.20493014	-30.7456338	-29.6395053	-31.0027556	-28.6851704	0.698508228	3.79165306	0	100	0	0	3
156	26	0	3.22560711	-30.5251774	-29.694882	-31.0027556	-28.6851704	0.753884913	3.79165306	0	100	0	0	3
157	27	0	3.24628408	-29.8737806	-29.7342824	-31.0027556	-28.6851704	0.793285361	3.79165306	0	100	0	0	3
158	27	0	3.26696105	-29.8266315	-29.7799409	-31.0027556	-28.7152449	0.838943806	3.79165306	0	100	0	0	3
159	27	0	3.28763801	-30.322907	-29.8442473	-31.0027556	-28.8442605	0.899487133	3.79165306	0	100	0	0	3
160	27	0	3.30831498	-29.8549761	-29.8757001	-31.0027556	-28.8442605	0.895225267	3.79165306	0	100	0	0	3
161	27	0	3.32899195	-30.6299203	-29.9234162	-31.0027556	-28.8442605	0.880697643	3.79165306	0	100	0	0	3
162	27	0	3.34966892	-30.3315776	-29.9425693	-31.0027556	-28.8442605	0.855232859	3.79165306	0	100	0	0	3
163	28	0	3.37034589	-30.5459501	-29.98039	-31.0027556	-28.8442605	0.845447804	3.79165306	0	100	0	0	3
164	28	0	3.39102286	-30.147076	-29.9940111	-31.0027556	-28.8442605	0.832872333	3.79165306	0	100	0	0	3
165	28	0	3.41169983	-30.5984453	-30.0451883	-31.0027556	-28.8442605	0.86010916	3.79165306	0	100	0	0	3
166	28	0	3.4323768	-29.8953137	-30.0651773	-31.0027556	-28.8442605	0.86633336	3.79165306	0	100	0	0	3
167	28	0	3.45305376	-30.1817595	-30.0937729	-31.0027556	-28.8442605	0.875819482	3.79165306	0	100	0	0	3
168	28	0	3.47373073	-31.2765448	-30.1609087	-31.2765448	-28.8442605	0.92525219	3.79165306	0	100	0	0	3
169	29	0	3.4944077	-30.9882922	-30.2070347	-31.2765448	-28.8442605	0.915249345	3.79165306	0	100	0	0	3
170	29	0	3.51508467	-31.2003119	-30.2433628	-31.2765448	-28.8442605	0.903642196	3.79165306	0	100	0	0	3
171	29	0	3.53576164	-30.4906158	-30.2601033	-31.2765448	-28.8442605	0.864246969	3.79165306	0	100	0	0	3
172	29	0	3.55643861	-30.938615	-30.2959616	-31.2765448	-28.8442605	0.869804202	3.79165306	0	100	0	0	3
173	29	0	3.57711558	-30.5619209	-30.3421974	-31.2765448	-28.8442605	0.895790049	3.79165306	0	100	0	0	3
174	29	0	3.59779254	-30.2844642	-30.374985	-31.2765448	-28.8442605	0.92857767	3.79165306	0	100	0	0	3
175	29	0	3.61846951	-29.985783	-30.4206459	-31.2765448	-29.3457479	0.960559488	3.79165306	0	100	0	0	3
176	30	0	3.63914648	-30.4378095	-30.4643283	-31.2765448	-29.8266315	0.983869749	3.79165306	0	100	0	0	3
177	30	0	3.65982345	-30.7625664	-30.4886655	-31.2765448	-29.8266315	0.960016401	3.79165306	0	100	0	0	3
178	30	0	3.68050042	-30.9549202	-30.4945499	-31.2765448	-29.8266315	0.916968057	3.79165306	0	100	0	0	3
179	30	0	3.70117739	-30.7336033	-30.4837838	-31.2765448	-29.8266315	0.855044645	3.79165306	0	100	0	0	3
180	30	0	3.72185436	-30.6598052	-30.4803507	-31.2765448	-29.8266315	0.799667959	3.79165306	0	100	0	0	3
181	30	0	3.74253133	-30.0589697	-30.4617024	-31.2765448	-29.8266315	0.760267512	3.79165306	0	100	0	0	3
182	31	0	3.76320829	-29.9706734	-30.4655781	-31.2765448	-29.8266315	0.714609067	3.79165306	0	100	0	0	3
183	31	0	3.78388526	-29.9148358	-30.4691063	-31.2765448	-29.8549761	0.650302585	3.79165306	0	100	0	0	3
184	31	0	3.80456223	-30.0904135	-30.4598065	-31.2765448	-29.8549761	0.618849799	3.79165306	0	100	0	0	3
185	31	0	3.8252392	-29.8399692	-30.4592063	-31.2765448	-29.8399692	0.571133743	3.79165306	0	100	0	0	3
186	31	0	3.84591617	-30.1866404	-30.4414751	-31.2765448	-29.8399692	0.5519806	3.79165306	0	100	0	0	3
187	31	0	3.86659314	-30.1813593	-30.4354663	-31.2765448	-29.8399692	0.514159923	3.79165306	0	100	0	0	3
188	32	0	3.88727011	-30.825615	-30.4466529	-31.2765448	-29.8399692	0.500538863	3.79165306	0	100	0	0	3
189	32	0	3.90794707	-30.2919038	-30.452446	-31.2765448	-29.8399692	0.449361623	3.79165306	0	100	0	0	3
190	32	0	3.92862404	-29.4339435	-30.405866	-31.2765448	-29.4339435	0.429372627	3.79165306	0	100	0	0	3
191	32	0	3.94930101	-29.6980725	-30.3979763	-31.2765448	-29.4339435	0.400777053	3.79165306	0	100	0	0	3
192	32	0	3.96997798	-29.9068704	-30.3869808	-31.2765448	-29.4339435	0.333641211	3.79165306	0	100	0	0	3
193	32	0	3.99065495	-30.6112682	-30.3603697	-31.2003119	-29.4339435	0.28751524	3.79165306	0	100	0	0	3
194	32	0	4.01133192	-30.8391335	-30.3544033	-31.2003119	-29.4339435	0.251187092	3.79165306	0	100	0	0	3
