Iteration	CPUTime	PhysTime	Travels	Value	AvValue	MinValue	MaxValue	Delta	Criteria	Progress	CriteriaType	CriteriaVarType	CriteriaPercentage
1	1	0	0.0206769686	3400.44733	3400.44733	3400.44733	3400.44733	0	0	0	0	0	0	3
2	1	0	0.0413539373	586.087715	1993.26753	586.087715	3400.44733	1407.17981	0	0	0	0	0	3
3	1	0	0.0620309059	152.504168	1379.67974	152.504168	3400.44733	2020.7676	0	0	0	0	0	3
4	1	0	0.0827078746	44.5283057	1045.89188	44.5283057	3400.44733	2354.55545	0	0	0	0	0	3
5	2	0	0.103384843	81.659424	853.045389	44.5283057	3400.44733	2547.40195	0	0	0	0	0	3
6	2	0	0.124061812	42.3683577	717.932551	42.3683577	3400.44733	2682.51478	0	0	0	0	0	3
7	2	0	0.144738781	58.2551841	623.692927	42.3683577	3400.44733	2776.75441	0	0	0	0	0	3
8	2	0	0.165415749	38.3983419	550.531104	38.3983419	3400.44733	2849.91623	0	0	0	0	0	3
9	2	0	0.186092718	45.1658993	494.379414	38.3983419	3400.44733	2906.06792	0	0	0	0	0	3
10	2	0	0.206769686	33.4217751	448.283651	33.4217751	3400.44733	2952.16368	0	0	0	0	0	3
11	2	0	0.227446655	34.2950479	410.648323	33.4217751	3400.44733	2989.79901	0	0	0	0	0	3
12	3	0	0.248123624	28.0347581	378.763859	28.0347581	3400.44733	3021.68348	0	0	0	0	0	3
13	3	0	0.268800592	28.1886669	351.796537	28.0347581	3400.44733	3048.6508	0	0	0	0	0	3
14	3	0	0.289477561	23.9048648	328.375703	23.9048648	3400.44733	3072.07163	0	0	0	0	0	3
15	3	0	0.31015453	23.4921524	308.050133	23.4921524	3400.44733	3092.3972	0	0	0	0	0	3
16	3	0	0.330831498	20.8204725	290.098279	20.8204725	3400.44733	3110.34906	0	0	0	0	0	3
17	3	0	0.351508467	20.1379731	274.218261	20.1379731	3400.44733	3126.22907	0	0	0	0	0	3
18	3	0	0.372185436	18.6472883	260.019874	18.6472883	3400.44733	3140.42746	0	0	0	0	0	3
19	4	0	0.392862404	17.9846306	247.281177	17.9846306	3400.44733	3153.16616	0	0	0	0	0	3
20	4	0	0.413539373	17.752671	235.804752	17.752671	3400.44733	3164.64258	0	0	0	0	0	3
21	4	0	0.434216342	17.216639	225.395794	17.216639	3400.44733	3175.05154	0	0	0	0	0	3
22	4	0	0.45489331	17.0883494	215.927274	17.0883494	3400.44733	3184.52006	0	0	0	0	0	3
23	4	0	0.475570279	16.8217175	207.27051	16.8217175	3400.44733	3193.17682	0	0	0	0	0	3
24	4	0	0.496247248	16.9201314	199.339245	16.8217175	3400.44733	3201.10809	0	0	0	0	0	3
25	4	0	0.516924216	16.7500793	192.035678	16.7500793	3400.44733	3208.41166	0	0	0	0	0	3
26	5	0	0.537601185	16.3036644	56.6699311	16.3036644	586.087715	569.784051	0	0	0	0	0	3
27	5	0	0.558278153	16.0303176	33.8676352	16.0303176	152.504168	136.47385	0	0	0	0	0	3
28	5	0	0.578955122	15.8685707	28.4022113	15.8685707	81.659424	65.7908533	0	0	0	0	0	3
29	5	0	0.599632091	16.0738721	27.264034	15.8685707	81.659424	65.7908533	0	0	0	0	0	3
30	5	0	0.620309059	16.0570282	24.6399381	15.8685707	58.2551841	42.3866135	0	0	0	0	0	3
31	5	0	0.640986028	16.4017153	23.6012724	15.8685707	58.2551841	42.3866135	0	0	0	0	0	3
32	6	0	0.661662997	16.1790997	21.918229	15.8685707	45.1658993	29.2973286	0	0	0	0	0	3
33	6	0	0.682339965	16.2194303	21.0310726	15.8685707	45.1658993	29.2973286	0	0	0	0	0	3
34	6	0	0.703016934	15.9533223	19.8625695	15.8685707	34.2950479	18.4264772	0	0	0	0	0	3
35	6	0	0.723693903	15.8174554	19.1583967	15.8174554	34.2950479	18.4775925	0	0	0	0	0	3
36	6	0	0.744370871	15.9007197	18.4226236	15.8174554	28.1886669	12.3712116	0	0	0	0	0	3
37	6	0	0.76504784	16.0056352	17.9414587	15.8174554	28.1886669	12.3712116	0	0	0	0	0	3
38	7	0	0.785724809	16.0131233	17.4544369	15.8174554	23.9048648	8.08740936	0	0	0	0	0	3
39	7	0	0.806401777	16.0191183	17.1390071	15.8174554	23.4921524	7.67469697	0	0	0	0	0	3
40	7	0	0.827078746	15.9639373	16.8378785	15.8174554	20.8204725	5.00301712	0	0	0	0	0	3
41	7	0	0.847755715	15.7843584	16.6364339	15.7843584	20.1379731	4.35361466	0	0	0	0	0	3
42	7	0	0.868432683	15.9049974	16.4671149	15.7843584	18.6472883	2.86292986	0	0	0	0	0	3
43	7	0	0.889109652	15.8751052	16.3562276	15.7843584	17.9846306	2.20027222	0	0	0	0	0	3
44	8	0	0.90978662	15.9290061	16.2740026	15.7843584	17.752671	1.96831263	0	0	0	0	0	3
45	8	0	0.930463589	15.847599	16.1977997	15.7843584	17.216639	1.43228057	0	0	0	0	0	3
46	8	0	0.951140558	15.7337911	16.1384858	15.7337911	17.0883494	1.3545583	0	0	0	0	0	3
47	8	0	0.971817526	15.7537985	16.0851037	15.7337911	16.9201314	1.18634032	0	0	0	0	0	3
48	8	0	0.992494495	15.7459543	16.0420732	15.7337911	16.9201314	1.18634032	0	0	0	0	0	3
49	8	0	1.01317146	15.8458313	15.9991012	15.7337911	16.7500793	1.01628822	5.51458158	0	100	0	0	3
50	8	0	1.03384843	15.8434458	15.9628359	15.7337911	16.4017153	0.667924272	5.51458158	0	100	0	0	3
51	9	0	1.0545254	15.9820856	15.9499727	15.7337911	16.4017153	0.667924272	5.51458158	0	100	0	0	3
52	9	0	1.07520237	16.0455729	15.9505829	15.7337911	16.4017153	0.667924272	5.51458158	0	100	0	0	3
53	9	0	1.09587934	15.9985055	15.9557803	15.7337911	16.4017153	0.667924272	5.51458158	0	100	0	0	3
54	9	0	1.11655631	15.8958004	15.9486575	15.7337911	16.4017153	0.667924272	5.51458158	0	100	0	0	3
55	9	0	1.13723328	15.7248026	15.9353684	15.7248026	16.4017153	0.67691272	5.51458158	0	100	0	0	3
56	10	0	1.15791024	15.5886654	15.9028464	15.5886654	16.2194303	0.630764882	5.51458158	0	100	0	0	3
57	10	0	1.17858721	15.5316131	15.876947	15.5316131	16.2194303	0.687817197	5.51458158	0	100	0	0	3
58	10	0	1.19926418	15.5580018	15.8504898	15.5316131	16.0455729	0.513959816	5.51458158	0	100	0	0	3
59	10	0	1.21994115	15.5873375	15.8358504	15.5316131	16.0455729	0.513959816	5.51458158	0	100	0	0	3
60	10	0	1.24061812	15.5942722	15.8269231	15.5316131	16.0455729	0.513959816	5.51458158	0	100	0	0	3
61	10	0	1.26129509	15.6513269	15.8169474	15.5316131	16.0455729	0.513959816	5.51458158	0	100	0	0	3
62	11	0	1.28197206	15.6690106	15.8034824	15.5316131	16.0455729	0.513959816	5.51458158	0	100	0	0	3
63	11	0	1.30264902	15.6626752	15.7894645	15.5316131	16.0455729	0.513959816	5.51458158	0	100	0	0	3
64	11	0	1.32332599	15.6271051	15.773784	15.5316131	16.0455729	0.513959816	5.51458158	0	100	0	0	3
65	11	0	1.34400296	15.6719854	15.7621059	15.5316131	16.0455729	0.513959816	5.51458158	0	100	0	0	3
66	11	0	1.36467993	15.6801312	15.7579368	15.5316131	16.0455729	0.513959816	5.51458158	0	100	0	0	3
67	12	0	1.3853569	15.7663077	15.7523892	15.5316131	16.0455729	0.513959816	5.51458158	0	100	0	0	3
68	12	0	1.40603387	15.7769809	15.7484642	15.5316131	16.0455729	0.513959816	5.51458158	0	100	0	0	3
69	12	0	1.42671084	15.7712681	15.7421547	15.5316131	16.0455729	0.455644963	5.51458158	0	100	0	0	3
70	12	0	1.44738781	15.715994	15.7368905	15.5316131	16.0455729	0.401595247	5.51458158	0	100	0	0	3
71	12	0	1.46806477	15.7069109	15.7358153	15.5316131	16.0455729	0.349288419	5.51458158	0	100	0	0	3
72	12	0	1.48874174	15.6393645	15.731238	15.5316131	16.0455729	0.310835251	5.51458158	0	100	0	0	3
73	13	0	1.50941871	15.6725197	15.7283006	15.5316131	16.0455729	0.27080063	5.51458158	0	100	0	0	3
74	13	0	1.53009568	15.6760299	15.7215085	15.5316131	16.0455729	0.24132735	5.51458158	0	100	0	0	3
75	13	0	1.55077265	15.7120594	15.7162531	15.5316131	16.0455729	0.239527259	5.51458158	0	100	0	0	3
76	13	0	1.57144962	15.6362261	15.7024187	15.5316131	16.0455729	0.253361636	5.51458158	0	100	0	0	3
77	13	0	1.59212659	15.6152811	15.685207	15.5316131	15.9985055	0.270573309	5.51458158	0	100	0	0	3
78	13	0	1.61280355	15.5061951	15.6655146	15.5061951	15.8958004	0.28314286	5.51458158	0	100	0	0	3
79	14	0	1.63348052	15.5046973	15.6498705	15.5046973	15.7769809	0.272283608	5.51458158	0	100	0	0	3
80	14	0	1.65415749	15.5006526	15.6409045	15.5006526	15.7769809	0.261941962	5.51458158	0	100	0	0	3
81	14	0	1.67483446	15.499262	15.6373283	15.499262	15.7769809	0.239618636	5.51458158	0	100	0	0	3
82	14	0	1.69551143	15.5736542	15.63901	15.499262	15.7769809	0.213161498	5.51458158	0	100	0	0	3
83	14	0	1.7161884	15.5922511	15.6403799	15.499262	15.7769809	0.198522107	5.51458158	0	100	0	0	3
84	14	0	1.73686537	15.535439	15.638304	15.499262	15.7769809	0.189594782	5.51458158	0	100	0	0	3
85	14	0	1.75754234	15.5032474	15.634663	15.499262	15.7769809	0.182284393	5.51458158	0	100	0	0	3
86	15	0	1.7782193	15.5420771	15.630293	15.499262	15.7769809	0.173189402	5.51458158	0	100	0	0	3
87	15	0	1.79889627	15.6030944	15.6276564	15.499262	15.7769809	0.161808128	5.51458158	0	100	0	0	3
88	15	0	1.81957324	15.6688683	15.6279041	15.499262	15.7769809	0.146127599	5.51458158	0	100	0	0	3
89	15	0	1.84025021	15.6829452	15.6301377	15.499262	15.7769809	0.134449522	5.51458158	0	100	0	0	3
90	15	0	1.86092718	15.7266031	15.6323224	15.499262	15.7769809	0.130280436	5.51458158	0	100	0	0	3
91	15	0	1.88160415	15.7652933	15.6357289	15.499262	15.7769809	0.124732845	5.51458158	0	100	0	0	3
92	16	0	1.90228112	15.7663746	15.6357316	15.499262	15.7769809	0.120807875	5.51458158	0	100	0	0	3
93	16	0	1.92295808	15.7577387	15.6349619	15.499262	15.7712681	0.114498356	5.51458158	0	100	0	0	3
94	16	0	1.94363505	15.8173102	15.6368036	15.499262	15.8173102	0.109234155	5.51458158	0	100	0	0	3
95	16	0	1.96431202	15.8564187	15.6424206	15.499262	15.8564187	0.10815895	5.51458158	0	100	0	0	3
96	16	0	1.98498899	15.8105186	15.6465649	15.499262	15.8564187	0.103581588	5.51458158	0	100	0	0	3
97	16	0	2.00566596	15.8022356	15.6530797	15.499262	15.8564187	0.100644208	5.51458158	0	100	0	0	3
98	17	0	2.02634293	15.8483376	15.6601124	15.499262	15.8564187	0.0938521499	5.51458158	0	100	0	0	3
99	17	0	2.0470199	15.8978719	15.6689861	15.499262	15.8978719	0.0885966927	5.51458158	0	100	0	0	3
100	17	0	2.06769686	15.8821194	15.6757885	15.499262	15.8978719	0.0747623152	5.51458158	0	100	0	0	3
101	17	0	2.08837383	15.9115105	15.6867999	15.499262	15.9115105	0.0591435007	5.51458158	0	100	0	0	3
102	17	0	2.1090508	15.8566936	15.6964564	15.499262	15.9115105	0.0688000032	5.51458158	0	100	0	0	3
103	18	0	2.12972777	15.7765828	15.7072719	15.499262	15.9115105	0.0796155126	5.51458158	0	100	0	0	3
104	18	0	2.15040474	15.6789856	15.7142434	15.499262	15.9115105	0.0865870439	5.51458158	0	100	0	0	3
105	18	0	2.17108171	15.6604272	15.7206344	15.499262	15.9115105	0.0929780278	5.51458158	0	100	0	0	3
106	18	0	2.19175868	15.661836	15.7271374	15.5032474	15.9115105	0.0994809899	5.51458158	0	100	0	0	3
107	18	0	2.21243565	15.6973257	15.7320842	15.5032474	15.9115105	0.104427851	5.51458158	0	100	0	0	3
108	18	0	2.23311261	15.7620233	15.7388751	15.5032474	15.9115105	0.111218739	5.51458158	0	100	0	0	3
109	18	0	2.25378958	15.7895009	15.7490376	15.5032474	15.9115105	0.121381218	5.51458158	0	100	0	0	3
110	19	0	2.27446655	15.8580495	15.7632297	15.5420771	15.9115105	0.135573299	5.51458158	0	100	0	0	3
111	19	0	2.29514352	15.8148306	15.7741398	15.6030944	15.9115105	0.146483437	5.51458158	0	100	0	0	3
112	19	0	2.31582049	15.7901585	15.7816224	15.6604272	15.9115105	0.153718279	5.51458158	0	100	0	0	3
113	19	0	2.33649746	15.7864312	15.7863249	15.6604272	15.9115105	0.15618719	5.51458158	0	100	0	0	3
114	19	0	2.35717443	15.7682814	15.7897383	15.6604272	15.9115105	0.157415933	5.51458158	0	100	0	0	3
115	19	0	2.37785139	15.7463734	15.7905292	15.6604272	15.9115105	0.155567275	5.51458158	0	100	0	0	3
116	20	0	2.39852836	15.7515552	15.7899796	15.6604272	15.9115105	0.155567275	5.51458158	0	100	0	0	3
117	20	0	2.41920533	15.7750635	15.7903272	15.6604272	15.9115105	0.155567275	5.51458158	0	100	0	0	3
118	20	0	2.4398823	15.8191499	15.7927836	15.6604272	15.9115105	0.155980072	5.51458158	0	100	0	0	3
119	20	0	2.46055927	15.8670671	15.7947739	15.6604272	15.9115105	0.152353359	5.51458158	0	100	0	0	3
120	20	0	2.48123624	15.8589711	15.794876	15.6604272	15.9115105	0.148311148	5.51458158	0	100	0	0	3
121	20	0	2.50191321	15.8329559	15.7957735	15.6604272	15.9115105	0.142693796	5.51458158	0	100	0	0	3
122	21	0	2.52259018	15.7549932	15.7938838	15.6604272	15.9115105	0.13566108	5.51458158	0	100	0	0	3
123	21	0	2.54326714	15.7038837	15.7881056	15.6604272	15.9115105	0.126787402	5.51458158	0	100	0	0	3
124	21	0	2.56394411	15.6678994	15.7789067	15.6604272	15.9115105	0.119985001	5.51458158	0	100	0	0	3
125	21	0	2.58462108	15.6490698	15.7695848	15.6490698	15.9115105	0.108973625	5.51458158	0	100	0	0	3
126	21	0	2.60529805	15.6908038	15.7607565	15.6490698	15.8670671	0.0993171227	5.51458158	0	100	0	0	3
127	21	0	2.62597502	15.7425039	15.7561889	15.6490698	15.8670671	0.0885016134	5.51458158	0	100	0	0	3
128	22	0	2.64665199	15.8397883	15.7587171	15.6490698	15.8670671	0.0815300821	5.51458158	0	100	0	0	3
129	22	0	2.66732896	15.9282332	15.768687	15.6490698	15.9282332	0.0751390982	5.51458158	0	100	0	0	3
130	22	0	2.68800592	15.9501689	15.7802767	15.6490698	15.9501689	0.0686361361	5.51458158	0	100	0	0	3
131	22	0	2.70868289	15.930245	15.791013	15.6490698	15.9501689	0.0636892754	5.51458158	0	100	0	0	3
132	22	0	2.72935986	15.894121	15.7988849	15.6490698	15.9501689	0.0600097477	5.51458158	0	100	0	0	3
133	22	0	2.75003683	15.8311768	15.801651	15.6490698	15.9501689	0.0526134086	5.51458158	0	100	0	0	3
134	23	0	2.7707138	15.7920448	15.8017528	15.6490698	15.9501689	0.0455638565	5.51458158	0	100	0	0	3
135	23	0	2.79139077	15.822418	15.8003275	15.6490698	15.9501689	0.0455638565	5.51458158	0	100	0	0	3
136	23	0	2.81206774	15.8191605	15.8005007	15.6490698	15.9501689	0.0455638565	5.51458158	0	100	0	0	3
137	23	0	2.8327447	15.8451777	15.8027015	15.6490698	15.9501689	0.0465125633	5.51458158	0	100	0	0	3
138	23	0	2.85342167	15.8900986	15.8068482	15.6490698	15.9501689	0.0506592605	5.51458158	0	100	0	0	3
139	24	0	2.87409864	15.9515352	15.8141783	15.6490698	15.9515352	0.0579894114	5.51458158	0	100	0	0	3
140	24	0	2.89477561	15.9083097	15.8206558	15.6490698	15.9515352	0.0644668658	5.51458158	0	100	0	0	3
141	24	0	2.91545258	15.8566769	15.8248606	15.6490698	15.9515352	0.0686717357	5.51458158	0	100	0	0	3
142	24	0	2.93612955	15.8081438	15.8261838	15.6490698	15.9515352	0.0699949485	5.51458158	0	100	0	0	3
143	24	0	2.95680652	15.7685251	15.8241589	15.6490698	15.9515352	0.0699949485	5.51458158	0	100	0	0	3
144	24	0	2.97748349	15.7347843	15.8188675	15.6490698	15.9515352	0.0699949485	5.51458158	0	100	0	0	3
145	25	0	2.99816045	15.7619165	15.8149854	15.6490698	15.9515352	0.0699949485	5.51458158	0	100	0	0	3
146	25	0	3.01883742	15.8097403	15.8140567	15.6490698	15.9515352	0.0699949485	5.51458158	0	100	0	0	3
147	25	0	3.03951439	15.8432912	15.8175886	15.6490698	15.9515352	0.0699949485	5.51458158	0	100	0	0	3
148	25	0	3.06019136	15.8279868	15.8225528	15.6490698	15.9515352	0.0699949485	5.51458158	0	100	0	0	3
149	25	0	3.08086833	15.7300731	15.8250397	15.6490698	15.9515352	0.0699949485	5.51458158	0	100	0	0	3
150	25	0	3.1015453	15.7047456	15.8272668	15.6908038	15.9515352	0.0710778597	5.51458158	0	100	0	0	3
151	26	0	3.12222227	15.7558819	15.8298699	15.7047456	15.9515352	0.0736809849	5.51458158	0	100	0	0	3
152	26	0	3.14289923	15.8107931	15.8326015	15.7047456	15.9515352	0.073884331	5.51458158	0	100	0	0	3
153	26	0	3.1635762	15.8952112	15.8348184	15.7047456	15.9515352	0.0661313415	5.51458158	0	100	0	0	3
154	26	0	3.18425317	15.9570955	15.8359729	15.7047456	15.9570955	0.0556961668	5.51458158	0	100	0	0	3
155	26	0	3.20493014	15.9584784	15.8363052	15.7047456	15.9584784	0.0452921913	5.51458158	0	100	0	0	3
156	26	0	3.22560711	15.9495183	15.8370762	15.7047456	15.9584784	0.0381913155	5.51458158	0	100	0	0	3
157	27	0	3.24628408	15.9228032	15.8382235	15.7047456	15.9584784	0.0378959679	5.51458158	0	100	0	0	3
158	27	0	3.26696105	15.8451525	15.8387825	15.7047456	15.9584784	0.038454996	5.51458158	0	100	0	0	3
159	27	0	3.28763801	15.8710464	15.8419426	15.7047456	15.9584784	0.0416150596	5.51458158	0	100	0	0	3
160	27	0	3.30831498	15.8057661	15.8412765	15.7047456	15.9584784	0.041441861	5.51458158	0	100	0	0	3
161	27	0	3.32899195	15.7847929	15.8399018	15.7047456	15.9584784	0.0392410939	5.51458158	0	100	0	0	3
162	27	0	3.34966892	15.8084457	15.8384325	15.7047456	15.9584784	0.0350943967	5.51458158	0	100	0	0	3
163	28	0	3.37034589	15.8934272	15.8385656	15.7047456	15.9584784	0.0278858265	5.51458158	0	100	0	0	3
164	28	0	3.39102286	15.7660716	15.8311471	15.7047456	15.9584784	0.0278858265	5.51458158	0	100	0	0	3
165	28	0	3.41169983	15.6518025	15.8208868	15.6518025	15.9584784	0.0278858265	5.51458158	0	100	0	0	3
166	28	0	3.4323768	15.6641305	15.813185	15.6518025	15.9584784	0.0287576026	5.51458158	0	100	0	0	3
167	28	0	3.45305376	15.6763254	15.8079122	15.6518025	15.9584784	0.0340303384	5.51458158	0	100	0	0	3
168	28	0	3.47373073	15.6813444	15.804425	15.6518025	15.9584784	0.0375175635	5.51458158	0	100	0	0	3
169	29	0	3.4944077	15.6839815	15.8023929	15.6518025	15.9584784	0.0395496764	5.51458158	0	100	0	0	3
170	29	0	3.51508467	15.6510385	15.7979578	15.6510385	15.9584784	0.0439847978	5.51458158	0	100	0	0	3
171	29	0	3.53576164	15.5882566	15.7890984	15.5882566	15.9584784	0.0528441453	5.51458158	0	100	0	0	3
172	29	0	3.55643861	15.5236238	15.7763117	15.5236238	15.9584784	0.0656308407	5.51458158	0	100	0	0	3
173	29	0	3.57711558	15.5311819	15.7644395	15.5236238	15.9584784	0.0775030377	5.51458158	0	100	0	0	3
174	29	0	3.59779254	15.5443777	15.7570117	15.5236238	15.9584784	0.0849308574	5.51458158	0	100	0	0	3
175	29	0	3.61846951	15.4966058	15.7486861	15.4966058	15.9584784	0.093256449	5.51458158	0	100	0	0	3
176	30	0	3.63914648	15.5240282	15.739412	15.4966058	15.9584784	0.102530596	5.51458158	0	100	0	0	3
177	30	0	3.65982345	15.5223707	15.7278751	15.4966058	15.9584784	0.114067491	5.51458158	0	100	0	0	3
178	30	0	3.68050042	15.5216113	15.7129311	15.4966058	15.9584784	0.129011487	5.51458158	0	100	0	0	3
179	30	0	3.70117739	15.5553494	15.6968612	15.4966058	15.9584784	0.145081332	5.51458158	0	100	0	0	3
180	30	0	3.72185436	15.6385448	15.6840639	15.4966058	15.9495183	0.157878679	5.51458158	0	100	0	0	3
181	30	0	3.74253133	15.6414083	15.6717395	15.4966058	15.9228032	0.17020308	5.51458158	0	100	0	0	3
182	31	0	3.76320829	15.5991863	15.6587948	15.4966058	15.8934272	0.183147756	5.51458158	0	100	0	0	3
183	31	0	3.78388526	15.6421153	15.6506733	15.4966058	15.8934272	0.191269244	5.51458158	0	100	0	0	3
184	31	0	3.80456223	15.614589	15.640415	15.4966058	15.8934272	0.200861464	5.51458158	0	100	0	0	3
185	31	0	3.8252392	15.6842011	15.6355524	15.4966058	15.8934272	0.204349359	5.51458158	0	100	0	0	3
186	31	0	3.84591617	15.7173978	15.6328566	15.4966058	15.8934272	0.20570903	5.51458158	0	100	0	0	3
187	31	0	3.86659314	15.7992157	15.6324874	15.4966058	15.8934272	0.206078232	5.51458158	0	100	0	0	3
188	32	0	3.88727011	15.8066949	15.6290181	15.4966058	15.8066949	0.202128983	5.51458158	0	100	0	0	3
189	32	0	3.90794707	15.8040987	15.6305392	15.4966058	15.8066949	0.191868693	5.51458158	0	100	0	0	3
190	32	0	3.92862404	15.7452716	15.634278	15.4966058	15.8066949	0.184166837	5.51458158	0	100	0	0	3
191	32	0	3.94930101	15.6667482	15.6343827	15.4966058	15.8066949	0.178894102	5.51458158	0	100	0	0	3
192	32	0	3.96997798	15.6227144	15.6322382	15.4966058	15.8066949	0.175406876	5.51458158	0	100	0	0	3
193	32	0	3.99065495	15.6000556	15.6289867	15.4966058	15.8066949	0.173406203	5.51458158	0	100	0	0	3
194	32	0	4.01133192	15.6231566	15.6265537	15.4966058	15.8066949	0.171404076	5.51458158	0	100	0	0	3
