Iteration	CPUTime	PhysTime	Travels	Value	AvValue	MinValue	MaxValue	Delta	Criteria	Progress	CriteriaType	CriteriaVarType	CriteriaPercentage
1	1	0	0.0206769686	101327.279	101327.279	101327.279	101327.279	0	0	0	0	0	0	3
2	1	0	0.0413539373	101325.722	101326.5	101325.722	101327.279	0.778486971	0	0	0	0	0	3
3	1	0	0.0620309059	101325.365	101326.122	101325.365	101327.279	1.15671091	0	0	0	0	0	3
4	1	0	0.0827078746	101325.454	101325.955	101325.365	101327.279	1.32372729	0	0	0	0	0	3
5	2	0	0.103384843	101325.333	101325.831	101325.333	101327.279	1.44802054	0	0	0	0	0	3
6	2	0	0.124061812	101325.403	101325.759	101325.333	101327.279	1.51921756	0	0	0	0	0	3
7	2	0	0.144738781	101325.389	101325.707	101325.333	101327.279	1.5720541	0	0	0	0	0	3
8	2	0	0.165415749	101325.379	101325.666	101325.333	101327.279	1.61300625	0	0	0	0	0	3
9	2	0	0.186092718	101325.402	101325.636	101325.333	101327.279	1.64227883	0	0	0	0	0	3
10	2	0	0.206769686	101325.371	101325.61	101325.333	101327.279	1.66880794	0	0	0	0	0	3
11	2	0	0.227446655	101325.413	101325.592	101325.333	101327.279	1.68673846	0	0	0	0	0	3
12	3	0	0.248123624	101325.382	101325.574	101325.333	101327.279	1.7042263	0	0	0	0	0	3
13	3	0	0.268800592	101325.422	101325.563	101325.333	101327.279	1.71596906	0	0	0	0	0	3
14	3	0	0.289477561	101325.389	101325.55	101325.333	101327.279	1.72835436	0	0	0	0	0	3
15	3	0	0.31015453	101325.412	101325.541	101325.333	101327.279	1.7375873	0	0	0	0	0	3
16	3	0	0.330831498	101325.399	101325.532	101325.333	101327.279	1.74647286	0	0	0	0	0	3
17	3	0	0.351508467	101325.409	101325.525	101325.333	101327.279	1.75372633	0	0	0	0	0	3
18	3	0	0.372185436	101325.404	101325.518	101325.333	101327.279	1.76046079	0	0	0	0	0	3
19	4	0	0.392862404	101325.41	101325.512	101325.333	101327.279	1.76615294	0	0	0	0	0	3
20	4	0	0.413539373	101325.413	101325.507	101325.333	101327.279	1.77112235	0	0	0	0	0	3
21	4	0	0.434216342	101325.414	101325.503	101325.333	101327.279	1.77558865	0	0	0	0	0	3
22	4	0	0.45489331	101325.414	101325.499	101325.333	101327.279	1.77963922	0	0	0	0	0	3
23	4	0	0.475570279	101325.41	101325.495	101325.333	101327.279	1.78349927	0	0	0	0	0	3
24	4	0	0.496247248	101325.411	101325.492	101325.333	101327.279	1.78698794	0	0	0	0	0	3
25	4	0	0.516924216	101325.414	101325.488	101325.333	101327.279	1.79010754	0	0	0	0	0	3
26	5	0	0.537601185	101325.411	101325.414	101325.333	101325.722	0.388219578	0	0	0	0	0	3
27	5	0	0.558278153	101325.409	101325.401	101325.333	101325.454	0.120417067	0	0	0	0	0	3
28	5	0	0.578955122	101325.404	101325.403	101325.333	101325.454	0.120417067	0	0	0	0	0	3
29	5	0	0.599632091	101325.407	101325.401	101325.333	101325.422	0.0883114028	0	0	0	0	0	3
30	5	0	0.620309059	101325.405	101325.404	101325.371	101325.422	0.0506878065	0	0	0	0	0	3
31	5	0	0.640986028	101325.406	101325.404	101325.371	101325.422	0.0506878065	0	0	0	0	0	3
32	6	0	0.661662997	101325.402	101325.404	101325.371	101325.422	0.0506878065	0	0	0	0	0	3
33	6	0	0.682339965	101325.403	101325.405	101325.371	101325.422	0.0506878065	0	0	0	0	0	3
34	6	0	0.703016934	101325.398	101325.405	101325.371	101325.422	0.0506878065	0	0	0	0	0	3
35	6	0	0.723693903	101325.399	101325.406	101325.382	101325.422	0.0397103942	0	0	0	0	0	3
36	6	0	0.744370871	101325.4	101325.406	101325.382	101325.422	0.0397103942	0	0	0	0	0	3
37	6	0	0.76504784	101325.403	101325.407	101325.389	101325.422	0.0324811929	0	0	0	0	0	3
38	7	0	0.785724809	101325.403	101325.406	101325.389	101325.414	0.0246622518	0	0	0	0	0	3
39	7	0	0.806401777	101325.405	101325.407	101325.398	101325.414	0.0158993686	0	0	0	0	0	3
40	7	0	0.827078746	101325.404	101325.406	101325.398	101325.414	0.0158993686	0	0	0	0	0	3
41	7	0	0.847755715	101325.401	101325.406	101325.398	101325.414	0.0158993686	0	0	0	0	0	3
42	7	0	0.868432683	101325.401	101325.406	101325.398	101325.414	0.0158993686	0	0	0	0	0	3
43	7	0	0.889109652	101325.401	101325.406	101325.398	101325.414	0.0158993686	0	0	0	0	0	3
44	8	0	0.90978662	101325.404	101325.406	101325.398	101325.414	0.0158993686	0	0	0	0	0	3
45	8	0	0.930463589	101325.402	101325.405	101325.398	101325.414	0.0158993686	0	0	0	0	0	3
46	8	0	0.951140558	101325.401	101325.405	101325.398	101325.414	0.0158993686	0	0	0	0	0	3
47	8	0	0.971817526	101325.402	101325.404	101325.398	101325.414	0.0156224303	0	0	0	0	0	3
48	8	0	0.992494495	101325.402	101325.404	101325.398	101325.414	0.0156224303	0	0	0	0	0	3
49	8	0	1.01317146	101325.405	101325.404	101325.398	101325.414	0.0156224303	0.00485521612	0	0	0	0	3
50	8	0	1.03384843	101325.405	101325.403	101325.398	101325.411	0.0128387399	0.00485521612	0	0	0	0	3
51	9	0	1.0545254	101325.405	101325.403	101325.398	101325.409	0.00575380547	0.00485521612	0	0	0	0	3
52	9	0	1.07520237	101325.405	101325.403	101325.398	101325.407	0.00575380547	0.00485521612	0	0	0	0	3
53	9	0	1.09587934	101325.404	101325.403	101325.398	101325.407	0.00575380547	0.00485521612	0	0	0	0	3
54	9	0	1.11655631	101325.404	101325.403	101325.398	101325.406	0.00377860921	0.00485521612	0	0	0	0	3
55	9	0	1.13723328	101325.403	101325.403	101325.398	101325.406	0.00387783768	0.00485521612	0	0	0	0	3
56	10	0	1.15791024	101325.402	101325.403	101325.398	101325.405	0.00401593088	0.00485521612	0	0	0	0	3
57	10	0	1.17858721	101325.4	101325.403	101325.398	101325.405	0.0040951845	0.00485521612	0	0	0	0	3
58	10	0	1.19926418	101325.402	101325.403	101325.398	101325.405	0.00411038083	0.00485521612	0	0	0	0	3
59	10	0	1.21994115	101325.401	101325.403	101325.399	101325.405	0.00411038083	0.00485521612	0	0	0	0	3
60	10	0	1.24061812	101325.403	101325.403	101325.4	101325.405	0.00411038083	0.00485521612	0	0	0	0	3
61	10	0	1.26129509	101325.403	101325.403	101325.4	101325.405	0.00411038083	0.00485521612	0	0	0	0	3
62	11	0	1.28197206	101325.405	101325.403	101325.4	101325.405	0.00399238124	0.00485521612	0	0	0	0	3
63	11	0	1.30264902	101325.403	101325.403	101325.4	101325.405	0.00399238124	0.00485521612	0	0	0	0	3
64	11	0	1.32332599	101325.402	101325.403	101325.4	101325.405	0.00378687645	0.00485521612	0	0	0	0	3
65	11	0	1.34400296	101325.403	101325.403	101325.4	101325.405	0.00378687645	0.00485521612	0	0	0	0	3
66	11	0	1.36467993	101325.404	101325.403	101325.4	101325.405	0.00348877198	0.00485521612	0	0	0	0	3
67	12	0	1.3853569	101325.404	101325.403	101325.4	101325.405	0.00336465893	0.00485521612	0	0	0	0	3
68	12	0	1.40603387	101325.403	101325.403	101325.4	101325.405	0.00312011411	0.00485521612	0	0	0	0	3
69	12	0	1.42671084	101325.403	101325.403	101325.4	101325.405	0.00269082609	0.00485521612	0	0	0	0	3
70	12	0	1.44738781	101325.403	101325.403	101325.4	101325.405	0.00220318191	0.00485521612	0	0	0	0	3
71	12	0	1.46806477	101325.402	101325.403	101325.4	101325.405	0.00171536207	0.00485521612	0	0	0	0	3
72	12	0	1.48874174	101325.403	101325.403	101325.4	101325.405	0.00140445479	0.00485521612	0	0	0	0	3
73	13	0	1.50941871	101325.403	101325.403	101325.4	101325.405	0.00114791864	0.00485521612	0	0	0	0	3
74	13	0	1.53009568	101325.404	101325.403	101325.4	101325.405	0.000788957506	0.00485521612	0	0	0	0	3
75	13	0	1.55077265	101325.404	101325.403	101325.4	101325.405	0.000699071548	0.00485521612	0	0	0	0	3
76	13	0	1.57144962	101325.403	101325.403	101325.4	101325.405	0.000699071548	0.00485521612	0	0	0	0	3
77	13	0	1.59212659	101325.403	101325.403	101325.4	101325.405	0.000699071548	0.00485521612	0	0	0	0	3
78	13	0	1.61280355	101325.403	101325.403	101325.4	101325.405	0.000699071548	0.00485521612	0	0	0	0	3
79	14	0	1.63348052	101325.404	101325.403	101325.4	101325.405	0.000699071548	0.00485521612	0	0	0	0	3
80	14	0	1.65415749	101325.403	101325.403	101325.4	101325.405	0.000699071548	0.00485521612	0	0	0	0	3
81	14	0	1.67483446	101325.404	101325.403	101325.4	101325.405	0.000699071548	0.00485521612	0	0	0	0	3
82	14	0	1.69551143	101325.406	101325.403	101325.401	101325.406	0.000699071548	0.00485521612	0	0	0	0	3
83	14	0	1.7161884	101325.405	101325.403	101325.401	101325.406	0.000632566997	0.00485521612	0	0	0	0	3
84	14	0	1.73686537	101325.404	101325.403	101325.402	101325.406	0.000597397462	0.00485521612	0	0	0	0	3
85	14	0	1.75754234	101325.404	101325.403	101325.402	101325.406	0.000608011251	0.00485521612	0	0	0	0	3
86	15	0	1.7782193	101325.404	101325.403	101325.402	101325.406	0.000655214113	0.00485521612	0	0	0	0	3
87	15	0	1.79889627	101325.403	101325.403	101325.402	101325.406	0.000655214113	0.00485521612	0	0	0	0	3
88	15	0	1.81957324	101325.405	101325.404	101325.402	101325.406	0.000714993672	0.00485521612	0	0	0	0	3
89	15	0	1.84025021	101325.405	101325.404	101325.402	101325.406	0.000812051177	0.00485521612	0	0	0	0	3
90	15	0	1.86092718	101325.404	101325.404	101325.402	101325.406	0.000757112197	0.00485521612	0	0	0	0	3
91	15	0	1.88160415	101325.403	101325.404	101325.402	101325.406	0.000737745519	0.00485521612	0	0	0	0	3
92	16	0	1.90228112	101325.403	101325.404	101325.402	101325.406	0.000737745519	0.00485521612	0	0	0	0	3
93	16	0	1.92295808	101325.403	101325.404	101325.402	101325.406	0.000737745519	0.00485521612	0	0	0	0	3
94	16	0	1.94363505	101325.403	101325.404	101325.402	101325.406	0.000737745519	0.00485521612	0	0	0	0	3
95	16	0	1.96431202	101325.405	101325.404	101325.402	101325.406	0.000762542841	0.00485521612	0	0	0	0	3
96	16	0	1.98498899	101325.405	101325.404	101325.403	101325.406	0.000888126408	0.00485521612	0	0	0	0	3
97	16	0	2.00566596	101325.404	101325.404	101325.403	101325.406	0.000950410307	0.00485521612	0	0	0	0	3
98	17	0	2.02634293	101325.406	101325.404	101325.403	101325.406	0.00107472565	0.00485521612	0	0	0	0	3
99	17	0	2.0470199	101325.406	101325.404	101325.403	101325.406	0.00115347269	0.00485521612	0	0	0	0	3
100	17	0	2.06769686	101325.405	101325.404	101325.403	101325.406	0.00120261444	0.00485521612	0	0	0	0	3
101	17	0	2.08837383	101325.406	101325.404	101325.403	101325.406	0.00130609007	0.00485521612	0	0	0	0	3
102	17	0	2.1090508	101325.406	101325.404	101325.403	101325.406	0.00143574196	0.00485521612	0	0	0	0	3
103	18	0	2.12972777	101325.405	101325.404	101325.403	101325.406	0.00151747129	0.00485521612	0	0	0	0	3
104	18	0	2.15040474	101325.404	101325.404	101325.403	101325.406	0.0015122288	0.00485521612	0	0	0	0	3
105	18	0	2.17108171	101325.403	101325.404	101325.403	101325.406	0.00145392003	0.00485521612	0	0	0	0	3
106	18	0	2.19175868	101325.403	101325.404	101325.403	101325.406	0.00124832142	0.00485521612	0	0	0	0	3
107	18	0	2.21243565	101325.404	101325.404	101325.403	101325.406	0.00114848507	0.00485521612	0	0	0	0	3
108	18	0	2.23311261	101325.404	101325.404	101325.403	101325.406	0.00104364989	0.00485521612	0	0	0	0	3
109	18	0	2.25378958	101325.404	101325.404	101325.403	101325.406	0.0010330361	0.00485521612	0	0	0	0	3
110	19	0	2.27446655	101325.403	101325.404	101325.403	101325.406	0.00103121345	0.00485521612	0	0	0	0	3
111	19	0	2.29514352	101325.404	101325.404	101325.403	101325.406	0.00103121345	0.00485521612	0	0	0	0	3
112	19	0	2.31582049	101325.403	101325.404	101325.403	101325.406	0.000926053675	0.00485521612	0	0	0	0	3
113	19	0	2.33649746	101325.404	101325.404	101325.403	101325.406	0.000832454898	0.00485521612	0	0	0	0	3
114	19	0	2.35717443	101325.404	101325.404	101325.403	101325.406	0.000832454898	0.00485521612	0	0	0	0	3
115	19	0	2.37785139	101325.404	101325.404	101325.403	101325.406	0.000832454898	0.00485521612	0	0	0	0	3
116	20	0	2.39852836	101325.403	101325.404	101325.403	101325.406	0.000832454898	0.00485521612	0	0	0	0	3
117	20	0	2.41920533	101325.404	101325.404	101325.403	101325.406	0.000832454898	0.00485521612	0	0	0	0	3
118	20	0	2.4398823	101325.405	101325.404	101325.403	101325.406	0.000828532226	0.00485521612	0	0	0	0	3
119	20	0	2.46055927	101325.406	101325.404	101325.403	101325.406	0.000754928449	0.00485521612	0	0	0	0	3
120	20	0	2.48123624	101325.404	101325.404	101325.403	101325.406	0.000629344882	0.00485521612	0	0	0	0	3
121	20	0	2.50191321	101325.404	101325.404	101325.403	101325.406	0.000567060983	0.00485521612	0	0	0	0	3
122	21	0	2.52259018	101325.402	101325.404	101325.402	101325.406	0.000442745644	0.00485521612	0	0	0	0	3
123	21	0	2.54326714	101325.402	101325.404	101325.402	101325.406	0.000426087077	0.00485521612	0	0	0	0	3
124	21	0	2.56394411	101325.403	101325.404	101325.402	101325.406	0.000544917595	0.00485521612	0	0	0	0	3
125	21	0	2.58462108	101325.403	101325.404	101325.402	101325.406	0.000621497791	0.00485521612	0	0	0	0	3
126	21	0	2.60529805	101325.404	101325.404	101325.402	101325.406	0.000698598436	0.00485521612	0	0	0	0	3
127	21	0	2.62597502	101325.404	101325.404	101325.402	101325.406	0.000783582742	0.00485521612	0	0	0	0	3
128	22	0	2.64665199	101325.405	101325.404	101325.402	101325.406	0.000787770026	0.00485521612	0	0	0	0	3
129	22	0	2.66732896	101325.406	101325.404	101325.402	101325.406	0.000782992152	0.00485521612	0	0	0	0	3
130	22	0	2.68800592	101325.406	101325.404	101325.402	101325.406	0.000760420211	0.00485521612	0	0	0	0	3
131	22	0	2.70868289	101325.406	101325.404	101325.402	101325.406	0.00072542236	0.00485521612	0	0	0	0	3
132	22	0	2.72935986	101325.404	101325.404	101325.402	101325.406	0.00072542236	0.00485521612	0	0	0	0	3
133	22	0	2.75003683	101325.404	101325.404	101325.402	101325.406	0.00072542236	0.00485521612	0	0	0	0	3
134	23	0	2.7707138	101325.404	101325.404	101325.402	101325.406	0.00072542236	0.00485521612	0	0	0	0	3
135	23	0	2.79139077	101325.406	101325.404	101325.402	101325.406	0.00072542236	0.00485521612	0	0	0	0	3
136	23	0	2.81206774	101325.406	101325.404	101325.402	101325.406	0.00072542236	0.00485521612	0	0	0	0	3
137	23	0	2.8327447	101325.406	101325.404	101325.402	101325.406	0.00072542236	0.00485521612	0	0	0	0	3
138	23	0	2.85342167	101325.406	101325.404	101325.402	101325.406	0.000789686412	0.00485521612	0	0	0	0	3
139	24	0	2.87409864	101325.406	101325.405	101325.402	101325.406	0.000881142318	0.00485521612	0	0	0	0	3
140	24	0	2.89477561	101325.403	101325.405	101325.402	101325.406	0.000881142318	0.00485521612	0	0	0	0	3
141	24	0	2.91545258	101325.403	101325.405	101325.402	101325.406	0.000881142318	0.00485521612	0	0	0	0	3
142	24	0	2.93612955	101325.404	101325.404	101325.402	101325.406	0.000881142318	0.00485521612	0	0	0	0	3
143	24	0	2.95680652	101325.404	101325.404	101325.402	101325.406	0.000881142318	0.00485521612	0	0	0	0	3
144	24	0	2.97748349	101325.405	101325.404	101325.402	101325.406	0.000881142318	0.00485521612	0	0	0	0	3
145	25	0	2.99816045	101325.407	101325.405	101325.402	101325.407	0.000881142318	0.00485521612	0	0	0	0	3
146	25	0	3.01883742	101325.406	101325.405	101325.402	101325.407	0.000939397592	0.00485521612	0	0	0	0	3
147	25	0	3.03951439	101325.406	101325.405	101325.402	101325.407	0.00109580706	0.00485521612	0	0	0	0	3
148	25	0	3.06019136	101325.405	101325.405	101325.403	101325.407	0.00120962769	0.00485521612	0	0	0	0	3
149	25	0	3.08086833	101325.405	101325.405	101325.403	101325.407	0.0013014766	0.00485521612	0	0	0	0	3
150	25	0	3.1015453	101325.403	101325.405	101325.403	101325.407	0.0013019242	0.00485521612	0	0	0	0	3
151	26	0	3.12222227	101325.404	101325.405	101325.403	101325.407	0.00130830397	0.00485521612	0	0	0	0	3
152	26	0	3.14289923	101325.407	101325.405	101325.403	101325.407	0.00140841476	0.00485521612	0	0	0	0	3
153	26	0	3.1635762	101325.408	101325.405	101325.403	101325.408	0.00145265418	0.00485521612	0	0	0	0	3
154	26	0	3.18425317	101325.408	101325.405	101325.403	101325.408	0.00140137257	0.00485521612	0	0	0	0	3
155	26	0	3.20493014	101325.405	101325.405	101325.403	101325.408	0.00130177179	0.00485521612	0	0	0	0	3
156	26	0	3.22560711	101325.405	101325.405	101325.403	101325.408	0.0012873041	0.00485521612	0	0	0	0	3
157	27	0	3.24628408	101325.404	101325.405	101325.403	101325.408	0.00125844928	0.00485521612	0	0	0	0	3
158	27	0	3.26696105	101325.404	101325.405	101325.403	101325.408	0.0012487151	0.00485521612	0	0	0	0	3
159	27	0	3.28763801	101325.405	101325.405	101325.403	101325.408	0.00115730912	0.00485521612	0	0	0	0	3
160	27	0	3.30831498	101325.404	101325.405	101325.403	101325.408	0.00106868792	0.00485521612	0	0	0	0	3
161	27	0	3.32899195	101325.405	101325.405	101325.403	101325.408	0.000942670187	0.00485521612	0	0	0	0	3
162	27	0	3.34966892	101325.406	101325.405	101325.403	101325.408	0.000882869557	0.00485521612	0	0	0	0	3
163	28	0	3.37034589	101325.406	101325.405	101325.403	101325.408	0.000882869557	0.00485521612	0	0	0	0	3
164	28	0	3.39102286	101325.405	101325.405	101325.403	101325.408	0.000882869557	0.00485521612	0	0	0	0	3
165	28	0	3.41169983	101325.404	101325.405	101325.403	101325.408	0.000882869557	0.00485521612	0	0	0	0	3
166	28	0	3.4323768	101325.404	101325.405	101325.403	101325.408	0.000882869557	0.00485521612	0	0	0	0	3
167	28	0	3.45305376	101325.404	101325.405	101325.403	101325.408	0.000882869557	0.00485521612	0	0	0	0	3
168	28	0	3.47373073	101325.406	101325.405	101325.403	101325.408	0.000882869557	0.00485521612	0	0	0	0	3
169	29	0	3.4944077	101325.406	101325.405	101325.403	101325.408	0.000806890137	0.00485521612	0	0	0	0	3
170	29	0	3.51508467	101325.405	101325.405	101325.403	101325.408	0.000725049249	0.00485521612	0	0	0	0	3
171	29	0	3.53576164	101325.404	101325.405	101325.403	101325.408	0.000568639778	0.00485521612	0	0	0	0	3
172	29	0	3.55643861	101325.404	101325.405	101325.403	101325.408	0.00045481915	0.00485521612	0	0	0	0	3
173	29	0	3.57711558	101325.405	101325.405	101325.403	101325.408	0.000362970241	0.00485521612	0	0	0	0	3
174	29	0	3.59779254	101325.405	101325.405	101325.403	101325.408	0.000362522638	0.00485521612	0	0	0	0	3
175	29	0	3.61846951	101325.403	101325.405	101325.403	101325.408	0.000356142875	0.00485521612	0	0	0	0	3
176	30	0	3.63914648	101325.404	101325.405	101325.403	101325.408	0.000256032086	0.00485521612	0	0	0	0	3
177	30	0	3.65982345	101325.404	101325.405	101325.403	101325.408	0.000289671152	0.00485521612	0	0	0	0	3
178	30	0	3.68050042	101325.405	101325.405	101325.403	101325.408	0.000442145902	0.00485521612	0	0	0	0	3
179	30	0	3.70117739	101325.404	101325.405	101325.403	101325.406	0.000619267958	0.00485521612	0	0	0	0	3
180	30	0	3.72185436	101325.404	101325.405	101325.403	101325.406	0.000673458038	0.00485521612	0	0	0	0	3
181	30	0	3.74253133	101325.404	101325.405	101325.403	101325.406	0.000712678229	0.00485521612	0	0	0	0	3
182	31	0	3.76320829	101325.403	101325.405	101325.403	101325.406	0.000747307902	0.00485521612	0	0	0	0	3
183	31	0	3.78388526	101325.403	101325.405	101325.403	101325.406	0.000788221456	0.00485521612	0	0	0	0	3
184	31	0	3.80456223	101325.403	101325.404	101325.403	101325.406	0.000871051947	0.00485521612	0	0	0	0	3
185	31	0	3.8252392	101325.403	101325.404	101325.403	101325.406	0.00089834744	0.00485521612	0	0	0	0	3
186	31	0	3.84591617	101325.403	101325.404	101325.403	101325.406	0.000970974172	0.00485521612	0	0	0	0	3
187	31	0	3.86659314	101325.404	101325.404	101325.403	101325.406	0.00103699646	0.00485521612	0	0	0	0	3
188	32	0	3.88727011	101325.406	101325.404	101325.403	101325.406	0.00105858511	0.00485521612	0	0	0	0	3
189	32	0	3.90794707	101325.406	101325.404	101325.403	101325.406	0.00105858511	0.00485521612	0	0	0	0	3
190	32	0	3.92862404	101325.404	101325.404	101325.403	101325.406	0.00105858511	0.00485521612	0	0	0	0	3
191	32	0	3.94930101	101325.404	101325.404	101325.403	101325.406	0.00105858511	0.00485521612	0	0	0	0	3
192	32	0	3.96997798	101325.403	101325.404	101325.403	101325.406	0.00105858511	0.00485521612	0	0	0	0	3
193	32	0	3.99065495	101325.405	101325.404	101325.403	101325.406	0.00106721857	0.00485521612	0	0	0	0	3
194	32	0	4.01133192	101325.405	101325.404	101325.403	101325.406	0.00104938966	0.00485521612	0	0	0	0	3
