Iteration	CPUTime	PhysTime	Travels	Value	AvValue	MinValue	MaxValue	Delta	Criteria	Progress	CriteriaType	CriteriaVarType	CriteriaPercentage
1	1	0	0.0206769686	0	0	0	0	0	0	0	0	0	0	3
2	1	0	0.0413539373	0	0	0	0	0	0	0	0	0	0	3
3	1	0	0.0620309059	0	0	0	0	0	0	0	0	0	0	3
4	1	0	0.0827078746	0	0	0	0	0	0	0	0	0	0	3
5	2	0	0.103384843	0	0	0	0	0	0	0	0	0	0	3
6	2	0	0.124061812	0	0	0	0	0	0	0	0	0	0	3
7	2	0	0.144738781	0	0	0	0	0	0	0	0	0	0	3
8	2	0	0.165415749	0	0	0	0	0	0	0	0	0	0	3
9	2	0	0.186092718	0	0	0	0	0	0	0	0	0	0	3
10	2	0	0.206769686	0	0	0	0	0	0	0	0	0	0	3
11	2	0	0.227446655	0	0	0	0	0	0	0	0	0	0	3
12	3	0	0.248123624	0	0	0	0	0	0	0	0	0	0	3
13	3	0	0.268800592	0	0	0	0	0	0	0	0	0	0	3
14	3	0	0.289477561	0	0	0	0	0	0	0	0	0	0	3
15	3	0	0.31015453	0	0	0	0	0	0	0	0	0	0	3
16	3	0	0.330831498	0	0	0	0	0	0	0	0	0	0	3
17	3	0	0.351508467	0	0	0	0	0	0	0	0	0	0	3
18	3	0	0.372185436	0	0	0	0	0	0	0	0	0	0	3
19	4	0	0.392862404	0	0	0	0	0	0	0	0	0	0	3
20	4	0	0.413539373	0	0	0	0	0	0	0	0	0	0	3
21	4	0	0.434216342	0	0	0	0	0	0	0	0	0	0	3
22	4	0	0.45489331	0	0	0	0	0	0	0	0	0	0	3
23	4	0	0.475570279	0	0	0	0	0	0	0	0	0	0	3
24	4	0	0.496247248	0	0	0	0	0	0	0	0	0	0	3
25	4	0	0.516924216	0	0	0	0	0	0	0	0	0	0	3
26	5	0	0.537601185	0	0	0	0	0	0	0	0	0	0	3
27	5	0	0.558278153	0	0	0	0	0	0	0	0	0	0	3
28	5	0	0.578955122	0	0	0	0	0	0	0	0	0	0	3
29	5	0	0.599632091	0	0	0	0	0	0	0	0	0	0	3
30	5	0	0.620309059	0	0	0	0	0	0	0	0	0	0	3
31	5	0	0.640986028	0	0	0	0	0	0	0	0	0	0	3
32	6	0	0.661662997	0	0	0	0	0	0	0	0	0	0	3
33	6	0	0.682339965	0	0	0	0	0	0	0	0	0	0	3
34	6	0	0.703016934	0	0	0	0	0	0	0	0	0	0	3
35	6	0	0.723693903	0	0	0	0	0	0	0	0	0	0	3
36	6	0	0.744370871	0	0	0	0	0	0	0	0	0	0	3
37	6	0	0.76504784	0	0	0	0	0	0	0	0	0	0	3
38	7	0	0.785724809	0	0	0	0	0	0	0	0	0	0	3
39	7	0	0.806401777	0	0	0	0	0	0	0	0	0	0	3
40	7	0	0.827078746	0	0	0	0	0	0	0	0	0	0	3
41	7	0	0.847755715	0	0	0	0	0	0	0	0	0	0	3
42	7	0	0.868432683	0	0	0	0	0	0	0	0	0	0	3
43	7	0	0.889109652	0	0	0	0	0	0	0	0	0	0	3
44	8	0	0.90978662	0	0	0	0	0	0	0	0	0	0	3
45	8	0	0.930463589	0	0	0	0	0	0	0	0	0	0	3
46	8	0	0.951140558	0	0	0	0	0	0	0	0	0	0	3
47	8	0	0.971817526	0	0	0	0	0	0	0	0	0	0	3
48	8	0	0.992494495	0	0	0	0	0	0	0	0	0	0	3
49	8	0	1.01317146	0	0	0	0	0	5e-06	0	0	0	0	3
50	8	0	1.03384843	0	0	0	0	0	5e-06	0	0	0	0	3
51	9	0	1.0545254	0	0	0	0	0	5e-06	0	0	0	0	3
52	9	0	1.07520237	0	0	0	0	0	5e-06	0	0	0	0	3
53	9	0	1.09587934	0	0	0	0	0	5e-06	0	0	0	0	3
54	9	0	1.11655631	0	0	0	0	0	5e-06	0	0	0	0	3
55	9	0	1.13723328	0	0	0	0	0	5e-06	0	0	0	0	3
56	10	0	1.15791024	0	0	0	0	0	5e-06	0	0	0	0	3
57	10	0	1.17858721	0	0	0	0	0	5e-06	0	0	0	0	3
58	10	0	1.19926418	0	0	0	0	0	5e-06	0	0	0	0	3
59	10	0	1.21994115	0	0	0	0	0	5e-06	0	0	0	0	3
60	10	0	1.24061812	0	0	0	0	0	5e-06	0	0	0	0	3
61	10	0	1.26129509	0	0	0	0	0	5e-06	0	0	0	0	3
62	11	0	1.28197206	0	0	0	0	0	5e-06	0	0	0	0	3
63	11	0	1.30264902	0	0	0	0	0	5e-06	0	0	0	0	3
64	11	0	1.32332599	0	0	0	0	0	5e-06	0	0	0	0	3
65	11	0	1.34400296	0	0	0	0	0	5e-06	0	0	0	0	3
66	11	0	1.36467993	0	0	0	0	0	5e-06	0	0	0	0	3
67	12	0	1.3853569	0	0	0	0	0	5e-06	0	0	0	0	3
68	12	0	1.40603387	0	0	0	0	0	5e-06	0	0	0	0	3
69	12	0	1.42671084	0	0	0	0	0	5e-06	0	0	0	0	3
70	12	0	1.44738781	0	0	0	0	0	5e-06	0	0	0	0	3
71	12	0	1.46806477	0	0	0	0	0	5e-06	0	0	0	0	3
72	12	0	1.48874174	0	0	0	0	0	5e-06	0	0	0	0	3
73	13	0	1.50941871	0	0	0	0	0	5e-06	0	0	0	0	3
74	13	0	1.53009568	0	0	0	0	0	5e-06	0	0	0	0	3
75	13	0	1.55077265	0	0	0	0	0	5e-06	0	0	0	0	3
76	13	0	1.57144962	0	0	0	0	0	5e-06	0	0	0	0	3
77	13	0	1.59212659	0	0	0	0	0	5e-06	0	0	0	0	3
78	13	0	1.61280355	0	0	0	0	0	5e-06	0	0	0	0	3
79	14	0	1.63348052	0	0	0	0	0	5e-06	0	0	0	0	3
80	14	0	1.65415749	0	0	0	0	0	5e-06	0	0	0	0	3
81	14	0	1.67483446	0	0	0	0	0	5e-06	0	0	0	0	3
82	14	0	1.69551143	0	0	0	0	0	5e-06	0	0	0	0	3
83	14	0	1.7161884	0	0	0	0	0	5e-06	0	0	0	0	3
84	14	0	1.73686537	0	0	0	0	0	5e-06	0	0	0	0	3
85	14	0	1.75754234	0	0	0	0	0	5e-06	0	0	0	0	3
86	15	0	1.7782193	0	0	0	0	0	5e-06	0	0	0	0	3
87	15	0	1.79889627	0	0	0	0	0	5e-06	0	0	0	0	3
88	15	0	1.81957324	0	0	0	0	0	5e-06	0	0	0	0	3
89	15	0	1.84025021	0	0	0	0	0	5e-06	0	0	0	0	3
90	15	0	1.86092718	0	0	0	0	0	5e-06	0	0	0	0	3
91	15	0	1.88160415	0	0	0	0	0	5e-06	0	0	0	0	3
92	16	0	1.90228112	0	0	0	0	0	5e-06	0	0	0	0	3
93	16	0	1.92295808	0	0	0	0	0	5e-06	0	0	0	0	3
94	16	0	1.94363505	0	0	0	0	0	5e-06	0	0	0	0	3
95	16	0	1.96431202	0	0	0	0	0	5e-06	0	0	0	0	3
96	16	0	1.98498899	0	0	0	0	0	5e-06	0	0	0	0	3
97	16	0	2.00566596	0	0	0	0	0	5e-06	0	0	0	0	3
98	17	0	2.02634293	0	0	0	0	0	5e-06	0	0	0	0	3
99	17	0	2.0470199	0	0	0	0	0	5e-06	0	0	0	0	3
100	17	0	2.06769686	0	0	0	0	0	5e-06	0	0	0	0	3
101	17	0	2.08837383	0	0	0	0	0	5e-06	0	0	0	0	3
102	17	0	2.1090508	0	0	0	0	0	5e-06	0	0	0	0	3
103	18	0	2.12972777	0	0	0	0	0	5e-06	0	0	0	0	3
104	18	0	2.15040474	0	0	0	0	0	5e-06	0	0	0	0	3
105	18	0	2.17108171	0	0	0	0	0	5e-06	0	0	0	0	3
106	18	0	2.19175868	0	0	0	0	0	5e-06	0	0	0	0	3
107	18	0	2.21243565	0	0	0	0	0	5e-06	0	0	0	0	3
108	18	0	2.23311261	0	0	0	0	0	5e-06	0	0	0	0	3
109	18	0	2.25378958	0	0	0	0	0	5e-06	0	0	0	0	3
110	19	0	2.27446655	0	0	0	0	0	5e-06	0	0	0	0	3
111	19	0	2.29514352	0	0	0	0	0	5e-06	0	0	0	0	3
112	19	0	2.31582049	0	0	0	0	0	5e-06	0	0	0	0	3
113	19	0	2.33649746	0	0	0	0	0	5e-06	0	0	0	0	3
114	19	0	2.35717443	0	0	0	0	0	5e-06	0	0	0	0	3
115	19	0	2.37785139	0	0	0	0	0	5e-06	0	0	0	0	3
116	20	0	2.39852836	0	0	0	0	0	5e-06	0	0	0	0	3
117	20	0	2.41920533	0	0	0	0	0	5e-06	0	0	0	0	3
118	20	0	2.4398823	0	0	0	0	0	5e-06	0	0	0	0	3
119	20	0	2.46055927	0	0	0	0	0	5e-06	0	0	0	0	3
120	20	0	2.48123624	0	0	0	0	0	5e-06	0	0	0	0	3
121	20	0	2.50191321	0	0	0	0	0	5e-06	0	0	0	0	3
122	21	0	2.52259018	0	0	0	0	0	5e-06	0	0	0	0	3
123	21	0	2.54326714	0	0	0	0	0	5e-06	0	0	0	0	3
124	21	0	2.56394411	0	0	0	0	0	5e-06	0	0	0	0	3
125	21	0	2.58462108	0	0	0	0	0	5e-06	0	0	0	0	3
126	21	0	2.60529805	0	0	0	0	0	5e-06	0	0	0	0	3
127	21	0	2.62597502	0	0	0	0	0	5e-06	0	0	0	0	3
128	22	0	2.64665199	0	0	0	0	0	5e-06	0	0	0	0	3
129	22	0	2.66732896	0	0	0	0	0	5e-06	0	0	0	0	3
130	22	0	2.68800592	0	0	0	0	0	5e-06	0	0	0	0	3
131	22	0	2.70868289	0	0	0	0	0	5e-06	0	0	0	0	3
132	22	0	2.72935986	0	0	0	0	0	5e-06	0	0	0	0	3
133	22	0	2.75003683	0	0	0	0	0	5e-06	0	0	0	0	3
134	23	0	2.7707138	0	0	0	0	0	5e-06	0	0	0	0	3
135	23	0	2.79139077	0	0	0	0	0	5e-06	0	0	0	0	3
136	23	0	2.81206774	0	0	0	0	0	5e-06	0	0	0	0	3
137	23	0	2.8327447	0	0	0	0	0	5e-06	0	0	0	0	3
138	23	0	2.85342167	0	0	0	0	0	5e-06	0	0	0	0	3
139	24	0	2.87409864	0	0	0	0	0	5e-06	0	0	0	0	3
140	24	0	2.89477561	0	0	0	0	0	5e-06	0	0	0	0	3
141	24	0	2.91545258	0	0	0	0	0	5e-06	0	0	0	0	3
142	24	0	2.93612955	0	0	0	0	0	5e-06	0	0	0	0	3
143	24	0	2.95680652	0	0	0	0	0	5e-06	0	0	0	0	3
144	24	0	2.97748349	0	0	0	0	0	5e-06	0	0	0	0	3
145	25	0	2.99816045	0	0	0	0	0	5e-06	0	0	0	0	3
146	25	0	3.01883742	0	0	0	0	0	5e-06	0	0	0	0	3
147	25	0	3.03951439	0	0	0	0	0	5e-06	0	0	0	0	3
148	25	0	3.06019136	0	0	0	0	0	5e-06	0	0	0	0	3
149	25	0	3.08086833	0	0	0	0	0	5e-06	0	0	0	0	3
150	25	0	3.1015453	0	0	0	0	0	5e-06	0	0	0	0	3
151	26	0	3.12222227	0	0	0	0	0	5e-06	0	0	0	0	3
152	26	0	3.14289923	0	0	0	0	0	5e-06	0	0	0	0	3
153	26	0	3.1635762	0	0	0	0	0	5e-06	0	0	0	0	3
154	26	0	3.18425317	0	0	0	0	0	5e-06	0	0	0	0	3
155	26	0	3.20493014	0	0	0	0	0	5e-06	0	0	0	0	3
156	26	0	3.22560711	0	0	0	0	0	5e-06	0	0	0	0	3
157	27	0	3.24628408	0	0	0	0	0	5e-06	0	0	0	0	3
158	27	0	3.26696105	0	0	0	0	0	5e-06	0	0	0	0	3
159	27	0	3.28763801	0	0	0	0	0	5e-06	0	0	0	0	3
160	27	0	3.30831498	0	0	0	0	0	5e-06	0	0	0	0	3
161	27	0	3.32899195	0	0	0	0	0	5e-06	0	0	0	0	3
162	27	0	3.34966892	0	0	0	0	0	5e-06	0	0	0	0	3
163	28	0	3.37034589	0	0	0	0	0	5e-06	0	0	0	0	3
164	28	0	3.39102286	0	0	0	0	0	5e-06	0	0	0	0	3
165	28	0	3.41169983	0	0	0	0	0	5e-06	0	0	0	0	3
166	28	0	3.4323768	0	0	0	0	0	5e-06	0	0	0	0	3
167	28	0	3.45305376	0	0	0	0	0	5e-06	0	0	0	0	3
168	28	0	3.47373073	0	0	0	0	0	5e-06	0	0	0	0	3
169	29	0	3.4944077	0	0	0	0	0	5e-06	0	0	0	0	3
170	29	0	3.51508467	0	0	0	0	0	5e-06	0	0	0	0	3
171	29	0	3.53576164	0	0	0	0	0	5e-06	0	0	0	0	3
172	29	0	3.55643861	0	0	0	0	0	5e-06	0	0	0	0	3
173	29	0	3.57711558	0	0	0	0	0	5e-06	0	0	0	0	3
174	29	0	3.59779254	0	0	0	0	0	5e-06	0	0	0	0	3
175	29	0	3.61846951	0	0	0	0	0	5e-06	0	0	0	0	3
176	30	0	3.63914648	0	0	0	0	0	5e-06	0	0	0	0	3
177	30	0	3.65982345	0	0	0	0	0	5e-06	0	0	0	0	3
178	30	0	3.68050042	0	0	0	0	0	5e-06	0	0	0	0	3
179	30	0	3.70117739	0	0	0	0	0	5e-06	0	0	0	0	3
180	30	0	3.72185436	0	0	0	0	0	5e-06	0	0	0	0	3
181	30	0	3.74253133	0	0	0	0	0	5e-06	0	0	0	0	3
182	31	0	3.76320829	0	0	0	0	0	5e-06	0	0	0	0	3
183	31	0	3.78388526	0	0	0	0	0	5e-06	0	0	0	0	3
184	31	0	3.80456223	0	0	0	0	0	5e-06	0	0	0	0	3
185	31	0	3.8252392	0	0	0	0	0	5e-06	0	0	0	0	3
186	31	0	3.84591617	0	0	0	0	0	5e-06	0	0	0	0	3
187	31	0	3.86659314	0	0	0	0	0	5e-06	0	0	0	0	3
188	32	0	3.88727011	0	0	0	0	0	5e-06	0	0	0	0	3
189	32	0	3.90794707	0	0	0	0	0	5e-06	0	0	0	0	3
190	32	0	3.92862404	0	0	0	0	0	5e-06	0	0	0	0	3
191	32	0	3.94930101	0	0	0	0	0	5e-06	0	0	0	0	3
192	32	0	3.96997798	0	0	0	0	0	5e-06	0	0	0	0	3
193	32	0	3.99065495	0	0	0	0	0	5e-06	0	0	0	0	3
194	32	0	4.01133192	0	0	0	0	0	5e-06	0	0	0	0	3
